13.928864,0.5552065,0.68832445,-0.059374657,0.43155044,-195.11836,838.39514,2510.5745
13.8292675,0.60393435,0.62861514,-0.06159621,0.43190378,-196.45508,840.2053,2511.5127
14.446904,0.59932154,0.69456774,-0.045768205,0.43115598,-196.68915,839.01294,2510.438
15.031158,0.57576203,0.6865692,-0.09149845,0.43219635,-196.74097,838.31946,2513.633
15.447721,0.59815985,0.5511338,-0.05915352,0.43229064,-197.35765,838.3308,2516.456
15.319835,1.279978,-0.8990738,0.32400948,0.40895677,-197.20027,840.20844,2518.1948
15.508062,1.1232358,-0.3416677,0.36683843,0.4181119,-196.95479,840.3367,2523.1426
15.235319,1.0137655,0.80641025,0.19830586,0.42362046,-196.89856,839.1302,2521.15
15.304886,0.5990614,1.1305285,0.0687436,0.4241624,-195.07278,837.41113,2521.2458
15.697726,1.4128981,0.10597616,-0.011154246,0.42716095,-193.07474,838.0233,2520.9392
15.522576,1.2163937,0.47038373,0.05492385,0.4274796,-191.84833,837.7766,2520.255
15.379589,0.87645954,0.3982336,0.05146967,0.429615,-191.52443,837.9658,2519.6794
14.779211,0.73979443,0.54036087,0.069147065,0.42924824,-191.6947,838.0856,2519.7937
14.629988,0.7762076,0.92134494,0.038158014,0.42709965,-193.28189,837.2533,2520.5068
15.117284,0.61105627,0.831651,-0.0038117587,0.4291633,-194.63203,837.6451,2522.7637
15.5583515,1.0289254,-0.038183507,0.049751334,0.42847264,-194.62439,839.2754,2522.0354
15.710584,0.77327037,0.23548128,0.039128516,0.43055633,-194.89017,839.9979,2522.0945
15.165947,0.5392975,0.5157324,-0.0535924,0.43245986,-198.04515,845.11414,2515.7178
15.095675,0.70372576,0.40340805,-0.09701682,0.43336883,-195.21548,843.43054,2514.6047
15.342636,0.7403287,0.455825,-0.06362223,0.432408,-193.61153,842.9778,2513.5713
14.898407,0.71246725,0.45441332,-0.0727687,0.43268833,-192.49153,842.5962,2510.2651
15.221804,0.6754316,0.5476905,-0.07959208,0.43255112,-193.48291,843.43164,2508.9072
15.401966,0.69112605,0.49544117,-0.060730807,0.4323498,-193.68752,843.57635,2508.4473
15.170675,0.6868847,0.54802465,-0.06332612,0.43218514,-194.5277,844.262,2508.8965
