13.986632,0.30777875,1.7016006,-2.59594,0.39192516,29.613914,237.65685,2412.901
13.988371,0.46675366,1.6415122,-2.6630652,0.3973478,7.5842857,268.93335,2421.8225
14.532424,0.8022397,1.7160003,-2.5133843,0.39584485,13.65892,297.05997,2431.046
14.765293,1.0215499,1.7697071,-2.2574198,0.38644925,14.084801,291.09592,2430.9326
15.018263,1.1208249,1.7876645,-1.9277741,0.37068206,19.32729,270.34445,2422.0747
14.860024,1.1805472,1.7212569,-1.502692,0.34923896,22.61208,286.1097,2411.8079
14.851327,1.1147723,1.6727895,-1.276355,0.33398774,20.881615,288.7289,2410.3113
14.384657,0.992973,1.4405465,-0.85690254,0.3042369,24.974174,309.63098,2402.1472
13.864242,0.87934446,0.8359798,-0.34761357,0.2906381,-52.92361,245.15802,2437.2231
14.202298,0.6690055,0.6397424,-0.22645682,0.27809754,-28.537767,265.9077,2456.7893
14.462998,0.5168481,0.51561475,-0.1750575,0.2677826,-12.966124,303.66318,2449.4507
14.743817,0.8418991,0.9786696,-0.37262353,0.27808228,2.5884094,430.12546,2454.8777
14.95934,0.5483591,0.769508,0.023414932,0.3265141,17.469955,406.68817,2406.2407
15.000938,0.5769281,0.76186883,0.061864156,0.28789344,11.686043,389.68362,2411.7534
14.57567,0.62015283,0.7567225,0.050785534,0.20050511,41.7678,234.34769,2382.0713
14.292781,0.60395795,0.744964,0.093430094,0.26745898,9.259228,278.87878,2408.1348
14.219034,0.5992891,0.74552006,0.030953687,0.28999007,7.6866455,284.86115,2426.0508
14.373754,0.81237566,1.0627753,-0.08799328,0.2540185,12.531971,338.1936,2445.8796
14.691722,0.9895788,1.1930851,-0.15291035,0.2735324,-8.913214,316.14648,2476.898
14.499176,1.1217084,1.3422456,-0.2789609,0.287987,-3.4784737,319.24915,2455.1465
14.409147,1.0449045,1.1959286,-0.5378681,0.29674554,-4.9489937,300.68512,2450.926
14.913748,1.096034,1.4192218,-0.8063876,0.3091234,6.8320885,314.51926,2419.7368
15.356525,1.2265825,1.6473787,-1.2455344,0.3378983,9.422905,316.51178,2422.4382
15.754549,1.2181053,1.7666076,-1.615011,0.35728735,13.351131,326.38684,2431.9214
16.045439,0.009705338,0.9005556,-3.2180815,0.41890544,12.540661,309.7229,2416.289
16.261541,1.1021222,1.7735777,-2.266455,0.38974598,14.253708,308.91498,2418.3843
16.352663,1.1066478,1.7576187,-2.1704068,0.38345376,20.955303,268.8093,2398.1982
16.033037,0.92222744,1.6636488,-2.5898428,0.40288547,12.250935,312.63605,2438.0293
15.481867,0.73019516,1.6596175,-2.6634693,0.40352964,11.169205,307.9262,2420.772
15.173823,0.66669124,1.710261,-2.584049,0.39774096,10.994652,306.69244,2420.2644
