14.598634,0.27255425,-0.5663474,-0.06698415,0.43174234,-81.70163,-268.36743,2440.7898
14.239724,0.26816103,-0.559338,-0.085975476,0.43220428,-81.29286,-268.32214,2438.31
14.004047,0.3131282,-0.63284403,-0.07052378,0.4311044,-81.30816,-264.09506,2448.7158
13.526404,0.30875987,-0.7000424,-0.08136492,0.43071473,-80.976364,-273.51114,2445.2131
13.483529,0.3399607,-0.60555834,-0.07934689,0.43142083,-84.313385,-276.0819,2446.3523
13.929611,0.36443782,-0.5691291,-0.08321161,0.43170974,-82.15571,-274.63773,2446.641
13.56125,0.4185381,-0.47693565,-0.094779044,0.43243867,-84.51532,-272.30743,2450.5305
13.500319,0.41202107,-0.49246472,-0.077174656,0.43199047,-83.3824,-271.8912,2448.6194
13.846281,0.4566233,-0.54028004,-0.06192619,0.4311064,-82.573074,-265.09015,2454.3333
14.572731,0.37771416,-0.4829129,-0.086246006,0.43238264,-81.61261,-267.62158,2448.6252
15.167149,0.356692,-0.510424,-0.10453688,0.43263668,-79.709564,-267.6739,2447.724
15.429203,0.3265964,-0.5680267,-0.08231573,0.43184936,-82.188995,-268.09055,2446.4075
15.027356,0.29551274,-0.47928685,-0.07887658,0.43254995,-84.77116,-268.14417,2439.922
15.570668,0.39254674,-0.5750525,-0.09423424,0.43177038,-82.401436,-269.4939,2449.0889
15.999853,0.37340412,-0.5828706,-0.08746012,0.43164557,-83.47579,-274.04495,2448.8875
16.27324,0.40692818,-0.5569078,-0.09310209,0.4318366,-79.77932,-273.5036,2450.4133
16.599981,0.3677411,-0.5526729,-0.08967336,0.43196353,-81.815445,-267.9241,2453.3484
15.979385,0.35868058,-0.5651877,-0.084074065,0.43178317,-81.87723,-269.74652,2450.238
16.322405,0.38816494,-0.55913424,-0.06263741,0.43126714,-85.86336,-274.01953,2448.545
16.541834,0.37713948,-0.53439283,-0.058064967,0.43141645,-83.454445,-271.26782,2452.146
16.284098,0.37868762,-0.53263855,-0.06674702,0.43160453,-81.51085,-273.82507,2450.0957
15.30856,0.3717838,-0.52367884,-0.095752805,0.43229935,-80.93831,-270.28192,2452.5752
15.159773,0.3651412,-0.5229041,-0.08933767,0.43219978,-83.46917,-271.07336,2449.5356
14.879036,0.36392802,-0.51632863,-0.09383337,0.4323464,-79.739685,-276.02838,2447.0974
