13.571858,0.7989997,0.7038161,0.3904856,0.42044604,202.84222,-227.68745,2714.2004
13.876568,0.80446583,0.52007616,0.35351357,0.42244002,203.92232,-228.65929,2716.561
13.856034,0.8189313,0.49487606,0.33395132,0.4229786,198.60985,-222.88551,2710.7908
14.131897,0.845489,0.35885155,0.3004833,0.4240988,201.30449,-223.29564,2720.5422
14.274074,0.79604644,0.19830006,0.27310008,0.42515153,202.10512,-222.97523,2711.8975
13.801465,0.8003953,0.12001227,0.2802357,0.42491853,201.33653,-228.38414,2707.2356
13.738511,0.77125746,0.1434539,0.27719098,0.42515245,196.12144,-226.52971,2699.3555
13.066318,0.80715257,0.09910782,0.27528188,0.4249784,201.3239,-222.71997,2715.6199
13.04036,0.7784758,0.07723492,0.27163118,0.4251786,202.8127,-229.29924,2706.857
13.632845,0.7535209,0.0141520025,0.24951982,0.4257084,200.61533,-236.208,2700.1929
13.68698,0.82093644,-0.03362104,0.24845183,0.42524636,203.7861,-236.90025,2708.0942
13.465542,0.825257,-0.0025440883,0.26798004,0.42484742,196.04152,-235.0454,2712.0928
13.235249,0.7680683,0.08342715,0.2621491,0.42546532,198.88116,-233.45688,2706.0347
13.737107,0.8413981,0.09524753,0.26548254,0.42502883,195.73367,-233.15692,2714.6238
13.85877,0.84664625,0.09407975,0.2728282,0.42482245,198.20473,-233.44142,2714.638
13.866673,0.8046838,0.086715475,0.27665755,0.42494026,197.79268,-237.84775,2708.05
13.89642,0.84341884,0.07569392,0.2572117,0.4251835,199.3202,-237.01973,2715.0627
13.365768,0.7731754,0.095333785,0.26450652,0.42540044,200.07442,-239.03958,2707.6206
13.179102,0.7541119,0.09988174,0.23179832,0.4262706,201.10182,-238.90468,2705.3196
13.462388,0.79093575,0.09059755,0.21486512,0.42647865,203.20406,-239.76749,2709.6846
13.307661,0.8673381,0.12463001,0.24793774,0.4253479,199.4341,-245.2155,2714.7278
13.045268,0.88629323,0.08555058,0.25995308,0.42489654,198.67795,-241.48431,2717.1172
13.53661,0.8420895,0.086384386,0.25541526,0.42525184,201.49077,-241.89146,2706.4937
13.500014,0.823028,0.09189296,0.2497265,0.4254968,199.83395,-236.59377,2709.1313
13.516479,0.84579384,0.056906454,0.26000485,0.4250678,199.44891,-239.75865,2712.4568
13.885319,0.8298496,0.055906612,0.28034452,0.42466444,198.74117,-238.10362,2707.9297
12.912184,0.8077708,0.038220223,0.2701692,0.42499086,203.88908,-225.21553,2703.6165
13.675519,0.7504842,-0.013814374,0.25479397,0.42552942,197.50722,-237.35564,2699.5374
13.775174,0.8113579,0.05626574,0.28985438,0.42453453,189.21898,-229.03143,2712.6907
13.6977825,0.81071544,0.09329424,0.28238526,0.42478108,193.83092,-234.02003,2711.0977
13.702064,0.8255818,0.07187936,0.2612487,0.4251761,197.25185,-236.5015,2710.0818
13.226481,0.8653011,0.06682535,0.24644776,0.42530262,201.62975,-235.71649,2716.2153
13.141935,0.8595522,0.066684544,0.24742354,0.4253113,199.79518,-234.41685,2715.635
13.473056,0.86304253,0.06460356,0.21412806,0.4260741,205.3778,-231.15512,2713.1873
13.821645,0.8381338,0.007601941,0.251285,0.4252024,195.78865,-236.87935,2709.1326
13.805224,0.8793555,7.448221E-4,0.26383352,0.42464364,195.10638,-231.49469,2718.2598
13.854837,0.79407406,0.04313695,0.27079841,0.4250581,196.20554,-228.67761,2711.7375
14.047107,0.7993116,0.119538754,0.27569202,0.4250326,197.26685,-237.02036,2709.5156
13.847083,0.85398805,0.40780896,0.32604235,0.42331722,188.9843,-233.27855,2705.8574
13.805867,0.84680164,0.5798888,0.36637542,0.4216602,189.47977,-229.27771,2707.0503
13.401702,0.7868103,0.67913383,0.38636202,0.42076755,194.54182,-230.5729,2704.8853
