11.789644,0.0,0.0,0.0,0.43301272,15.157033,-4.2444153,2343.3083
11.9645,0.0,0.0,0.0,0.43301272,13.523535,16.651428,2332.9053
11.97594,0.0,0.0,0.0,0.43301272,17.091063,38.72821,2278.7263
11.821693,0.0,0.0,0.0,0.43301272,24.287376,90.94861,2229.6633
11.804424,0.0,0.0,0.0,0.43301272,26.21518,143.32875,2197.4631
11.955575,0.0,0.0,0.0,0.43301272,24.277721,187.52693,2177.9873
11.971409,0.0,0.0,0.0,0.43301272,32.399982,274.02542,2126.6113
11.8378105,0.0,0.0,0.0,0.43301272,29.476124,325.0658,2167.7974
11.7918825,0.0,0.0,0.0,0.43301272,39.55266,354.56772,2183.8416
11.89458,0.0,0.0,0.0,0.43301272,35.87788,382.92218,2173.056
11.970101,0.0,0.0,0.0,0.43301272,32.191784,423.54553,2174.7478
11.832803,0.0,0.0,0.0,0.43301272,31.06083,460.5757,2182.7834
11.805047,0.0,0.0,0.0,0.43301272,35.402756,502.619,2210.2083
11.969027,0.0,0.0,0.0,0.43301272,34.322876,533.65485,2227.128
12.073637,0.0,0.0,0.0,0.43301272,31.6748,591.99133,2261.0005
12.161003,0.0,0.0,0.0,0.43301272,26.052351,624.94354,2283.293
12.233791,0.0,0.0,0.0,0.43301272,30.099678,649.3451,2313.4934
12.082541,0.0,0.0,0.0,0.43301272,23.99636,656.97784,2337.0664
12.208948,0.0,0.0,0.0,0.43301272,17.013485,659.0963,2333.1348
12.634036,0.0,0.0,0.0,0.43301272,16.750961,674.26575,2339.0303
12.555279,0.0,0.0,0.0,0.43301272,15.131886,676.16296,2343.0447
12.557153,0.0,0.0,0.0,0.43301272,15.483337,679.3029,2350.1965
12.831863,0.0,0.0,0.0,0.43301272,16.167473,681.44165,2343.5393
12.880472,0.0,0.0,0.0,0.43301272,18.80711,672.36804,2332.5923
12.670833,0.0,0.0,0.0,0.43301272,19.37101,664.5199,2305.0315
12.527546,0.0,0.0,0.0,0.43301272,23.438938,636.934,2273.7012
12.510994,0.0,0.0,0.0,0.43301272,30.473288,597.21906,2250.7834
12.989909,0.0,0.0,0.0,0.43301272,33.85401,514.8439,2212.9897
13.0398245,0.0,0.0,0.0,0.43301272,36.492744,499.988,2192.6895
13.306061,0.0,0.0,0.0,0.43301272,38.11307,429.51953,2187.4597
13.448753,0.0,0.0,0.0,0.43301272,38.856728,392.61676,2171.354
13.5227375,0.0,0.0,0.0,0.43301272,12.598093,290.22284,2157.8733
13.623629,0.0,0.0,0.0,0.43301272,28.348225,202.17026,2149.3528
13.899723,0.0,0.0,0.0,0.43301272,23.68743,192.18732,2183.4307
13.72312,0.0,0.0,0.0,0.43301272,33.314484,115.5347,2200.0364
13.984174,0.0,0.0,0.0,0.43301272,43.864418,94.73697,2213.1062
13.80246,0.0,0.0,0.0,0.43301272,47.91652,58.37863,2281.3804
13.944267,0.0,0.0,0.0,0.43301272,56.60265,36.16919,2321.3674
13.733347,0.0,0.0,0.0,0.43301272,46.850903,15.660095,2348.7412
13.9472475,0.0,0.0,0.0,0.43301272,48.864517,6.967682,2364.123
14.032756,0.0,0.0,0.0,0.43301272,40.9283,4.5401306,2353.1885
