16.48628,0.0,0.0,0.0,0.43301272,-206.87056,-643.0743,2161.712
15.478845,0.0,0.0,0.0,0.43301272,-204.84975,-651.4391,2162.883
15.721257,0.0,0.0,0.0,0.43301272,-208.698,-648.8926,2164.9453
15.176398,0.0,0.0,0.0,0.43301272,-208.72556,-644.2075,2164.6025
15.554692,0.0,0.0,0.0,0.43301272,-207.09247,-646.45044,2166.234
15.465519,0.0,0.0,0.0,0.43301272,-205.76851,-651.59155,2166.3318
15.351422,0.0,0.0,0.0,0.43301272,-204.54019,-651.7582,2161.6213
15.157253,0.0,0.0,0.0,0.43301272,-205.70529,-652.0532,2167.4834
14.944318,0.0,0.0,0.0,0.43301272,-205.76443,-646.2896,2165.464
14.935203,0.0,0.0,0.0,0.43301272,-208.70886,-645.9501,2168.4182
14.799345,0.0,0.0,0.0,0.43301272,-204.74355,-648.66534,2164.541
14.163142,0.0,0.0,0.0,0.43301272,-203.8593,-640.83936,2163.309
14.024089,0.0,0.0,0.0,0.43301272,-202.8934,-646.50745,2162.2798
14.006282,0.0,0.0,0.0,0.43301272,-203.244,-649.6738,2165.6865
14.057852,0.0,0.0,0.0,0.43301272,-205.66124,-651.3585,2164.0715
14.068566,0.0,0.0,0.0,0.43301272,-208.59772,-650.23267,2161.0654
13.652463,0.0,0.0,0.0,0.43301272,-212.46478,-639.83044,2164.927
14.095536,0.0,0.0,0.0,0.43301272,-207.87794,-651.9313,2163.8765
13.869044,0.0,0.0,0.0,0.43301272,-206.32965,-656.3961,2165.7715
13.825279,0.0,0.0,0.0,0.43301272,-207.15218,-659.0759,2166.6184
13.468659,0.0,0.0,0.0,0.43301272,-207.31659,-652.9348,2164.6392
13.350007,0.0,0.0,0.0,0.43301272,-208.22797,-647.1091,2160.2114
13.344967,0.0,0.0,0.0,0.43301272,-209.43419,-648.23846,2167.5874
