14.005842,0.0,0.0,0.0,0.43301272,-296.39984,-638.02563,2353.2007
13.766106,0.0,0.0,0.0,0.43301272,-303.78174,-635.7092,2353.1736
13.629753,0.0,0.0,0.0,0.43301272,-305.52847,-643.9852,2352.0762
13.274773,0.0,0.0,0.0,0.43301272,-303.17377,-644.1934,2348.8982
12.954084,0.0,0.0,0.0,0.43301272,-303.88608,-643.7875,2348.739
13.031375,0.0,0.0,0.0,0.43301272,-305.42578,-643.165,2348.4434
12.664378,0.0,0.0,0.0,0.43301272,-304.28647,-635.521,2344.9727
12.616797,0.0,0.0,0.0,0.43301272,-305.77448,-653.1514,2349.0757
12.966479,0.0,0.0,0.0,0.43301272,-304.96216,-637.61035,2346.7515
13.436997,0.0,0.0,0.0,0.43301272,-301.31104,-639.7835,2348.032
13.068209,0.0,0.0,0.0,0.43301272,-305.7489,-640.2811,2349.2322
13.057145,0.0,0.0,0.0,0.43301272,-306.14282,-647.54224,2346.2056
12.553051,0.0,0.0,0.0,0.43301272,-305.47104,-651.0436,2352.678
12.676894,0.0,0.0,0.0,0.43301272,-305.10046,-651.437,2351.4514
12.642447,0.0,0.0,0.0,0.43301272,-301.79346,-630.8787,2345.6113
12.473502,0.0,0.0,0.0,0.43301272,-304.27286,-641.50806,2347.4287
12.635899,0.0,0.0,0.0,0.43301272,-304.2105,-637.1488,2347.6094
12.864296,0.0,0.0,0.0,0.43301272,-307.2735,-646.2235,2347.2732
13.260666,0.0,0.0,0.0,0.43301272,-307.5562,-642.2989,2349.7449
13.00499,0.0,0.0,0.0,0.43301272,-306.36826,-642.07715,2346.7537
13.047842,0.0,0.0,0.0,0.43301272,-307.03564,-641.05115,2347.3318
12.771955,0.0,0.0,0.0,0.43301272,-306.2201,-637.3453,2349.5469
13.143521,0.0,0.0,0.0,0.43301272,-306.91766,-642.73724,2345.479
