14.065269,0.34534612,0.23708417,0.12098376,0.42995998,50.979984,682.9075,2745.8882
13.165667,0.35518667,0.14946024,0.13623081,0.4297227,52.075302,679.9645,2745.4995
13.216787,0.49494517,0.11155853,0.20992985,0.42775097,53.727463,675.44104,2744.0386
13.641489,0.53826034,0.15993963,0.23271374,0.42709422,53.31481,673.9953,2743.2622
13.377415,0.5423928,0.22193244,0.19741678,0.42785278,49.561485,674.9589,2743.9175
13.90652,0.5308224,0.29987893,0.18579966,0.4280218,47.613586,674.07477,2744.8354
14.451541,0.45424744,0.26514566,0.18444206,0.42829603,49.543396,671.34155,2739.9807
14.670541,0.5059731,0.27884173,0.18881801,0.42805573,50.42074,673.5785,2742.1223
14.399205,0.4994992,0.22105722,0.19548441,0.428011,51.140503,669.893,2742.2083
14.238083,0.52698356,0.25364152,0.20933105,0.42757773,51.2481,669.96454,2743.714
14.559085,0.52695435,0.18190518,0.23513642,0.42705974,52.07347,672.6426,2744.4468
14.47764,0.46951672,0.5045671,0.20972024,0.4268571,50.817413,675.8003,2743.211
14.876213,0.5579593,0.31982076,0.1972712,0.4276463,53.16252,675.8944,2745.0266
15.050079,0.5645202,0.28894734,0.21953772,0.42718053,55.8844,676.2416,2744.4949
14.907964,0.5517553,0.27558836,0.2087161,0.42749,55.291466,678.1993,2744.5522
14.51205,0.5583151,0.4883429,0.22699668,0.4263756,54.163067,674.5941,2743.8066
14.981142,0.52714354,0.439859,0.24246065,0.42628598,54.96539,670.2417,2740.6748
15.284939,0.55023783,0.30557188,0.2715422,0.42596418,55.793114,671.73303,2741.739
15.589275,0.49260968,0.26914808,0.2749073,0.42610228,56.5618,666.3594,2737.1846
15.733301,0.46396035,0.35062313,0.2648128,0.42619967,55.50665,662.6482,2734.9216
15.921373,0.4902037,0.31368977,0.23949586,0.4268438,54.43605,668.3686,2738.8245
15.92287,0.34428427,0.2099103,0.24094991,0.42729077,54.80613,658.56995,2729.8594
16.115675,0.3888438,0.21863636,0.2419777,0.42717877,54.34403,662.9464,2732.1382
16.188917,0.3035892,0.18324967,0.21075974,0.42808595,51.812393,663.62103,2729.4326
16.38424,0.3662559,0.18861991,0.21605818,0.4278607,52.4277,670.11694,2732.7385
16.311922,0.3961857,0.21149603,0.20647027,0.42799667,51.173347,667.5705,2733.9587
15.949247,0.41776404,0.23108052,0.20898391,0.42786825,50.6394,665.618,2732.6965
15.763444,0.5288584,0.27529496,0.19978884,0.42775548,51.09831,671.4113,2740.437
15.584813,0.466115,0.28128967,0.19471245,0.42800456,50.750473,666.0526,2736.8525
14.941309,0.27449852,0.27371275,0.19889303,0.42821062,52.457405,657.63904,2726.1672
14.679804,0.3403724,0.23562248,0.20178755,0.42815483,52.635277,661.45245,2729.2004
14.0971155,0.46658248,0.23126973,0.19403762,0.42810827,51.08618,669.149,2736.8623
14.096809,0.53149796,0.24745272,0.18348958,0.4281674,50.71235,668.4719,2739.3337
13.710653,0.45843008,0.25572863,0.17706124,0.4284725,50.041195,666.0797,2734.103
13.742887,0.42768312,0.24701466,0.16531928,0.42881554,50.61268,667.3484,2734.0159
13.52331,0.34880388,0.22622007,0.19663309,0.42827755,52.047764,660.04083,2727.9243
13.638541,0.373881,0.23975159,0.20034121,0.42812923,52.997738,668.8441,2731.7957
