14.73035,-0.10721797,-0.7262068,-0.71437943,0.44304365,18.31116,166.3624,2428.0586
14.679679,-0.022799317,-0.7607669,-0.7159476,0.4426312,17.441116,169.59477,2438.812
14.940858,-0.010801581,-0.742423,-0.7208104,0.44284087,17.225058,167.52629,2439.2805
15.040677,-0.019451931,-0.6614988,-0.7422102,0.44383475,15.318193,166.17516,2436.4229
14.841951,-0.043056317,-0.71728617,-0.7453175,0.4434885,16.153435,165.33202,2436.6753
15.131892,-0.019450732,-0.6488879,-0.74901605,0.44403172,14.486259,161.79056,2431.3901
14.803312,-0.10388398,-0.6146003,-0.73449516,0.44416973,12.229087,168.19052,2425.2456
14.843182,-0.16064635,-0.40422955,-0.71789324,0.44507703,11.196748,169.61612,2418.798
14.705145,-0.15308905,-0.35365012,-0.7090933,0.44513145,9.622761,168.96718,2417.3113
14.525178,-0.15492962,-0.2984754,-0.7065377,0.44526765,9.253,169.21503,2413.8494
14.694941,-0.23163979,-0.29525462,-0.6850723,0.4449256,7.4524317,168.55696,2411.422
14.773239,-0.18193115,-0.47301206,-0.6626606,0.4439225,4.90725,168.55714,2419.199
14.696145,-0.17708118,-0.4834005,-0.66360843,0.44388533,6.126452,167.99344,2418.661
15.031938,-0.17206404,-0.5953085,-0.68325764,0.44356453,7.769167,162.54582,2420.586
15.028698,-0.12925234,-0.6097428,-0.71198237,0.44388273,10.164339,160.34584,2422.53
14.7607355,-0.1475543,-0.65611416,-0.721265,0.44372824,11.170376,170.62657,2433.559
15.063332,-0.07912198,-0.72560346,-0.7248746,0.44316816,12.170564,167.26453,2434.639
14.9526415,-0.123056665,-0.721926,-0.7747146,0.44402015,13.858775,168.59076,2432.2727
14.776402,-0.10486758,-0.71273315,-0.77664787,0.44409707,14.473373,167.09792,2426.569
