16.519896,0.09888,-2.410502,0.124256276,0.3322726,-110.72165,89.25432,2373.3118
16.628988,0.0509026,-2.4027364,0.16746812,0.32876748,-108.9636,81.32539,2374.0266
16.700468,0.034405034,-2.414264,0.15970841,0.33665723,-107.805504,107.750336,2376.8386
16.755383,0.017417546,-2.42757,0.12263301,0.33711553,-100.622665,117.042694,2374.8315
16.506273,-0.0018744125,-2.4384038,0.09191125,0.33641705,-94.10863,125.46788,2375.9622
16.55995,-0.027026743,-2.4415357,0.087496035,0.33434176,-92.697975,125.209564,2375.0525
16.46011,-0.004326947,-2.414856,0.16602713,0.3314543,-102.28477,110.362854,2373.4229
16.160637,-0.0015733257,-2.4293928,0.11265441,0.33221877,-98.20547,118.82022,2374.7976
15.8998,-0.004575002,-2.429856,0.1129443,0.3461698,-100.82521,116.932724,2365.1567
15.479469,0.003827981,-2.431666,0.10231873,0.34620464,-100.016975,116.471634,2366.973
15.439486,0.06812711,-2.4312866,0.06581071,0.33311176,-99.72712,107.848434,2382.0464
14.923318,0.07261473,-2.4302385,0.06548497,0.3327607,-100.74393,111.74422,2381.9434
14.616919,0.07908932,-2.4165862,0.050490085,0.32388565,-99.820816,113.89894,2385.8447
14.938912,0.064275466,-2.4331763,0.061268937,0.333271,-98.29881,117.77385,2377.9175
15.131777,0.025328979,-2.4200895,0.07939921,0.35384828,-97.642365,122.0423,2362.96
15.012664,0.012243027,-2.4278994,0.095343344,0.34918353,-98.539246,118.29079,2364.5803
14.905575,0.12778516,-2.4013865,0.14495434,0.3410188,-118.51169,115.28659,2375.9875
15.110187,0.14770289,-2.4146318,0.026129346,0.3258216,-97.83473,104.77414,2393.6716
15.478802,0.11668141,-2.4221468,0.0786628,0.33616257,-102.31925,109.6478,2383.243
15.773834,0.16380961,-2.4191663,0.038054034,0.33162153,-108.54567,120.893906,2382.1611
15.894231,0.166237,-2.4157174,0.05074011,0.33157685,-111.76144,127.20375,2381.8062
15.8631,0.1323345,-2.4163454,0.08511008,0.33418876,-111.43931,131.47197,2382.233
15.9375515,0.12126174,-2.423712,0.06643338,0.33502102,-107.75024,127.51427,2384.2234
15.994246,0.11575878,-2.4244106,0.07202815,0.33700162,-108.04528,131.39522,2384.1648
16.092205,0.114524625,-2.4315774,0.045461453,0.3374931,-106.57602,128.34435,2385.3264
