15.00406,-0.03175011,-0.06385138,-0.09678356,0.4349664,-320.18582,206.94356,2407.2212
14.724397,-0.017190985,-0.055816717,-0.0786182,0.4346066,-319.80685,204.39189,2413.7495
14.657267,-0.023343956,-0.110314466,-0.10290127,0.4350437,-317.9508,198.51274,2411.0361
14.540283,-0.041701846,-0.1640082,-0.11871063,0.43528,-314.29327,195.61316,2409.4275
13.860388,-0.06357079,-0.14496787,-0.1393085,0.43572122,-313.29108,203.08278,2408.9822
13.583045,-0.04476935,-0.13736252,-0.14349276,0.43581292,-314.3166,201.62764,2411.4314
13.7364435,-0.03855861,-0.14401944,-0.13114862,0.43555906,-315.88312,203.12099,2413.739
13.578407,-0.015117094,-0.15095183,-0.11981116,0.43531707,-315.07202,207.76488,2410.0393
13.388381,-0.045753557,-0.10029166,-0.11731662,0.435344,-314.56235,208.45465,2408.1885
13.167429,-0.058092568,-0.050511356,-0.107854724,0.43519178,-312.1697,208.4875,2405.677
12.657436,-0.07559633,-0.04792466,-0.14678505,0.43595627,-312.51843,208.18439,2406.8054
12.609352,-0.055141702,-0.06758259,-0.14595214,0.4359348,-312.885,201.11658,2410.029
12.555399,-0.026767522,-0.10001193,-0.13346092,0.43566152,-312.71216,212.40306,2408.3381
12.26452,-0.029546846,-0.0724556,-0.11418841,0.43530673,-316.16925,209.7652,2407.4404
12.408216,-0.04813537,-0.053456876,-0.0897794,0.43483117,-318.51654,210.04932,2406.6135
12.604676,-0.07607096,-0.033642095,-0.06063555,0.43424323,-321.4395,213.1928,2409.1907
13.04994,-0.0126399435,-0.047411114,-0.073955946,0.43451706,-322.0133,210.54543,2412.9648
13.400075,-0.024425311,-0.040720887,-0.07096113,0.43445992,-322.5251,212.81415,2413.8179
13.573801,-0.0012928157,-0.08033024,-0.095153816,0.434917,-317.95163,213.68883,2411.4368
13.375275,-0.045773495,-0.059550967,-0.11345509,0.43530035,-317.2057,208.10919,2413.8896
13.782517,-0.0036927457,-0.111658014,-0.11286789,0.43523535,-317.6062,200.08055,2414.7532
13.579451,-0.007938315,-0.09059502,-0.12801209,0.4355609,-317.79984,198.0915,2414.7302
13.612777,-9.57285E-4,-0.07737625,-0.12478103,0.4355085,-317.01898,199.51277,2416.996
13.666706,-0.0155127365,-0.18724515,-0.17057748,0.43624163,-312.1177,199.07114,2415.415
