12.797768,0.26660338,0.84883213,0.09099707,0.4269748,76.698105,342.85892,2671.7375
12.591092,0.18877006,1.0033628,-0.053599644,0.4282562,66.96982,348.8488,2678.168
12.323909,0.22563228,0.92932516,-0.0028740056,0.4281228,70.52264,344.0888,2674.6567
12.187096,0.24511486,0.9147409,0.04615048,0.42723745,73.32543,341.5746,2671.7446
11.97163,0.2669438,0.9026975,0.083103426,0.42657143,74.886925,335.71964,2668.8704
11.8302,0.2461332,0.85508645,0.08085115,0.4271162,74.76549,336.70175,2666.4602
12.277379,0.18628804,0.82219785,0.111431696,0.4266903,76.68992,347.138,2669.1326
12.615932,0.24555248,0.86187625,0.089306206,0.426853,77.65214,346.69464,2665.2358
13.40612,0.26923534,0.82951677,0.077218845,0.42748454,75.2891,352.30154,2659.4343
13.557729,0.28136832,0.8868115,0.0593015,0.4272973,78.70325,351.52972,2660.7095
13.463502,0.36171097,0.7414046,0.105645984,0.42770684,77.09913,354.97308,2658.3423
13.566393,0.31715992,0.810949,0.08529793,0.42752045,77.57891,353.1654,2659.6223
13.27284,0.2705297,0.87591755,0.08084782,0.4269208,76.9368,351.64474,2661.2017
13.053667,0.26820433,0.877432,0.074872,0.42703646,77.09008,351.62006,2661.0718
13.055362,0.2450696,0.7880752,0.06198063,0.4282068,77.1595,348.58545,2657.241
12.621449,0.24068186,0.8219541,0.061784297,0.42787665,78.109535,349.30002,2657.0557
12.327272,0.30924436,0.8479708,0.114391305,0.4264886,75.8909,338.48172,2651.8152
12.091485,0.29170105,0.8231139,0.094609685,0.42717612,77.12198,341.65097,2653.0703
12.998123,0.30736515,0.76105285,0.10105182,0.4276265,75.2189,334.28687,2653.667
13.4249525,0.20739181,0.53623766,0.035446838,0.43070877,80.91652,334.77182,2642.0828
13.997446,0.28953236,0.7245626,0.06645729,0.4287065,78.56599,340.69052,2649.4387
14.273255,0.29791015,0.75384444,0.05936299,0.4286143,77.68148,344.2295,2650.6377
14.038424,0.30636933,0.78473306,0.04998187,0.42854652,78.51106,350.78223,2649.895
13.671213,0.26643828,0.74178475,0.01431716,0.4296846,78.5159,347.3768,2651.136
13.458907,0.2541887,0.78053105,0.01602931,0.42929184,79.531906,350.41577,2651.021
13.870441,0.2028532,0.8708577,0.0124553265,0.42840734,81.799255,344.7595,2648.137
14.01974,0.24092394,0.88413846,-0.009634859,0.42879573,85.24818,351.6024,2651.7307
13.904136,0.23044735,0.76827866,0.044630777,0.42876044,84.691734,334.24643,2649.7708
13.830515,0.21070293,0.8018599,0.028203301,0.42878085,89.47675,340.047,2662.511
13.99595,0.0154756075,1.319088,-0.025272794,0.4220036,92.15601,317.2212,2643.7566
13.9111,0.05888573,1.2606689,-0.04306529,0.42369828,92.55396,319.20932,2645.5276
13.59718,-0.022863299,1.2385144,0.09491255,0.42053264,82.96568,331.3897,2642.2751
13.374884,-0.005032607,1.1271733,0.07567565,0.4230027,84.58743,342.94992,2642.3335
13.403379,0.009800852,1.0800948,0.06631775,0.42401463,85.89657,346.22034,2641.6938
13.315359,-0.03559648,1.0377363,0.024247298,0.42543525,89.02182,340.32675,2636.362
12.826315,-0.13126257,0.89574367,-0.011797216,0.4277724,90.99204,326.4711,2634.915
12.618399,-0.16382979,1.065406,0.0056324285,0.4248936,90.79899,316.62616,2634.2317
12.357726,-0.043330666,1.1681305,0.034699786,0.42311767,89.028984,312.5491,2641.9058
12.019636,0.02035362,0.82792866,0.09619309,0.42664272,84.973305,311.80502,2647.3098
12.863141,0.105178766,0.9033362,0.06399433,0.42671907,86.37067,330.9166,2650.278
12.987276,0.2278044,0.8864408,0.10250118,0.42626315,83.577934,344.84424,2653.4495
12.752816,0.14946532,0.7370396,0.09635397,0.42780545,84.41277,339.81555,2648.5037
12.575538,0.24322732,0.804173,0.10208923,0.42715263,83.245636,354.64847,2651.1104
12.502684,0.2606638,0.86174,0.111043595,0.4263778,84.38959,353.51874,2649.695
12.693758,0.2530684,0.86832565,0.11290781,0.42625618,84.79882,351.95703,2649.1072
12.4885,0.2659968,0.98351383,0.050234433,0.42635542,79.894295,357.317,2649.9863
12.375535,0.25848314,0.9469626,0.082326464,0.42606536,82.154274,355.02853,2649.157
12.481578,0.25561967,0.94061846,0.090746276,0.42594537,83.16614,354.86868,2649.4246
12.46987,0.22612624,0.8329915,0.10696485,0.42673314,84.747856,361.34802,2653.292
12.273,0.2399827,0.82480854,0.098624185,0.42702168,83.54576,363.2361,2653.3906
12.174159,0.1538413,0.6569489,0.079738,0.428863,83.075165,354.51984,2659.4639
12.24261,0.18750289,0.70662165,0.0856765,0.4283584,82.95505,356.23065,2657.1233
12.31792,0.21639393,0.7741686,0.090741076,0.4276691,82.45838,356.07184,2655.0212
12.145613,0.18615736,0.7515505,0.09264555,0.42780298,82.2015,350.32394,2658.042
12.031444,0.20686571,0.7611989,0.09053354,0.42778477,81.482506,345.18088,2656.1765
12.164572,0.21756564,0.77081835,0.0885498,0.42775092,82.02963,341.90753,2655.2021
12.0403805,0.24080533,0.7970421,0.087452166,0.4275492,85.7854,330.34247,2654.9053
