14.598634,0.699091,0.13531086,-0.09848382,0.43372586,-104.48869,394.38257,2485.574
14.239724,0.713012,0.14113568,-0.07946188,0.43328834,-105.526886,393.7369,2485.9897
14.004047,0.7431823,0.06632205,-0.08091493,0.43312126,-104.68039,397.4024,2488.4019
13.526404,0.7394863,-0.0038023747,-0.08424184,0.4330739,-104.00801,388.3806,2486.8384
13.483529,0.70162386,0.10795376,-0.071798205,0.43315625,-106.378006,385.4137,2485.7998
13.929611,0.6940845,0.14874804,-0.06871999,0.43314534,-105.58942,387.00055,2485.9253
13.56125,0.7162272,0.24347907,-0.065575235,0.432974,-109.267975,388.60742,2484.8071
13.500319,0.7322704,0.22533618,-0.04850525,0.43257433,-110.39174,388.51685,2483.0347
13.846281,0.7259215,0.18923967,-0.031217176,0.432252,-108.23499,394.3172,2482.3066
14.572731,0.7359684,0.23782976,-0.019680003,0.4319529,-107.314285,391.23434,2481.2007
15.167149,0.68674606,0.21712092,-0.013202506,0.43201363,-105.53848,391.88312,2482.0088
15.429203,0.69748694,0.15706407,-0.011149899,0.4319416,-105.210045,390.93744,2482.0579
15.027356,0.75581795,0.22964562,-0.03995757,0.43230265,-106.04091,390.90073,2485.087
15.570668,0.7995147,0.12477893,-0.06534726,0.4326189,-107.67268,390.551,2487.331
15.999853,0.74785554,0.11959831,-0.083897635,0.4332223,-108.51845,387.61426,2486.5269
16.27324,0.754564,0.14885113,-0.06925778,0.43291375,-107.18026,387.72125,2487.4563
16.599981,0.71281374,0.16182888,-0.070605285,0.4331149,-104.80084,393.29153,2490.5195
15.979385,0.6878559,0.15331581,-0.073394515,0.4332656,-104.23311,391.96295,2491.0715
16.322405,0.6885882,0.16396265,-0.09229144,0.43364856,-105.79941,388.05634,2490.3442
16.541834,0.6423154,0.19190016,-0.10288609,0.43402112,-105.18649,392.11035,2492.5693
16.284098,0.650928,0.19087957,-0.10889342,0.4341133,-103.336174,389.71558,2492.1592
15.30856,0.63226056,0.20044836,-0.10116568,0.43401557,-104.05135,393.39185,2493.915
15.159773,0.6400319,0.20069954,-0.10453883,0.43405798,-105.35477,392.45367,2493.7285
14.879036,0.65456384,0.19990163,-0.11363782,0.43419257,-104.82938,388.18127,2491.9023
