13.65838,0.08737514,0.98093164,0.17008232,0.03479481,68.89017,-117.12253,2110.6697
13.4880295,0.10770153,0.97368944,0.17305404,-0.101890005,120.70796,-135.95932,2070.932
13.33107,0.09645027,0.95046216,0.18593016,-0.22967151,130.83691,-158.8779,2078.879
13.364649,0.15753281,0.9697293,0.1847633,0.025904933,191.0084,-171.78755,2109.711
13.436991,0.13146897,0.97038996,0.17934899,0.09430365,262.96826,-129.32527,2172.3762
13.488903,0.097758785,0.97264904,0.19473085,0.080480285,310.5642,-107.20795,2236.6357
13.070854,0.0041482947,0.979636,0.11848384,0.16204214,355.40427,-138.06702,2294.737
13.085839,-0.011444878,0.9773298,0.014940634,0.21088436,371.76764,-179.33453,2291.475
13.539396,-0.012553738,0.9426638,-0.030863306,0.3320765,427.93915,-214.8567,2324.5154
13.733031,0.019347372,0.9093733,0.12182136,0.3972726,482.83636,-230.41368,2263.2876
13.938417,-0.028328119,0.8900591,0.08515593,0.44692364,472.35315,-233.28893,2269.9146
13.808219,-0.024186684,0.8173973,0.036513418,0.5744073,481.67697,-231.18463,2331.5103
14.038571,-0.011228164,0.8016978,-0.056656744,0.59493244,391.7135,-238.53612,2449.687
14.001481,0.05894843,0.7641089,-0.093309656,0.63557535,339.57974,-208.41273,2545.4158
13.297964,0.60200095,2.4243424,-0.44760764,0.31816334,222.10992,-186.70969,2634.3145
13.609209,0.1719061,0.9501215,0.13503835,-0.22244546,152.20125,-221.25015,2660.5435
13.957222,0.17315969,0.9249041,0.18431139,-0.28389686,169.88547,-229.28186,2682.4102
13.659426,-0.08483734,0.98035383,-0.06511128,-0.16573909,63.942238,-265.32404,2606.5361
13.70847,-0.027346946,0.9984603,0.041605495,0.024457542,-17.89814,-211.84315,2655.7134
13.255363,-0.058254953,0.9036099,-0.06140824,-0.4199103,-48.43759,-174.48436,2477.9272
13.238432,-0.6524331,2.1762173,0.16293992,0.30048457,-62.270554,-234.6774,2471.5535
13.316522,-0.20483445,0.65911525,0.08329283,0.7187991,-117.930595,-275.0899,2498.366
13.335652,-0.24797256,0.65671283,0.09069182,0.7064084,-215.9917,-251.92093,2451.5518
14.062869,-0.29217824,0.58043903,0.103360765,0.75301987,-359.45068,-192.6334,2313.0608
13.969884,-0.85563797,2.2403762,-0.12630622,0.35537186,-346.53613,-102.68613,2166.266
14.158144,0.24788673,2.357133,0.2706112,0.310778,-315.9088,-90.92816,2153.3342
13.916391,0.21411741,2.1223803,0.5418649,0.27965593,-301.85965,-184.55316,2104.6033
13.9014435,0.031444952,0.64178777,0.23619102,0.72892624,-319.18628,-254.55896,2061.529
12.954156,0.007835961,0.63068587,0.23306856,0.7401709,-311.9552,-264.10367,2017.2266
