15.073191,0.046566118,0.8318402,-0.018015392,0.5527646,-401.84454,-330.10034,2324.5212
14.787996,-2.624073E-4,0.8099442,0.08241831,0.5806871,-466.9545,-340.05923,2371.952
14.605625,-2.434435E-4,0.75141317,0.0764623,0.6553868,-495.71857,-363.05136,2336.442
14.478347,-2.2449269E-4,0.69290996,0.07050912,0.7175683,-516.65955,-378.53003,2284.7595
14.273598,-7.1544794E-4,2.2082527,0.22470735,0.2822163,-522.0508,-381.9889,2245.1274
13.924326,0.020280203,0.8809671,0.098092295,0.46245393,-571.84656,-355.43762,2276.823
13.582085,0.019009124,0.82575166,0.09194426,0.5561651,-587.5242,-356.9137,2215.3027
13.501676,-0.07568572,0.84335804,0.032421105,0.53100634,-572.3311,-296.52625,2055.8594
13.459503,-0.07051231,0.78571147,0.030205002,0.6138185,-575.4677,-331.65314,2006.5283
13.202418,-0.06523889,0.7269503,0.027946057,0.6830126,-603.7248,-308.7016,1942.1578
13.037634,-0.18506162,2.062122,0.07927391,0.2602076,-605.0087,-281.06073,1853.25
13.068272,-0.2040765,2.2740035,0.087419234,0.2943309,-581.28595,-271.93536,1788.3965
13.397588,-0.21337296,2.3775933,0.0914015,0.32114315,-550.1307,-221.01125,1752.3591
13.829634,-0.21521755,2.3981473,0.09219169,0.3425023,-512.5177,-190.00967,1736.1427
14.218505,-0.21156256,2.35742,0.090626,0.35964292,-479.18753,-163.66943,1717.8387
14.547042,-0.20403467,2.2735376,0.08740131,0.37345707,-434.9976,-153.74097,1685.3633
14.829761,-0.19393967,2.1610496,0.08307695,0.3846199,-387.42456,-151.595,1669.4237
15.123018,-0.6983356,-2.21652,-0.2653116,0.40101454,-260.04977,-100.92154,1653.4519
15.330431,-0.27213645,-2.1007514,-0.45934787,0.4097242,-204.22733,-161.33826,1712.2656
15.562682,-0.096845224,-2.1928647,-0.6318635,0.40730873,-166.40166,-206.55876,1726.2251
15.917928,-0.14593947,-2.5689018,-0.868723,0.36292484,-96.29881,-249.35352,1757.6964
16.188873,-0.31550804,-1.778409,-0.7475866,0.26086378,84.30588,-249.69093,1808.3033
16.23598,0.14473647,0.7578353,0.35865757,-0.52545375,150.18462,-228.49306,1858.0775
16.326313,0.12400669,0.7874391,0.3771605,-0.47149956,198.39941,-223.88701,1924.3197
15.237189,0.045561813,0.9136431,0.15863456,-0.37150422,175.30396,-281.8184,2050.368
