12.095134,0.0,0.0,0.0,0.43301272,-631.66797,21.440338,2371.8025
12.151064,0.0,0.0,0.0,0.43301272,-684.8607,-11.181229,2329.1985
12.335882,0.0,0.0,0.0,0.43301272,-721.1157,3.569641,2283.9958
12.143787,0.0,0.0,0.0,0.43301272,-786.6204,-16.49849,2207.1497
12.243674,0.0,0.0,0.0,0.43301272,-801.4025,14.620529,2167.1782
12.365384,0.0,0.0,0.0,0.43301272,-800.2316,53.812042,2092.8867
11.941327,0.0,0.0,0.0,0.43301272,-776.0031,57.01378,2007.1309
11.928208,0.0,0.0,0.0,0.43301272,-801.942,44.49112,1872.8375
12.279531,0.0,0.0,0.0,0.43301272,-798.24097,45.909027,1811.4918
12.3710985,0.0,0.0,0.0,0.43301272,-758.9713,51.521454,1703.9062
12.389777,0.0,0.0,0.0,0.43301272,-728.59015,50.910583,1659.482
12.172147,0.0,0.0,0.0,0.43301272,-687.0699,54.222656,1609.8723
11.937711,0.0,0.0,0.0,0.43301272,-638.4576,59.443787,1572.13
11.975782,0.0,0.0,0.0,0.43301272,-582.65686,63.366333,1546.5958
12.46414,0.0,0.0,0.0,0.43301272,-484.59415,64.32608,1542.0977
12.941974,0.0,0.0,0.0,0.43301272,-446.60895,60.858368,1549.8177
13.744742,0.0,0.0,0.0,0.43301272,-357.51038,51.67404,1589.0305
14.497095,0.0,0.0,0.0,0.43301272,-279.26782,47.66208,1655.6187
14.782235,0.0,0.0,0.0,0.43301272,-328.60855,84.90579,1764.1489
14.657461,0.0,0.0,0.0,0.43301272,-378.35782,78.5325,1816.0497
13.781336,0.0,0.0,0.0,0.43301272,-458.53683,35.733307,1915.8658
13.728352,0.0,0.0,0.0,0.43301272,-483.83344,16.082489,1951.1399
13.775778,0.0,0.0,0.0,0.43301272,-483.73746,-9.024933,2000.2363
14.400257,0.0,0.0,0.0,0.43301272,-503.13867,-4.775238,2013.3718
