13.054311,0.0,0.0,0.0,0.43301272,-668.66235,34.283783,1944.867
13.378682,0.0,0.0,0.0,0.43301272,-552.66943,47.240845,1878.2974
13.631213,0.0,0.0,0.0,0.43301272,-431.70367,60.813095,1841.9768
13.471336,0.0,0.0,0.0,0.43301272,-376.39908,72.735306,1809.1322
13.348365,0.0,0.0,0.0,0.43301272,-327.73383,66.695496,1780.18
13.04509,0.0,0.0,0.0,0.43301272,-270.73737,73.59305,1759.6199
13.090378,0.0,0.0,0.0,0.43301272,-216.97093,81.58606,1742.7069
12.978874,0.0,0.0,0.0,0.43301272,-150.22684,96.30701,1730.2454
12.723692,0.0,0.0,0.0,0.43301272,6.4552994,72.42764,1731.011
12.777572,0.0,0.0,0.0,0.43301272,64.51938,53.874084,1758.0111
12.696895,0.0,0.0,0.0,0.43301272,114.75481,42.176483,1811.1863
12.386221,0.0,0.0,0.0,0.43301272,156.52689,31.03122,1947.9492
12.525978,0.0,0.0,0.0,0.43301272,153.0636,24.30719,2019.2738
12.308587,0.0,0.0,0.0,0.43301272,135.97522,19.234833,2092.2117
12.130763,0.0,0.0,0.0,0.43301272,65.558685,19.52118,2224.0776
12.101289,0.0,0.0,0.0,0.43301272,40.484756,29.854279,2282.0488
12.199993,0.0,0.0,0.0,0.43301272,11.475405,46.498978,2325.785
12.054288,0.0,0.0,0.0,0.43301272,-84.46808,37.884552,2410.6445
12.199896,0.0,0.0,0.0,0.43301272,-163.41595,58.88199,2432.3284
12.225584,0.0,0.0,0.0,0.43301272,-231.311,72.192795,2440.8242
12.094434,0.0,0.0,0.0,0.43301272,-432.3625,47.886414,2434.705
12.285006,0.0,0.0,0.0,0.43301272,-513.68176,34.904114,2423.2292
