13.1796875,0.0,0.0,0.0,0.43301272,-228.05194,496.27362,2059.8442
12.902774,0.0,0.0,0.0,0.43301272,-183.42258,379.61093,2200.9187
12.853212,0.0,0.0,0.0,0.43301272,-273.9869,265.5849,2168.8318
12.932946,0.0,0.0,0.0,0.43301272,-269.86026,27.687958,2079.639
12.757652,0.0,0.0,0.0,0.43301272,-574.30286,87.017136,1906.5592
12.533953,0.0,0.0,0.0,0.43301272,-543.5476,52.264618,1901.3741
12.459136,0.0,0.0,0.0,0.43301272,-511.57397,50.22711,1904.0223
12.558709,0.0,0.0,0.0,0.43301272,-469.30276,55.99019,1915.5098
12.633789,0.0,0.0,0.0,0.43301272,-464.13046,47.27295,1926.449
13.106346,0.0,0.0,0.0,0.43301272,-475.4676,42.567505,1915.546
13.845882,0.0,0.0,0.0,0.43301272,-411.5773,31.111664,1945.8646
14.360021,0.0,0.0,0.0,0.43301272,-352.5151,36.590668,1957.5134
14.889748,0.0,0.0,0.0,0.43301272,-312.95734,47.57242,1961.903
15.310865,0.0,0.0,0.0,0.43301272,-278.14017,31.402924,1959.9778
15.67348,0.0,0.0,0.0,0.43301272,-266.25632,37.495422,1927.8605
15.755747,0.0,0.0,0.0,0.43301272,-261.3772,60.560852,1922.1129
15.726754,0.0,0.0,0.0,0.43301272,-259.64386,65.881714,1912.0438
15.267779,0.0,0.0,0.0,0.43301272,-248.1639,97.35483,1922.0809
15.470839,0.0,0.0,0.0,0.43301272,-245.0828,84.59558,1935.5435
15.122863,0.0,0.0,0.0,0.43301272,-232.75024,50.154755,1987.2917
