13.054311,-1.2962133,-0.09109388,-3.2022011,0.4417997,-313.5173,543.23157,2162.298
13.378682,-0.6305018,-0.88518274,-3.2912998,0.43847436,-269.38925,540.52875,2155.3254
13.631213,-0.96719956,-0.77242845,-3.2450411,0.43833065,-250.74178,574.9446,2142.3188
13.471336,-0.6404068,-0.9620859,-3.2575397,0.43464875,-238.00343,592.0461,2116.882
13.348365,-1.0657669,-0.850274,-3.1707485,0.43209803,-221.40227,596.4177,2095.1064
13.04509,-0.86145395,-0.68727225,-3.2863672,0.43400335,-197.51984,597.9263,2069.7195
13.090378,-0.6917366,-0.55187094,-3.359479,0.43491107,-168.37984,602.18524,2058.564
12.978874,-0.5534349,-0.44153324,-3.4048755,0.43523943,-133.77296,602.53845,2052.38
12.723692,-0.35263577,-0.28133458,-3.4490392,0.43508935,-211.4607,555.6817,2056.4348
12.777572,-0.28130043,-0.2244229,-3.4585884,0.43485886,-232.6039,544.5021,2062.975
12.696895,-0.22441402,-0.1790386,-3.4638798,0.43460768,-243.65826,541.4293,2064.581
12.386221,-0.14293994,-0.11403821,-3.4678211,0.43414205,-259.18207,523.6798,2069.2695
12.525978,-0.114132464,-0.091055445,-3.4681754,0.43394703,-272.46387,511.46613,2074.0728
12.308587,-0.09115795,-0.072726265,-3.4680629,0.4337799,-287.78256,521.7337,2081.1682
12.130763,-0.05819753,-0.046430267,-3.467284,0.4335218,-321.69513,536.72974,2098.3018
12.101289,-0.04651592,-0.037110627,-3.4668314,0.43342513,-341.67004,547.973,2105.167
12.199993,0.7638277,-1.0280038,-2.55225,0.37496015,-356.05597,545.86694,2103.4646
12.054288,-0.48997757,0.6196577,0.53320134,-0.30272546,-384.14377,550.8916,2100.5996
12.199896,-0.57668215,0.6911652,0.4074612,-0.15396024,-420.84012,569.8124,2109.1003
12.225584,-0.6322135,0.7169749,0.29269242,-0.02417348,-450.42657,592.1185,2109.9683
12.094434,-0.556687,0.61287695,-0.2923708,0.4785402,-458.1416,630.82367,2097.721
12.285006,-0.4677184,0.5643574,-0.387985,0.55875576,-455.3993,644.96436,2100.0928
