12.198681,0.0,0.0,0.0,0.43301272,410.89172,-691.2417,1953.7152
12.255106,0.0,0.0,0.0,0.43301272,424.88968,-706.2526,1969.0895
12.3056345,0.0,0.0,0.0,0.43301272,406.929,-721.997,1997.6929
12.042398,0.0,0.0,0.0,0.43301272,417.5018,-759.17804,2006.524
12.169105,0.0,0.0,0.0,0.43301272,419.78244,-759.642,2009.6995
12.145429,0.0,0.0,0.0,0.43301272,464.9564,-778.0082,2281.751
12.618631,0.0,0.0,0.0,0.43301272,468.17816,-663.46796,2269.0305
12.476995,0.0,0.0,0.0,0.43301272,371.46893,-675.82166,2304.61
12.58452,0.0,0.0,0.0,0.43301272,361.21463,-701.7314,2317.3013
12.600742,0.0,0.0,0.0,0.43301272,366.3288,-682.55994,2301.2356
12.722146,0.0,0.0,0.0,0.43301272,362.79944,-676.7545,2313.0916
12.901592,0.0,0.0,0.0,0.43301272,212.18153,-789.98926,2475.861
12.960679,0.0,0.0,0.0,0.43301272,105.67766,-613.7736,2476.6587
13.085656,0.0,0.0,0.0,0.43301272,67.3909,-655.2821,2467.0027
13.170979,0.0,0.0,0.0,0.43301272,71.15859,-602.852,2622.4207
13.025982,0.0,0.0,0.0,0.43301272,117.28229,-658.81274,2543.0122
13.1311655,0.0,0.0,0.0,0.43301272,108.84951,-656.9651,2572.258
12.943138,0.0,0.0,0.0,0.43301272,29.50312,-677.7414,2523.6597
12.559271,0.0,0.0,0.0,0.43301272,-136.80872,-829.2466,2308.4307
13.267095,0.0,0.0,0.0,0.43301272,-175.63681,-753.1305,2374.2166
13.516206,0.0,0.0,0.0,0.43301272,-156.64119,-752.33704,2357.931
13.216948,0.0,0.0,0.0,0.43301272,-147.0712,-746.6928,2363.338
13.059861,0.0,0.0,0.0,0.43301272,-139.64702,-755.85583,2364.0254
13.053962,0.0,0.0,0.0,0.43301272,-138.32031,-755.67035,2354.303
12.646131,0.0,0.0,0.0,0.43301272,-145.83687,-709.5807,2318.535
12.520228,0.0,0.0,0.0,0.43301272,-159.21136,-695.52826,2262.8086
12.53311,0.0,0.0,0.0,0.43301272,-188.29944,-646.5787,2174.5942
12.782142,0.0,0.0,0.0,0.43301272,-101.532074,-839.4695,2195.6406
12.732141,0.0,0.0,0.0,0.43301272,-98.84993,-855.21375,2185.1797
11.837321,0.0,0.0,0.0,0.43301272,-55.280724,-862.79065,2155.1453
12.13126,0.0,0.0,0.0,0.43301272,63.223007,-854.8281,2120.516
