15.420506,0.0,0.0,0.0,0.43301272,-45.63707,-519.6802,2121.8486
15.804792,0.0,0.0,0.0,0.43301272,4.959503,-612.4332,2132.9658
15.717367,0.0,0.0,0.0,0.43301272,-330.25385,-611.4909,2312.57
15.424132,0.0,0.0,0.0,0.43301272,-422.43527,-641.96295,2308.261
15.287234,0.0,0.0,0.0,0.43301272,-456.58154,-672.271,2302.408
14.9331455,0.0,0.0,0.0,0.43301272,-466.01996,-708.817,2276.3584
15.078858,0.0,0.0,0.0,0.43301272,-324.73096,-585.67737,2288.792
15.55431,0.0,0.0,0.0,0.43301272,-560.51996,-748.2599,2201.517
14.758974,0.0,0.0,0.0,0.43301272,-852.20264,-638.8927,2062.8572
15.298759,0.0,0.0,0.0,0.43301272,-735.2628,-660.9401,2067.172
15.307917,0.0,0.0,0.0,0.43301272,-704.2151,-633.0274,2050.6213
15.304802,0.0,0.0,0.0,0.43301272,-683.05634,-628.34357,1885.6708
15.050677,0.0,0.0,0.0,0.43301272,-584.50415,-646.3239,1668.3654
15.012255,0.0,0.0,0.0,0.43301272,-540.63184,-655.8994,1636.3217
14.661839,0.0,0.0,0.0,0.43301272,-481.1207,-627.4021,1654.3766
14.519566,0.0,0.0,0.0,0.43301272,-472.8629,-602.46735,1648.5511
14.348532,0.0,0.0,0.0,0.43301272,-466.45782,-591.0587,1649.0477
13.703641,0.0,0.0,0.0,0.43301272,-487.9483,-568.79926,1676.6581
13.692583,0.0,0.0,0.0,0.43301272,-487.25967,-560.11206,1663.374
