13.65838,0.0,0.0,0.0,0.43301272,202.58379,-587.6884,1859.4128
13.4880295,0.0,0.0,0.0,0.43301272,418.58075,-623.43494,1954.9031
13.33107,0.0,0.0,0.0,0.43301272,468.9561,-617.7455,2001.9473
13.364649,0.0,0.0,0.0,0.43301272,512.46747,-617.56494,2008.6482
13.436991,0.0,0.0,0.0,0.43301272,514.35266,-602.83514,2023.9327
13.488903,0.0,0.0,0.0,0.43301272,505.1932,-610.57446,2021.4307
13.070854,0.0,0.0,0.0,0.43301272,499.04596,-635.98267,2028.4331
13.085839,0.0,0.0,0.0,0.43301272,491.44803,-624.66205,2028.2562
13.539396,0.0,0.0,0.0,0.43301272,520.0079,-626.40924,2014.1289
13.733031,0.0,0.0,0.0,0.43301272,439.00565,-639.0903,2277.9177
13.938417,0.0,0.0,0.0,0.43301272,416.0463,-644.9229,2316.9958
13.808219,0.0,0.0,0.0,0.43301272,390.23853,-638.6411,2355.494
14.038571,0.0,0.0,0.0,0.43301272,424.87152,-635.7923,2345.9448
14.001481,0.0,0.0,0.0,0.43301272,411.86893,-626.1131,2343.9165
13.297964,0.0,0.0,0.0,0.43301272,402.57205,-638.196,2350.574
13.609209,0.0,0.0,0.0,0.43301272,368.4422,-613.52954,2376.7847
13.957222,0.0,0.0,0.0,0.43301272,325.62842,-610.9872,2391.5796
13.659426,0.0,0.0,0.0,0.43301272,161.33618,-626.6479,2443.9255
13.70847,0.0,0.0,0.0,0.43301272,75.100494,-609.02625,2433.6772
13.255363,0.0,0.0,0.0,0.43301272,-144.21593,-632.4407,2322.4097
13.238432,0.0,0.0,0.0,0.43301272,-192.17972,-640.70374,2267.3455
13.316522,0.0,0.0,0.0,0.43301272,-225.74048,-646.984,2256.7751
13.335652,0.0,0.0,0.0,0.43301272,-232.63165,-630.4784,2257.165
14.062869,0.0,0.0,0.0,0.43301272,-240.45012,-639.6582,2261.4258
13.969884,0.0,0.0,0.0,0.43301272,-275.9457,-629.11584,2240.013
14.158144,0.0,0.0,0.0,0.43301272,-245.35672,-621.77405,2201.2957
13.916391,0.0,0.0,0.0,0.43301272,-238.1843,-609.90576,2250.1028
13.9014435,0.0,0.0,0.0,0.43301272,-247.29211,-605.7783,2244.0837
12.954156,0.0,0.0,0.0,0.43301272,-295.84445,-616.70703,2156.9092
