13.4683485,0.0,0.0,0.0,0.43301272,172.31494,-622.31036,2471.6177
13.595817,0.0,0.0,0.0,0.43301272,105.44678,-626.4102,2485.1055
13.493701,0.0,0.0,0.0,0.43301272,67.79729,-633.3935,2495.7314
13.0898485,0.0,0.0,0.0,0.43301272,38.976303,-640.2999,2501.058
13.203086,0.0,0.0,0.0,0.43301272,27.90459,-627.51917,2493.8435
12.942103,0.0,0.0,0.0,0.43301272,47.297302,-622.04034,2515.072
13.808568,0.0,0.0,0.0,0.43301272,67.37921,-644.069,2507.9995
14.32463,0.0,0.0,0.0,0.43301272,32.715492,-657.237,2523.9365
14.371635,0.0,0.0,0.0,0.43301272,35.547447,-651.24786,2525.4924
13.623584,0.0,0.0,0.0,0.43301272,-204.47751,-534.4168,2230.3623
14.330527,0.0,0.0,0.0,0.43301272,-300.29633,-613.8169,2244.2283
14.511357,0.0,0.0,0.0,0.43301272,-393.64432,-639.6344,2299.603
14.066667,0.0,0.0,0.0,0.43301272,-422.67453,-644.12964,2300.1865
13.961259,0.0,0.0,0.0,0.43301272,-417.16516,-646.56433,2288.8276
14.086617,0.0,0.0,0.0,0.43301272,-188.15935,-670.88544,2385.8645
14.014255,0.0,0.0,0.0,0.43301272,-266.04312,-619.91504,2309.6177
14.588922,0.0,0.0,0.0,0.43301272,-321.77466,-506.99612,2175.4194
14.43123,0.0,0.0,0.0,0.43301272,-339.19537,-474.16974,2060.8179
13.777584,0.0,0.0,0.0,0.43301272,-37.615692,-524.35175,1868.8535
13.748824,0.0,0.0,0.0,0.43301272,96.436714,-560.38794,1852.0342
13.645038,0.0,0.0,0.0,0.43301272,239.33185,-604.47034,1879.7289
13.643211,0.0,0.0,0.0,0.43301272,262.43585,-610.49255,1895.0527
13.474149,0.0,0.0,0.0,0.43301272,263.73163,-598.9926,1909.7264
12.958008,0.0,0.0,0.0,0.43301272,191.95674,-611.4579,1977.279
