16.306221,-0.52829427,-2.288497,0.2959591,0.29996777,-426.64517,643.4151,1967.1903
16.417336,-0.5137351,-2.4540339,0.18290491,0.3411168,-360.6432,663.0483,1944.59
15.783428,0.08942543,0.7738353,-0.00749375,-0.6269957,-295.78058,623.3657,1926.664
15.249398,0.08485476,0.8933014,0.0134152975,-0.44117,-250.44649,605.4083,1955.5045
14.801483,0.093826145,0.9414122,0.029088417,-0.32263333,-231.58644,591.48663,1996.3802
14.633421,0.08446621,0.9616732,0.048590586,-0.25629666,-227.77534,587.6679,2029.0093
15.066813,0.08437729,0.9813014,0.0717909,-0.15739396,-215.10197,578.1037,2064.2053
15.536898,0.025389228,0.9944807,0.093704216,-0.039771415,-203.94765,553.0009,2077.1453
15.851651,-0.04893743,0.97402203,0.20580746,0.08079786,-203.93181,542.7696,2090.733
16.079582,-0.07151617,0.9398154,0.2940415,0.15865313,-249.59714,603.0764,2133.4365
16.358603,-0.09890865,0.9276426,0.2689587,0.2394918,-286.41937,572.24744,2128.6985
16.601921,-0.121061556,0.8821259,0.28450066,0.3553251,-328.06717,597.9925,2146.8826
16.711246,-0.13692065,0.8415919,0.27045047,0.4470245,-382.00668,600.10736,2138.954
16.84068,-0.13381588,0.8314771,0.25155604,0.4769247,-426.82117,614.65924,2123.9648
16.98671,-0.12107495,0.8259142,0.20545821,0.51087195,-454.77225,621.83704,2102.5688
16.48315,-0.11908253,0.7993462,0.15410444,0.56843126,-481.961,610.6332,2090.7258
16.585184,-0.112089865,0.768673,0.12584473,0.61704,-496.05554,602.36163,2084.503
15.983592,-0.21287598,2.1057417,0.55980486,0.36403567,-539.65497,590.61444,2086.3
15.550237,-0.2501109,1.6299558,0.57931143,0.39363495,-555.5007,586.00745,2091.5574
15.840744,-0.52827466,0.90571713,0.41715044,0.4148781,-575.38995,585.41125,2096.3525
16.12119,-0.5208835,0.34262705,0.055640668,0.42971462,-585.50696,574.709,2093.5417
16.377213,-0.5763706,-0.157667,-0.23459059,0.43680942,-574.16907,568.3743,2077.0945
16.608301,-0.5671577,-0.70296836,-0.4869173,0.43953112,-543.47107,571.43787,2056.1897
