13.873605,-0.043876767,0.82367146,-0.09157382,0.5579018,-131.2123,114.666245,1897.4358
13.298946,-0.15378243,0.76216733,-0.089122996,0.62250215,-57.287544,69.33099,1973.6339
13.045536,-0.14811787,0.72151804,-0.07807506,0.671846,-16.905664,62.739838,2017.5388
12.863436,-0.3645846,1.9893199,-0.21647213,0.2543534,10.775983,67.504105,2070.041
12.862364,-0.28672597,2.2120082,-0.22055498,0.2827278,21.090343,67.826096,2103.298
12.895781,-0.25761843,2.3947208,-0.23173788,0.31483138,28.702957,74.66272,2143.4128
12.618392,-0.047054067,2.4493728,-0.11598376,0.3617977,8.034908,83.14879,2205.699
13.456037,0.085523285,2.264712,0.02858653,0.38328746,-28.361834,89.19949,2252.1487
13.93932,0.23287761,2.0411036,-0.15043294,0.4045771,-95.992615,71.91377,2284.883
14.008754,0.10513521,1.7141517,-0.082734056,0.41414955,-190.08476,37.10576,2259.242
14.413475,-0.15994357,1.8052815,-0.16911115,0.41121253,-222.17863,26.49858,2245.5303
14.21362,0.026628714,2.4448988,-0.2461133,0.31707132,-249.91702,22.764893,2181.896
13.86937,0.094498,2.0981958,-0.1921689,0.26367626,-271.68295,25.906815,2173.2964
13.686469,0.12468861,1.9882685,-0.18731675,0.2509876,-300.49207,33.810974,2167.7883
13.469752,0.068354696,0.7431226,-0.03703047,0.66462404,-373.47015,42.64479,2157.006
13.353073,0.067064546,0.7408678,-0.009390327,0.66822827,-392.03387,51.742645,2161.1653
13.743124,1.1273791,0.04576033,-0.13788985,0.4320299,-399.40884,54.622543,2165.147
