16.764801,0.85593593,-0.4323553,0.19931372,0.423809,-493.4172,158.92064,2096.5498
16.843735,0.54142505,-0.9842436,0.19351476,0.41938132,-476.07745,169.86873,2067.3027
16.942698,0.40985644,-1.3378346,0.4047398,0.40728068,-484.59692,193.39856,2023.7646
17.00648,0.18621165,-1.4735451,0.6425693,0.39756402,-479.13452,207.0627,2000.7255
16.638773,-0.19101945,0.77081895,-0.084331,-0.60186195,-470.46558,249.27003,1925.497
16.787722,-0.18247218,0.8148612,-0.026379365,-0.54955363,-432.98325,269.3482,1879.2565
16.186577,-0.12963937,0.84657025,-0.009963044,-0.5161522,-392.32385,276.9486,1850.7052
15.607599,-0.08084231,0.7475881,-0.0074054627,-0.65918267,-349.90076,283.99384,1822.2039
14.828501,-0.061511967,0.9818445,0.033299632,-0.17632014,-276.06595,282.8145,1811.2656
14.727091,-0.07708427,0.99692214,0.008013454,0.011837639,-240.49689,277.0108,1808.8829
14.443674,-0.06866011,0.9095498,-0.02274929,0.40925243,-218.83362,262.17206,1810.2401
13.88877,-0.03077667,0.96323556,0.028891435,0.2653211,-202.70514,175.70886,1858.734
13.871821,-0.040443942,0.94544166,0.031420942,0.32174057,-227.60379,138.93376,1900.8547
13.673229,-0.00781622,0.9937559,-0.0744986,0.082692765,-261.92886,161.0598,1940.1178
13.249668,0.0077959117,0.9409494,-0.12510763,0.3144861,-324.10938,211.51308,1992.0265
13.215478,0.0014859714,0.887654,-0.09534779,0.45052952,-356.49988,155.05788,2028.3806
13.123089,-0.0168534,0.8880143,-0.064489394,0.45495892,-380.884,183.33174,2025.7478
12.823029,-0.0151976785,0.91782135,-0.13470633,0.3731316,-398.12363,248.86488,1991.5326
