15.293657,0.26032642,-0.6141918,-0.07078101,0.43147147,-285.74515,315.51324,2116.2012
14.638306,0.10594655,-1.0039244,0.03284728,0.4254485,-304.00174,317.5971,2112.7864
14.326144,0.46339604,-2.2890322,-0.08180996,0.30417022,-406.21912,354.77942,2149.7463
14.259855,-0.070394605,2.281373,0.14896607,0.29400298,-411.82715,317.7564,2145.4436
14.000629,-0.055374745,0.72590154,-0.018702287,0.68531054,-443.23694,342.0967,2169.304
14.615513,-0.036673866,0.73909056,-0.027897762,0.67202795,-462.37732,353.185,2168.5286
14.8163805,-0.02476394,0.7399336,-0.033211153,0.67140275,-477.103,353.1373,2168.7239
14.543039,-0.01091874,0.73071694,-0.030644309,0.68190473,-490.2884,350.20435,2161.653
14.440941,-0.503068,2.3078418,0.13952929,0.3280152,-549.1984,336.59634,2125.2095
14.160432,0.021640148,1.8131887,-0.03872332,0.40918082,-595.3261,335.03717,2092.1418
13.804121,0.055765215,1.5076356,-0.10083064,0.4198564,-617.928,344.95782,2073.7144
13.640086,-0.09897036,0.8145559,0.027432797,0.42797506,-639.4876,342.80484,2038.1746
13.611134,0.01409008,0.62688667,-0.007610009,0.43078455,-648.65393,358.99667,2028.0072
13.778881,-0.036443025,0.23476246,0.04571725,0.43168512,-649.0892,362.70605,2001.3428
14.072131,-0.029999645,0.20532034,0.1626604,0.42921618,-641.6364,387.07547,1980.9462
13.78237,-0.20117335,-0.44147485,0.11353742,0.42952546,-626.14246,358.55048,1954.0294
13.525844,-0.0346848,-0.6488958,0.07042491,0.42895898,-589.5503,367.67603,1940.4373
13.305312,0.10201808,-1.576811,-0.033252742,0.41550285,-549.38965,329.9394,1918.3456
