13.045961,-0.07697635,-1.7118806,0.008240444,0.41173226,-514.5173,328.7057,1932.3163
13.087371,-0.015848435,-2.3478618,0.058461793,0.37158692,-459.0475,346.6599,1914.4956
12.652691,-0.03415327,-2.4401681,0.017164394,0.32453045,-426.02457,338.95227,1931.0808
12.465509,-0.027513264,-2.3967876,-0.0044222763,0.31109524,-413.56198,345.55966,1944.3756
12.423175,-0.24787882,1.0526683,-0.2669826,0.4304389,-325.47513,233.46024,1856.1483
12.505072,-0.105116084,0.6851764,0.017941164,-0.7205287,-336.04596,280.13065,1925.507
12.383855,-0.1592656,1.7177104,0.1233885,0.40649688,-317.5407,288.4599,1901.9784
12.813095,-0.11287923,1.7173322,0.080730066,0.40814504,-298.09622,318.3155,1913.1592
13.064213,-0.021155301,1.5962077,0.11305371,0.4117635,-257.03473,349.83658,1945.6143
12.900642,0.09954091,1.0246352,-0.0059752376,0.4267289,-230.0928,355.84024,1973.8356
12.972179,-0.11168982,1.0134655,0.039978962,0.42512664,-216.92136,334.32788,1984.3776
12.8645525,-0.4621685,0.09993542,-0.73633534,0.44537795,-256.17673,342.58862,2011.6531
12.641571,-0.32345912,0.17995672,-0.3594627,0.43930054,-232.36815,332.94623,2011.1016
12.591705,-0.41123876,-0.4820286,-0.048767596,0.4326991,-241.78595,292.76056,2013.2821
12.689254,-0.18812779,-0.5801256,-0.065741315,0.43254986,-251.02225,296.22482,2033.0764
12.601615,-0.12501663,-0.5746189,-0.095782615,0.43315053,-267.9083,304.11005,2047.2637
12.386602,-0.23093945,-0.8090904,-0.11198082,0.43169978,-285.00806,316.43057,2055.5923
12.335275,0.39265114,-2.3268259,-0.14697015,0.37167946,-335.58963,354.99,2113.627
12.463678,0.021814847,2.146764,-0.060323596,0.26894063,-351.82693,316.10562,2156.1147
12.434067,0.1453849,2.08497,0.10772528,0.26178062,-361.72653,352.82324,2122.7227
12.252049,-0.0890623,2.0101948,-0.08550408,0.25175238,-372.0453,346.8971,2177.7769
12.225776,-0.03419284,0.71521896,-0.030958034,0.69737613,-378.15085,343.2483,2197.7356
12.334265,-0.7914129,2.1026084,0.24691951,0.3614176,-429.0295,284.4156,2184.828
12.864738,-0.15951464,2.3505707,0.14125775,0.3124059,-430.36197,342.57184,2221.332
12.880561,0.08897296,1.872532,0.20590872,0.40029606,-459.32236,368.8061,2209.9087
