12.204737,0.82767016,0.8014057,1.8717207,0.2751934,29.74226,274.30447,2819.5867
12.664133,0.877961,0.8742289,1.831726,0.27680722,19.420399,322.19897,2808.4368
12.643554,0.9132292,0.98721665,1.7331487,0.2742238,-7.4449425,304.9729,2809.7383
12.896987,0.9014219,1.0470418,1.7160667,0.27546617,-22.789978,281.1786,2807.249
12.824811,0.92532164,1.0721179,1.6983593,0.2764886,-38.321007,284.0919,2804.1929
12.888151,0.9515459,1.0819807,1.6940037,0.27808663,-62.153614,270.3073,2799.0654
13.30435,0.9001577,1.0827316,1.7266586,0.2789407,-90.41169,266.09253,2796.4656
13.406079,0.8877609,1.0571498,1.7528604,0.27953854,-103.835175,270.01126,2797.3254
13.012635,0.6949272,1.0045485,1.8115771,0.27418092,-152.15887,275.82394,2793.5356
13.0135,0.5283591,1.0603429,1.7541075,0.26522568,-164.14027,293.44983,2775.6204
13.225654,0.22463487,0.7832474,1.8654425,0.2548253,-239.82394,280.83676,2767.0513
13.155793,0.35581395,0.8624981,1.8027937,0.25380266,-236.69902,287.52197,2775.2266
13.054768,0.85596955,1.1791334,1.4157387,0.2568325,-225.90434,295.2164,2777.03
12.544616,0.7850524,1.0798224,1.4865118,0.25266224,-289.61688,301.44397,2760.0244
12.482484,0.81029177,0.9614592,1.5782564,0.2549435,-320.7724,292.85678,2754.038
12.516173,0.8192581,0.96017206,1.6040797,0.25717562,-321.39166,303.86206,2776.6519
12.413078,0.8766938,0.9054065,1.5942838,0.25730258,-345.0078,293.4164,2783.5503
11.945648,1.8278122,0.27688,1.5457536,0.30128777,-382.3156,280.5385,2775.6165
11.950184,1.7625377,0.08344418,1.5331441,0.29219303,-402.86908,283.05154,2779.2495
12.067724,0.61207217,-0.3367607,1.9570762,0.26090416,-628.38794,285.67038,2663.0735
11.851654,0.7468283,-0.36201695,1.8921856,0.2589755,-636.7891,246.07556,2623.5999
11.990619,0.748985,-0.4403814,1.8291198,0.25345552,-634.9375,255.8276,2635.9001
11.942847,0.6130475,-0.3915156,1.8839818,0.25270513,-644.8008,283.90283,2600.7678
12.337063,0.6077309,-0.39161357,1.8983673,0.25434175,-642.79004,308.5658,2597.179
12.315795,0.5229729,-0.3020731,1.9458343,0.25501078,-645.045,300.59787,2548.9214
12.576162,0.44546726,-0.43779665,1.9124254,0.25185218,-658.877,310.32507,2548.9402
12.46338,0.16992262,-0.22167285,0.6361184,0.7192641,-661.85425,304.5552,2518.2048
12.416721,0.19118997,-0.20305283,0.63396883,0.7213178,-650.5904,304.4712,2476.2249
12.477427,0.17978255,-0.20358503,0.64163774,0.7173091,-648.84674,298.23758,2443.1008
12.365246,0.17680216,-0.24151619,0.64460665,0.7034864,-652.02264,268.44113,2392.8718
12.731478,0.17306745,-0.24701764,0.64885736,0.69858,-646.09894,272.61075,2394.8135
12.614827,0.18147425,-0.24482514,0.6487657,0.69730246,-640.9273,288.90237,2405.877
12.170868,0.23108089,-0.24317984,0.6321611,0.6984536,-637.63965,283.28513,2393.8894
11.640672,0.12490486,-0.18018779,0.6615988,0.7170901,-636.373,316.29758,2278.731
11.697407,0.136875,-0.20953652,0.654324,0.7135964,-639.38824,301.02795,2256.6643
12.252661,0.10304355,-0.25667053,0.6597528,0.6987335,-627.8255,310.5061,2185.6545
11.957508,0.07983985,-0.3104188,0.6548728,0.6844029,-629.0953,335.27203,2171.205
11.73924,-0.0066179624,-0.2605001,0.6624367,0.7023343,-590.21674,326.4417,2082.2036
11.687117,-0.011941159,-0.3403355,0.6573045,0.6722945,-591.83325,306.01456,2059.8418
11.696804,0.04914824,-0.33357537,0.65862507,0.6726997,-588.8983,298.95883,2064.087
11.839688,-0.021923114,-0.3010826,0.71504134,0.630543,-564.64594,269.3157,2031.9207
12.004182,-0.12047899,-0.45222834,0.6160215,0.63363385,-518.42944,278.12027,1979.3127
11.839994,-0.19601466,-0.52648705,0.5514568,0.6166726,-499.3031,303.5274,1974.2467
11.874885,-0.13099748,-0.46485287,0.6242326,0.61407256,-494.25534,314.04086,1974.7073
12.02311,-0.17113139,-0.40639362,0.6401044,0.6291459,-416.29062,268.29868,1919.0511
11.802916,-0.16860965,-0.43611988,0.67676795,0.5686435,-408.61682,275.5333,1919.3472
12.013708,-0.21470818,-0.5322453,0.6111893,0.5450348,-399.81613,275.52,1935.8243
12.576382,-0.2974836,-0.55505514,0.5784989,0.51841706,-442.4766,169.32504,1993.4675
12.619879,0.58828646,0.80456275,0.008532204,-0.08077681,-315.90402,209.09482,1913.6659
12.723841,0.5693618,0.82114595,0.038884427,0.005867732,-259.26886,175.07764,1863.8364
12.423193,0.5699535,0.8203992,0.044434756,0.011122295,-250.1746,191.6052,1862.439
