15.481041,0.16811681,0.13070954,0.78449494,0.5824254,-186.02307,304.38113,1821.8136
15.0349245,0.46516857,0.7414655,-0.40096912,-0.2703161,-188.18419,322.4164,1830.7697
14.453211,0.46286497,0.801051,-0.29902664,-0.23378682,-95.87228,277.4113,1799.4797
14.53201,-0.6145868,-1.2195371,1.4759407,0.25179887,-167.82196,144.08734,1756.6195
14.382527,0.57294476,0.6294488,0.44675803,0.27556437,46.82671,167.08026,1971.5784
14.257845,0.4524735,0.75765353,0.40848756,0.23316675,58.557808,178.77603,1960.1423
13.9644575,0.4114583,0.73540926,-0.5176619,-0.14799103,3.134856,127.130035,1802.2113
14.270236,-0.47256988,-0.26827016,0.7292685,0.4157839,-203.69136,302.89847,2148.8828
14.670256,2.1412032,1.6837252,-0.8812148,0.3686843,101.039536,235.83875,1721.9247
14.832727,0.48938712,0.7126788,-0.45663258,-0.20994234,31.780388,300.04312,1867.6982
15.096039,1.3934913,0.06663633,1.6000075,0.26758856,62.702606,274.62674,1883.3889
14.296273,0.62848085,0.7131713,0.13292724,0.28058675,-193.51443,250.03308,2263.2483
14.100266,1.5194746,0.7870747,0.3409554,0.3045145,44.734955,382.13928,1927.6559
13.89278,1.6855155,1.3993249,0.19499485,0.31292692,-118.334175,343.8244,2120.5718
13.491004,0.5757526,-0.2802737,2.0206292,0.26739943,-169.70016,324.9886,2330.5261
13.206638,0.39261723,-0.19016415,2.017854,0.25869286,-168.40848,232.66602,2331.9385
12.700259,-0.0054845135,-0.074357934,0.70801806,0.7022472,-177.57823,284.73886,2306.51
12.349716,-0.063831255,-0.08709269,0.72008413,0.6854336,-176.12129,295.62735,2288.048
12.314969,-0.044240452,-0.09502943,0.71618074,0.6899981,-171.3071,261.81546,2282.7769
12.751024,-0.056709953,-0.12167587,0.7112525,0.68999916,-171.1772,263.66388,2285.777
12.60491,-0.1575498,-0.16026352,0.69395936,0.6840426,-144.53085,262.8193,2281.7483
12.817599,-0.120216124,-0.16824539,0.73059815,0.65074414,-139.73685,272.02438,2297.2708
13.025891,-0.7372032,-0.07032396,1.93814,0.25935024,-108.419846,215.14798,2312.911
12.973177,-0.7781632,-0.055946138,1.8725035,0.25397527,-91.29342,240.95465,2304.1145
12.813152,-1.2052382,-1.173434,1.3949552,0.27650672,-38.40474,330.7859,2422.7717
12.501996,1.2522079,1.1266993,0.69618964,0.27332234,-10.936859,319.4161,2366.1519
12.42995,1.3607135,1.2671537,0.75295436,0.2805056,5.193281,301.39374,2313.195
12.225123,1.2495667,1.1288153,0.8775199,0.27050665,-3.0487576,291.55038,2329.5964
12.358533,1.3931559,0.31914285,1.8099698,0.28874475,46.442642,295.93027,2360.928
12.7926655,1.327877,1.1136417,0.6361363,0.28041098,-40.044918,287.99792,2386.4592
12.8044405,0.33371833,0.6939869,-0.5142951,-0.37751135,-124.15073,296.70108,2302.079
12.519285,2.5633194,1.5975457,-0.43562242,0.3815794,212.5312,276.2108,2611.7095
12.5255575,0.87399185,1.3372357,-1.1244446,0.31247902,-5.406269,236.1376,2316.8472
12.663652,1.0987535,1.3537589,1.5798345,0.29650944,47.546143,305.1804,2578.998
12.698027,1.110181,2.171477,0.52765447,0.3139904,108.622345,349.17212,2634.5342
12.579356,2.4402337,1.7427033,-0.40320906,0.37835136,201.48218,332.7737,2565.077
12.985687,2.1183362,1.8395149,0.05307774,0.35167474,191.12328,345.78876,2579.21
