13.037561,0.0,0.0,0.0,0.43301272,-239.2354,33.110565,2204.5823
12.747385,0.0,0.0,0.0,0.43301272,-235.08928,69.68109,2213.0874
12.702846,0.0,0.0,0.0,0.43301272,-253.13843,63.141724,2163.231
12.778787,0.0,0.0,0.0,0.43301272,-253.98782,70.75452,2231.4492
12.991835,0.0,0.0,0.0,0.43301272,-282.98312,91.81821,2374.9453
13.008465,0.0,0.0,0.0,0.43301272,-194.7893,-23.865189,2353.8403
12.597468,0.0,0.0,0.0,0.43301272,-328.44864,12.466766,2443.058
12.254867,0.0,0.0,0.0,0.43301272,-350.33676,107.279205,2458.6272
12.409849,0.0,0.0,0.0,0.43301272,-347.3713,86.98535,2473.0894
12.732692,0.0,0.0,0.0,0.43301272,-353.41614,81.06456,2498.8994
13.144562,0.0,0.0,0.0,0.43301272,-242.95685,257.53357,2447.234
12.939412,0.0,0.0,0.0,0.43301272,-354.42645,169.81462,2449.1665
12.928559,0.0,0.0,0.0,0.43301272,-349.9309,97.78319,2458.157
12.697845,0.0,0.0,0.0,0.43301272,-314.16397,90.14575,2482.7896
12.614238,0.0,0.0,0.0,0.43301272,-285.41556,79.96091,2477.6406
12.585815,0.0,0.0,0.0,0.43301272,-279.1387,-45.78961,2527.416
12.503189,0.0,0.0,0.0,0.43301272,-152.84926,-56.31244,1960.9529
12.363929,0.0,0.0,0.0,0.43301272,-126.77606,11.877167,2521.9272
12.6183405,0.0,0.0,0.0,0.43301272,-128.48383,35.05719,2463.676
12.55299,0.0,0.0,0.0,0.43301272,-31.341042,-77.66724,1942.9563
12.6465645,0.0,0.0,0.0,0.43301272,-136.63705,86.75218,2373.2644
12.88266,0.0,0.0,0.0,0.43301272,-178.05951,127.77276,2351.2834
13.081072,0.0,0.0,0.0,0.43301272,99.427925,137.52405,1882.7731
13.064498,0.0,0.0,0.0,0.43301272,161.89786,-42.199036,1960.4054
13.423203,0.0,0.0,0.0,0.43301272,70.79167,272.6509,2484.8276
13.31481,0.0,0.0,0.0,0.43301272,28.830902,191.12085,2490.851
12.980777,0.0,0.0,0.0,0.43301272,225.81575,0.092041016,2007.6875
12.5617695,0.0,0.0,0.0,0.43301272,223.79913,14.14975,2006.3219
13.15262,0.0,0.0,0.0,0.43301272,237.09018,-10.500488,2035.6896
12.981296,0.0,0.0,0.0,0.43301272,237.3894,44.161133,2043.3148
12.53076,0.0,0.0,0.0,0.43301272,247.90102,52.500397,2091.189
12.3874855,0.0,0.0,0.0,0.43301272,250.5629,36.953827,2127.1016
12.271079,0.0,0.0,0.0,0.43301272,258.02612,28.792175,2166.7737
12.339218,0.0,0.0,0.0,0.43301272,265.61414,31.126678,2188.8948
12.269677,0.0,0.0,0.0,0.43301272,262.83847,19.050934,2221.8157
12.592202,0.0,0.0,0.0,0.43301272,246.96199,13.050507,2263.413
12.850771,0.0,0.0,0.0,0.43301272,242.53189,15.634125,2276.352
12.819336,0.0,0.0,0.0,0.43301272,243.42427,21.815582,2297.56
12.643862,0.0,0.0,0.0,0.43301272,227.33447,14.673889,2335.3047
12.726891,0.0,0.0,0.0,0.43301272,223.81476,18.158386,2347.14
12.854725,0.0,0.0,0.0,0.43301272,219.75336,20.371246,2438.4465
