12.563346,0.0,0.0,0.0,0.43301272,-46.762985,89.59445,1549.2286
12.298081,0.0,0.0,0.0,0.43301272,24.429657,115.13306,1624.045
12.340934,0.0,0.0,0.0,0.43301272,123.51349,139.37405,1613.8442
12.806701,0.0,0.0,0.0,0.43301272,149.31937,142.09216,1655.234
13.167027,0.0,0.0,0.0,0.43301272,186.31358,135.75504,1710.4313
14.022273,0.0,0.0,0.0,0.43301272,213.91336,119.15471,1748.6749
14.696261,0.0,0.0,0.0,0.43301272,240.42628,103.05556,1782.4517
14.477682,0.0,0.0,0.0,0.43301272,252.85324,93.89955,1806.1989
13.792635,0.0,0.0,0.0,0.43301272,283.07623,81.98517,1865.6338
13.558762,0.0,0.0,0.0,0.43301272,310.92493,85.02644,1902.9606
13.566175,0.0,0.0,0.0,0.43301272,335.83148,94.68468,1935.7272
13.098807,0.0,0.0,0.0,0.43301272,390.12518,123.5419,2015.1069
13.118184,0.0,0.0,0.0,0.43301272,402.43817,126.21867,2050.1206
13.193878,0.0,0.0,0.0,0.43301272,412.75165,127.90956,2109.4795
13.954601,0.0,0.0,0.0,0.43301272,405.3267,116.16728,2155.2517
14.307082,0.0,0.0,0.0,0.43301272,399.09412,114.022934,2179.6868
14.635025,0.0,0.0,0.0,0.43301272,387.52756,110.3022,2219.4114
14.494299,0.0,0.0,0.0,0.43301272,377.12854,111.62497,2236.3538
13.805433,0.0,0.0,0.0,0.43301272,361.48724,139.57533,2288.4136
13.705963,0.0,0.0,0.0,0.43301272,366.56693,127.23837,2320.4905
13.703677,0.0,0.0,0.0,0.43301272,364.5035,120.366516,2328.5303
12.982505,0.0,0.0,0.0,0.43301272,288.89197,94.89438,2305.4502
13.016957,0.0,0.0,0.0,0.43301272,249.77765,91.53735,2279.5796
13.058037,0.0,0.0,0.0,0.43301272,226.08424,83.841034,2275.2876
12.759735,0.0,0.0,0.0,0.43301272,183.15619,70.653595,2261.5837
12.883603,0.0,0.0,0.0,0.43301272,171.71875,62.22226,2272.6177
12.581458,0.0,0.0,0.0,0.43301272,138.40083,71.84836,2310.7317
12.6144085,0.0,0.0,0.0,0.43301272,122.42699,76.78458,2325.9094
12.7761755,0.0,0.0,0.0,0.43301272,119.03065,75.06683,2328.6938
12.728985,0.0,0.0,0.0,0.43301272,109.37971,74.53113,2339.6746
13.700957,0.0,0.0,0.0,0.43301272,76.83473,78.227325,2390.27
14.49378,0.0,0.0,0.0,0.43301272,-49.911358,63.67627,2457.773
15.085352,0.0,0.0,0.0,0.43301272,-177.32118,50.262634,2444.186
14.807054,0.0,0.0,0.0,0.43301272,-217.28716,48.424408,2426.1433
15.385904,0.0,0.0,0.0,0.43301272,-257.7045,48.782654,2399.2053
14.950121,0.0,0.0,0.0,0.43301272,-295.31723,53.87683,2345.6208
15.489574,0.0,0.0,0.0,0.43301272,-316.48148,64.746735,2323.349
15.424188,0.0,0.0,0.0,0.43301272,-327.72546,66.83139,2317.528
15.0015955,0.0,0.0,0.0,0.43301272,-357.29672,67.94672,2304.6294
15.543825,0.0,0.0,0.0,0.43301272,-396.9853,62.01944,2317.3586
15.936364,0.0,0.0,0.0,0.43301272,-437.35403,62.796997,2325.3303
16.157566,0.0,0.0,0.0,0.43301272,-461.5624,48.97348,2335.4875
15.234582,0.0,0.0,0.0,0.43301272,-526.2587,41.728455,2350.221
14.776444,0.0,0.0,0.0,0.43301272,-549.192,50.48767,2351.0232
14.642218,0.0,0.0,0.0,0.43301272,-585.2474,53.279327,2347.4617
15.251595,0.0,0.0,0.0,0.43301272,-614.2979,36.218872,2334.8464
15.692456,0.0,0.0,0.0,0.43301272,-641.4073,25.70227,2319.7542
15.71367,0.0,0.0,0.0,0.43301272,-770.16675,48.95755,2315.797
15.945872,0.0,0.0,0.0,0.43301272,-823.133,55.575806,2284.8315
15.142405,0.0,0.0,0.0,0.43301272,-853.49243,58.28885,2190.042
15.515813,0.0,0.0,0.0,0.43301272,-850.30383,70.09204,2116.8838
15.375855,0.0,0.0,0.0,0.43301272,-833.1394,73.32669,2067.3557
