13.038012,0.0,0.0,0.0,0.43301272,-283.13058,-197.75858,1690.0784
13.02005,0.0,0.0,0.0,0.43301272,-263.95032,-199.68912,1662.1763
12.816794,0.0,0.0,0.0,0.43301272,-115.82582,44.14882,1729.7788
12.560477,0.0,0.0,0.0,0.43301272,-56.22213,152.75885,1587.9867
12.390661,0.0,0.0,0.0,0.43301272,-21.58963,217.66043,1528.1989
12.345007,0.0,0.0,0.0,0.43301272,-65.53401,-59.552628,1490.8984
12.593659,0.0,0.0,0.0,0.43301272,-19.72342,-13.2092285,1481.7568
12.364914,0.0,0.0,0.0,0.43301272,17.03775,-18.890533,1499.8444
12.74652,0.0,0.0,0.0,0.43301272,-5.041893,-71.69327,1564.7487
12.429861,0.0,0.0,0.0,0.43301272,2.8338032,-67.24957,2147.5483
12.877331,0.0,0.0,0.0,0.43301272,0.11163044,-74.53995,2156.334
13.282621,0.0,0.0,0.0,0.43301272,15.389969,-65.41156,2094.867
13.284585,0.0,0.0,0.0,0.43301272,159.93684,115.26437,1672.5125
13.291843,0.0,0.0,0.0,0.43301272,-108.79954,441.25922,2259.1516
13.053018,0.0,0.0,0.0,0.43301272,-72.79613,443.21658,2226.5464
13.264401,0.0,0.0,0.0,0.43301272,103.70864,216.0513,1777.6278
13.925792,0.0,0.0,0.0,0.43301272,-84.30721,575.90247,2038.2266
14.473506,0.0,0.0,0.0,0.43301272,-26.678589,114.2959,2291.2651
14.668913,0.0,0.0,0.0,0.43301272,2.03833,103.20154,2228.1729
14.495046,0.0,0.0,0.0,0.43301272,189.30513,-39.594086,1805.7379
14.431135,0.0,0.0,0.0,0.43301272,297.23383,45.18982,1859.8004
14.494665,0.0,0.0,0.0,0.43301272,-36.77047,159.45862,2230.3643
14.705814,0.0,0.0,0.0,0.43301272,-41.4766,124.381454,2239.214
14.931315,0.0,0.0,0.0,0.43301272,-52.38422,109.429245,2222.4583
15.079436,0.0,0.0,0.0,0.43301272,-29.989677,97.93935,2215.2354
15.267557,0.0,0.0,0.0,0.43301272,-51.5245,-46.492493,2172.1487
15.4043255,0.0,0.0,0.0,0.43301272,-22.754255,10.8428955,2336.7124
15.6772,0.0,0.0,0.0,0.43301272,-27.353184,-44.117188,2161.808
15.3746195,0.0,0.0,0.0,0.43301272,-25.488876,-24.06137,2173.1921
15.507127,0.0,0.0,0.0,0.43301272,-15.477398,-27.039948,2167.0535
15.604677,0.0,0.0,0.0,0.43301272,-6.2147865,-25.038574,2161.722
15.747538,0.0,0.0,0.0,0.43301272,2.8713932,-20.97586,2179.5312
15.8403015,0.0,0.0,0.0,0.43301272,28.269714,-40.128967,2170.1184
15.855565,0.0,0.0,0.0,0.43301272,15.480209,-20.525757,2194.773
15.674597,0.0,0.0,0.0,0.43301272,31.001774,14.723724,2196.88
15.80722,0.0,0.0,0.0,0.43301272,34.645664,24.4747,2223.7537
15.886213,0.0,0.0,0.0,0.43301272,37.91174,-7.2971497,2217.2993
15.976134,0.0,0.0,0.0,0.43301272,30.96913,17.199432,2206.1255
16.086287,0.0,0.0,0.0,0.43301272,32.606705,-2.023529,2191.7935
16.172077,0.0,0.0,0.0,0.43301272,-3.659706,137.29578,2161.238
15.549481,0.0,0.0,0.0,0.43301272,23.640461,33.817963,2147.2153
15.120578,0.0,0.0,0.0,0.43301272,27.634022,15.597107,2145.2388
15.058434,0.0,0.0,0.0,0.43301272,185.5916,54.972717,2152.9822
14.637165,0.0,0.0,0.0,0.43301272,97.638405,75.61282,2254.8875
15.054485,0.0,0.0,0.0,0.43301272,190.87556,70.20474,2518.4878
15.205925,0.0,0.0,0.0,0.43301272,-11.318939,20.494263,2168.1782
15.381759,0.0,0.0,0.0,0.43301272,101.913284,50.370605,2498.2444
15.528398,0.0,0.0,0.0,0.43301272,113.98634,61.272156,2503.8047
15.553968,0.0,0.0,0.0,0.43301272,-33.11577,31.448761,2227.7676
15.624824,0.0,0.0,0.0,0.43301272,-42.019012,37.042725,2230.31
15.87136,0.0,0.0,0.0,0.43301272,-0.8811035,73.153824,2439.142
15.903661,0.0,0.0,0.0,0.43301272,198.29402,444.31912,2626.1384
15.341865,0.0,0.0,0.0,0.43301272,170.59233,445.52356,2555.8716
15.341401,0.0,0.0,0.0,0.43301272,84.47441,287.06754,2505.1877
15.402222,0.0,0.0,0.0,0.43301272,160.69547,297.07962,2563.503
15.698185,0.0,0.0,0.0,0.43301272,139.00717,266.64932,2607.0632
15.916004,0.0,0.0,0.0,0.43301272,112.357155,278.36212,2586.5378
15.988056,0.0,0.0,0.0,0.43301272,97.59813,235.01567,2608.045
15.76185,0.0,0.0,0.0,0.43301272,93.003204,213.46176,2633.1565
15.803713,0.0,0.0,0.0,0.43301272,85.857185,190.0581,2649.3289
15.497749,0.0,0.0,0.0,0.43301272,60.484734,139.28693,2681.777
15.563608,0.0,0.0,0.0,0.43301272,43.85626,120.46826,2703.317
15.550934,0.0,0.0,0.0,0.43301272,22.033607,132.54866,2724.4077
15.554828,0.0,0.0,0.0,0.43301272,15.472763,127.8916,2734.8308
15.173367,0.0,0.0,0.0,0.43301272,19.312523,112.6823,2751.432
14.590742,0.0,0.0,0.0,0.43301272,-4.9762955,98.54906,2764.1377
