14.588582,0.0,0.0,0.0,0.43301272,-69.18194,96.243195,2040.2568
14.8543415,0.0,0.0,0.0,0.43301272,-47.444332,90.059906,2042.3206
14.674898,0.0,0.0,0.0,0.43301272,-81.53984,106.46945,2082.2324
14.694393,0.0,0.0,0.0,0.43301272,-17.156176,68.489105,2060.015
14.556275,0.0,0.0,0.0,0.43301272,19.906765,-52.048187,2019.416
14.43315,0.0,0.0,0.0,0.43301272,-22.20868,45.48523,2036.3936
14.440428,0.0,0.0,0.0,0.43301272,31.472733,74.645386,2087.0571
13.963756,0.0,0.0,0.0,0.43301272,29.192879,66.181335,2171.2356
13.733308,0.0,0.0,0.0,0.43301272,20.177528,110.99536,2274.7239
13.670754,0.0,0.0,0.0,0.43301272,75.47549,178.8352,2342.7673
13.480846,0.0,0.0,0.0,0.43301272,81.67265,170.82538,2378.3315
13.189647,0.0,0.0,0.0,0.43301272,76.46919,166.24371,2408.1343
13.004452,0.0,0.0,0.0,0.43301272,59.44651,171.35431,2432.9832
13.111422,0.0,0.0,0.0,0.43301272,92.367455,250.95009,2492.8406
13.217527,0.0,0.0,0.0,0.43301272,16.008102,177.19493,2471.6006
12.045812,0.0,0.0,0.0,0.43301272,8.057701,218.1745,2490.1257
11.873093,0.0,0.0,0.0,0.43301272,-20.274345,203.22363,2499.2139
11.895361,0.0,0.0,0.0,0.43301272,-49.635406,192.93723,2508.8455
12.389297,0.0,0.0,0.0,0.43301272,-99.24614,183.55606,2547.8691
13.28245,0.0,0.0,0.0,0.43301272,-176.10512,122.865295,2571.1057
13.64929,0.0,0.0,0.0,0.43301272,-214.45213,118.06702,2574.736
13.984643,0.0,0.0,0.0,0.43301272,-544.23553,77.00452,2486.216
14.297215,0.0,0.0,0.0,0.43301272,-576.1555,80.974335,2481.35
14.508993,0.0,0.0,0.0,0.43301272,-621.503,64.88019,2454.9011
14.680675,0.0,0.0,0.0,0.43301272,-632.5471,102.675995,2475.6902
15.170058,0.0,0.0,0.0,0.43301272,-645.1919,76.2572,2469.69
15.536944,0.0,0.0,0.0,0.43301272,-710.496,-18.061523,2506.5232
15.3478155,0.0,0.0,0.0,0.43301272,-672.069,79.418274,2442.4753
14.829207,0.0,0.0,0.0,0.43301272,-675.37054,73.81293,2410.9048
14.505921,0.0,0.0,0.0,0.43301272,-699.90985,88.151764,2380.8364
14.19384,0.0,0.0,0.0,0.43301272,-708.063,107.04358,2322.7573
13.84632,0.0,0.0,0.0,0.43301272,-728.0028,115.928925,2271.602
13.926191,0.0,0.0,0.0,0.43301272,-743.0278,118.79837,2250.5715
14.216129,0.0,0.0,0.0,0.43301272,-750.34863,84.41077,2224.778
14.513748,0.0,0.0,0.0,0.43301272,-756.17596,83.68945,2216.5425
14.767215,0.0,0.0,0.0,0.43301272,-771.4361,101.40692,2201.1863
14.996856,0.0,0.0,0.0,0.43301272,-765.6438,108.834625,2167.7102
15.350665,0.0,0.0,0.0,0.43301272,-776.3668,114.844025,2128.9595
15.640498,0.0,0.0,0.0,0.43301272,-777.88336,107.26022,2079.7751
15.859394,0.0,0.0,0.0,0.43301272,-771.6921,117.17966,2017.2961
15.54557,0.0,0.0,0.0,0.43301272,-756.27454,99.24353,1974.5244
15.634948,0.0,0.0,0.0,0.43301272,-749.92523,107.07831,1935.661
15.360843,0.0,0.0,0.0,0.43301272,-745.0813,102.000854,1899.471
15.225958,0.0,0.0,0.0,0.43301272,-730.0958,111.075745,1869.6719
15.130268,0.0,0.0,0.0,0.43301272,-703.13855,122.68506,1771.297
15.287564,0.0,0.0,0.0,0.43301272,-689.7179,143.84393,1732.7979
15.472985,0.0,0.0,0.0,0.43301272,-680.2131,97.51425,1711.6711
15.624409,0.0,0.0,0.0,0.43301272,-657.39636,112.220795,1664.9285
15.743517,0.0,0.0,0.0,0.43301272,-642.281,106.051636,1651.0399
15.902799,0.0,0.0,0.0,0.43301272,-627.0835,119.515594,1637.8624
15.808526,0.0,0.0,0.0,0.43301272,-558.78784,70.43634,1564.3392
15.932002,0.0,0.0,0.0,0.43301272,-458.06177,-76.478485,1628.4435
16.019741,0.0,0.0,0.0,0.43301272,-449.83545,-64.305756,1641.0667
15.633474,0.0,0.0,0.0,0.43301272,-378.10907,181.3761,1490.6678
15.157891,0.0,0.0,0.0,0.43301272,-328.26984,137.04659,1600.2224
15.139299,0.0,0.0,0.0,0.43301272,-353.4831,59.916428,1495.7953
15.148415,0.0,0.0,0.0,0.43301272,-277.61313,-25.58757,1500.3113
14.970523,0.0,0.0,0.0,0.43301272,-290.95923,-64.099686,1436.7548
15.025646,0.0,0.0,0.0,0.43301272,-282.5744,-55.850555,1595.9946
15.1653595,0.0,0.0,0.0,0.43301272,-149.47389,90.66914,1537.46
15.424362,0.0,0.0,0.0,0.43301272,-136.24814,105.004196,1518.7051
