15.481041,0.3098135,0.014037953,0.71532184,0.62620544,-193.34566,583.108,1952.9696
15.0349245,-1.158982,-1.2882618,0.50055414,0.2678363,-160.09537,597.68,1926.403
14.453211,-0.8962148,-1.0498664,0.28230795,0.25097358,-101.85732,568.7217,1892.6738
14.53201,-0.27479655,-0.41042212,0.61141884,0.6182294,-194.5485,454.33002,1810.8063
14.382527,0.6132013,0.59557295,0.44251013,0.2710384,17.671917,447.0407,2035.0123
14.257845,0.6525171,0.6228218,0.3721438,0.21868564,43.039608,465.52246,2022.8241
13.9644575,0.57185805,0.6308498,-0.33203936,-0.40590233,-1.8029473,424.74112,1841.9607
14.270236,-1.2249999,-0.75612754,1.46927,0.26747563,-146.10652,617.4149,2087.2612
14.670256,0.58084124,0.7659881,0.26141882,0.08686662,12.579937,502.58282,1770.584
14.832727,-0.94052213,-0.9995344,0.49030775,0.25227913,35.37415,578.7595,1903.6613
15.096039,0.2888804,0.23100358,0.6932024,0.6185918,42.49143,570.13586,1917.5922
14.296273,0.8709079,0.9783835,0.111561045,0.25821912,-191.65128,534.7012,2148.4377
14.100266,0.44521326,0.56885153,0.69135666,-0.014796903,-175.237,559.4133,2158.3157
13.89278,0.56041694,0.7144782,0.35451537,0.22309753,-186.01952,582.1826,2140.097
13.491004,-0.121209994,0.25975606,0.64057624,0.71238816,-156.4229,579.2114,2173.3376
13.206638,-0.13262047,0.21910179,0.66594785,0.70065653,-163.4032,490.07965,2189.664
12.700259,-0.1945146,0.1160342,0.68079644,0.6965747,-164.17433,547.35767,2182.5132
12.349716,-0.23386021,0.08052083,0.6810343,0.6892155,-158.63272,560.8524,2161.6233
12.314969,-0.48465604,0.09544513,1.9749266,0.25451896,-148.13835,557.7444,2198.4326
12.751024,-0.55244666,0.047156755,1.9867622,0.2579836,-139.62108,556.07776,2202.6235
12.60491,-0.7458192,-0.17254502,1.928667,0.25941822,-106.249664,584.70795,2195.6506
12.817599,-0.6855096,-0.15078585,1.9712493,0.26160675,-99.09346,587.9822,2221.7192
13.025891,-0.61518407,-0.1621853,1.9362596,0.25487155,-86.5037,545.9873,2239.7048
12.973177,-0.645027,-0.30451125,1.9710925,0.26205567,-55.331383,565.825,2258.0537
12.813152,-2.25448,-0.6354061,1.2466158,0.3344219,245.06215,571.5532,2381.3784
12.501996,1.3110087,1.2415438,0.6714205,0.27774683,42.98713,583.88763,2310.094
12.42995,1.114764,1.0522448,0.77080727,0.2615405,31.8583,591.6777,2300.3523
12.225123,1.0665348,1.0195793,0.8541542,0.25651705,13.150093,599.2308,2326.8315
12.358533,0.21675749,0.32653296,0.6446821,0.65633625,34.628864,558.30414,2321.3118
12.7926655,1.1999958,0.7415369,0.7011449,0.27558973,51.834934,585.2819,2463.3652
12.8044405,-1.687786,-1.4377036,0.98817986,0.30727825,18.040041,607.6595,2393.039
12.519285,0.52507275,0.7267618,0.27931952,0.34365162,153.50778,541.63934,2554.4158
12.5255575,0.6551795,0.7349842,-0.047506176,-0.16817002,-35.474125,582.8116,2382.3367
12.663652,0.13046661,0.62236863,0.524336,0.5663104,-71.72537,583.11536,2370.2205
12.698027,0.231432,0.7962219,0.23197897,0.508582,-25.917376,565.72363,2382.8723
12.579356,0.49322504,0.76554954,0.285397,0.2986829,107.028946,593.73706,2515.52
12.985687,0.44855195,0.7805655,0.32327366,0.2915695,71.40056,594.6447,2532.9624
