12.155489,-0.44480166,0.7209931,-0.036640085,0.5300735,-12.778192,337.89447,1950.5074
12.176359,0.58103734,-0.3738568,-0.3735863,-0.61891824,-186.95876,354.03546,2088.6575
12.02019,-1.6934994,-2.237413,-0.9546491,0.37052482,-68.35605,224.38974,1708.6229
12.125674,0.63931715,-0.55737334,-0.3196676,-0.42239928,-44.196484,468.1526,2026.5175
11.910137,1.0137731,-0.41653547,-3.269527,0.4339402,-82.44561,543.3966,1822.9764
11.8957615,1.2093511,-0.53466207,-3.1147325,0.42308754,-39.981995,431.5838,1838.6025
11.95425,-1.1052358,1.1211241,-2.9288042,0.42007092,-22.602665,436.04874,1830.9884
11.85408,-0.29851648,0.6215732,-0.46222034,-0.5575724,68.6938,334.51334,1753.6024
11.994447,0.78180236,-0.44381747,-0.14534992,-0.41313988,-81.38541,456.9867,2095.8264
12.154248,-0.16910942,-1.8761795,-1.4520974,0.3113814,-43.54142,519.88104,2133.1804
12.432364,-1.7009054,0.8363909,-2.668386,0.40988058,94.222855,510.07886,1906.6769
12.719012,1.7593614,-0.8069206,-2.559245,0.40116036,20.773884,581.16907,2182.8992
12.355141,-1.8416469,0.34201068,-2.80852,0.42565873,151.70338,486.91547,1918.0166
12.474613,-1.6964723,0.6522769,-2.790328,0.41771522,148.53928,522.74695,1938.7998
13.06086,-1.1842439,0.6133039,-3.1367586,0.42863435,172.27693,512.7023,1976.7098
13.274398,-0.945241,0.8096509,-3.1501634,0.42441562,196.6774,549.5933,1992.595
12.508472,-1.10445,0.62294066,-3.1697288,0.42918447,249.6389,557.4795,2051.1646
12.581567,-0.9188332,0.8725526,-3.1465552,0.42669877,270.25986,572.1299,2071.615
12.616903,-1.2665858,0.19062486,-3.2007551,0.43892252,297.52737,491.20093,2065.3235
13.028316,-1.364438,0.5097104,-3.0802588,0.4337605,302.2477,572.8807,2084.1206
13.839685,-1.4309589,0.36522526,-3.0652494,0.43817458,319.3984,606.0418,2092.8875
14.523471,-1.1372617,0.5101975,-3.195339,0.43519837,336.77084,603.0512,2114.8157
14.940663,-1.0696144,0.15920968,-3.2944956,0.4388041,353.51727,581.0764,2155.9412
14.770514,-2.5998657,0.8428623,-1.1230173,0.37269822,63.658062,614.4377,2361.3042
14.493069,0.7743129,-0.45758072,0.228955,-0.3723425,269.0279,616.77356,2244.9446
14.473774,-1.6763563,0.66413134,-2.73173,0.40916353,373.73532,545.5828,2229.4246
13.837828,-1.6484299,0.7661574,-2.5787542,0.39625785,332.87985,614.5186,2244.101
13.856397,-1.1914237,1.0981458,-2.8477366,0.40996173,341.09485,585.4825,2326.6455
13.26032,-1.3106728,-0.09713063,-3.1423364,0.42595106,324.62915,567.18243,2320.8977
13.132821,0.74593073,-0.6275132,0.20836009,-0.08000379,318.7497,567.79224,2346.5254
13.114374,0.73684466,-0.5460246,0.32667106,-0.22847956,316.84198,545.73804,2354.279
13.362414,-1.5067621,0.813806,-2.6472335,0.39646715,298.84995,522.1791,2407.6118
13.476034,-2.8566525,-0.10786656,-1.1026119,0.3833244,20.173933,616.2094,2392.1855
13.457975,-2.0594006,-0.10676947,-2.6993427,0.4290641,164.50003,588.05945,2438.462
13.370931,0.7739463,-0.34726495,0.34820902,-0.39895442,91.410866,627.9198,2379.2217
13.107765,0.7740229,-0.58547515,-0.21692045,0.105133,47.637474,605.4325,2360.766
13.428419,0.7671461,-0.58983153,-0.22917582,0.10518537,44.228397,597.14246,2382.3606
13.553485,0.74420565,-0.55878186,-0.2662195,0.25109336,21.95042,546.701,2394.3008
13.565724,-1.4285156,1.1191046,-0.9822766,0.27453393,22.802753,560.4592,2395.9436
13.444171,-1.7245843,1.138103,-1.7183485,0.3429862,28.0219,564.9225,2398.8835
13.173755,-1.4004742,1.1167095,-0.7541779,0.2568853,11.386076,565.6686,2436.4446
13.295455,0.6029731,-0.51541185,0.2779969,-0.54174864,3.6331148,561.9048,2452.0566
12.903353,-1.5381663,1.2826185,-1.1799105,0.2989822,6.230136,545.06744,2463.8787
13.0794,-1.4617251,1.2360636,-1.0905733,0.28683943,0.78351593,545.0601,2468.6025
13.186075,0.5908917,-0.4921958,0.3452687,-0.5379402,-8.191908,544.31976,2484.0112
