13.501085,-0.08013973,0.9320112,-0.012608757,0.35323003,-548.04834,589.54285,1881.3322
13.76794,-0.08424798,0.93049216,-0.008557073,0.3563863,-505.40842,598.76245,1857.1161
13.653956,-0.09026208,0.93297094,-0.00519852,0.3484088,-488.14642,601.9045,1845.6638
14.006186,-0.10077571,0.9389655,-0.002137336,0.32890916,-462.45642,611.2173,1826.7179
14.253141,-0.10631272,0.94111997,0.0037476472,0.32089636,-441.0478,615.5586,1812.5801
14.316877,-0.11046274,0.9409799,0.002306107,0.31991756,-431.90768,620.6245,1803.3877
14.85177,-0.10382395,0.932571,0.002834037,0.34571895,-409.33667,631.4306,1792.0621
15.370069,-0.07747232,0.91893363,-8.2807953E-4,0.38672462,-369.22778,636.24646,1790.6995
15.263018,-0.06393465,0.91936094,0.0104936715,0.38804027,-329.6833,633.97156,1776.822
15.124275,-0.072105706,0.925647,0.009583678,0.3713275,-312.29626,632.6522,1760.9769
14.780361,-0.09089369,0.9318475,-0.0064610774,0.35121846,-275.44513,631.4337,1722.3198
15.306899,-0.115738004,0.9436637,-0.035086706,0.3080099,-242.9776,624.65674,1679.367
15.716627,-0.07567846,0.99695563,-8.6038874E-4,0.01868922,-165.55911,615.33704,1673.5599
16.124594,0.0016703763,0.9900611,0.039011907,-0.13510029,-94.0895,622.02856,1695.5227
16.00481,0.032938004,0.9648113,0.06257469,-0.2532516,-57.329327,616.05615,1705.3962
16.160074,0.036293823,0.94952554,0.07551621,-0.30228978,-50.284977,612.26306,1721.4016
15.249894,0.077710085,0.94208837,0.09853617,-0.31099674,-31.248413,613.0603,1769.1659
14.86111,0.0818464,0.9468543,0.110213146,-0.2908934,3.9197464,608.21027,1823.7124
14.635375,0.08206944,0.9496995,0.11469604,-0.2796034,18.397081,604.2081,1848.4502
14.218494,0.06861429,0.95525914,0.115731336,-0.2633935,41.852333,591.08875,1896.83
14.050654,0.059426416,0.9619635,0.105713226,-0.2447803,54.640865,592.7494,1918.6367
13.669277,0.04456833,0.9695334,0.10601085,-0.21628278,68.278854,590.3331,1940.4695
13.445156,0.02766334,0.97576493,0.10693622,-0.18889156,80.29149,579.28705,1972.4421
13.616517,0.026797947,0.9782169,0.11134313,-0.17313075,88.50016,571.22314,1986.9854
13.321008,0.035006564,0.9876617,0.099180564,-0.11601707,118.063515,555.87085,2019.5239
13.189873,0.04688441,0.98926795,0.10461267,-0.09058088,137.8286,546.10974,2045.846
12.792584,0.04561077,0.99305475,0.105913386,-0.023283556,179.63281,545.7174,2096.8992
12.749295,0.03129009,0.9936375,0.10488456,0.02650591,200.20587,557.01807,2121.7566
12.837149,0.025243212,0.9913835,0.10555373,0.073333666,211.79788,566.19543,2141.7473
12.229612,0.01461766,0.9842585,0.12084007,0.12812935,218.40382,561.9579,2175.5432
12.181432,0.013731287,0.9774987,0.12441478,0.16978379,218.44185,556.17035,2191.1887
11.942856,0.009013537,0.9695865,0.13024604,0.2070134,211.0738,553.7988,2206.6062
11.747213,-0.0045286105,0.96014535,0.12442383,0.2502339,196.08069,548.55347,2221.0466
11.57768,-0.012670223,0.9531248,0.12718664,0.2742514,175.7822,540.89655,2238.0557
11.322232,-0.012761182,0.94083095,0.13157533,0.3120255,154.6998,536.7536,2258.165
12.012388,-0.060386565,0.94196343,0.11080072,0.31109342,103.14845,540.19666,2274.1726
13.108178,-0.09303733,0.93208516,0.09875763,0.33586565,49.77484,561.1647,2277.9714
13.975091,-0.092870325,0.9265313,0.08650984,0.35415864,22.161793,569.2412,2279.706
14.231416,-0.0969063,0.9275169,0.06868565,0.35440287,7.630558,571.11584,2279.4634
14.106767,-0.10310854,0.90568084,0.048482127,0.40835986,-19.47155,572.849,2274.3525
14.69275,-0.12307906,0.8986139,0.029835226,0.42006156,-48.035305,567.2351,2269.8882
15.170876,-0.11330738,0.9010521,0.04485102,0.4162358,-63.194244,567.0404,2286.1028
