13.515269,-0.030173987,0.9985743,-0.041173346,0.015607538,-325.1256,110.92282,2242.5005
13.885453,-0.002705449,0.9980942,-0.054894846,0.02805603,-298.22058,121.414795,2241.9482
14.494244,0.043322925,0.9793476,0.19702415,0.013524564,-278.48022,135.53165,2226.9966
14.334024,0.054021753,0.9812083,0.18195231,0.03471558,-270.41156,160.37543,2216.2043
14.424963,0.42939728,0.21255077,-0.18893324,0.43625456,-175.73882,-50.05542,2029.9731
14.4305105,0.19021276,-2.027208,-0.05489692,0.2548771,-221.77849,166.3044,2175.666
13.861443,0.019860115,0.92824316,-0.24141692,-0.2822906,-213.66154,131.7267,2226.4668
14.222729,0.870615,-0.8718951,0.07191306,0.42130175,-154.49919,153.00807,2172.1145
13.536725,1.4322529,-1.399364,0.5718258,0.37784126,-165.81148,-32.532806,2007.6804
13.316741,0.22178297,-2.358115,0.05567541,0.31288624,-135.37431,44.896194,1984.775
13.252067,-0.023633135,-2.3314145,0.19679976,0.30413005,-132.36461,39.942017,1998.5437
13.370516,0.377435,-2.1023068,-0.0958576,0.2691789,-90.56905,49.647537,2007.0459
13.027086,0.013269822,0.9124056,0.067782305,0.40341723,-82.22772,57.17096,2163.2012
12.700201,0.04968064,0.79291147,0.07136104,0.603101,-61.59419,127.90689,2078.5925
12.103271,-0.08007122,0.84306,0.03326698,-0.53078413,-30.090532,115.19757,2063.9287
11.886257,-0.02681987,0.9794966,-0.19947278,-0.008816396,8.681943,121.23955,2022.3527
11.458372,0.32302576,-1.3581022,-0.22985467,0.42370644,71.47967,150.35457,2008.4983
11.271437,0.2732394,-1.4247669,-0.23985253,0.42280418,80.13998,147.89116,2003.6172
11.081303,0.3112304,-1.6083313,-0.33849424,0.41993096,91.66773,157.18361,2012.5223
10.951919,0.25929838,-1.6638154,-0.30868337,0.41815087,92.013565,164.1714,2011.1586
10.695505,0.23670606,-1.8642571,-0.2794496,0.41090536,101.641556,159.46988,2024.2916
10.609525,0.024403395,-1.907549,-0.3582105,0.413171,103.375656,157.36655,2031.4692
10.429641,0.17490008,-1.8742913,-0.25156134,0.41051126,100.34586,149.94382,2079.9404
10.396952,0.25640902,-1.7954874,-0.3799426,0.41550508,96.48631,130.9924,2105.3047
10.1386385,0.2390504,-1.8868951,-0.48107424,0.41452947,110.49105,136.24422,2129.9846
10.027777,0.0088972505,0.9386464,-0.1076597,-0.32752576,119.2234,121.12984,2156.3232
10.262723,-0.0028400149,0.96494025,-0.042602964,-0.25897345,108.04584,121.55966,2201.4639
10.595615,0.01668328,0.8824662,-0.02463335,-0.46943405,100.02017,56.09401,2175.48
11.770026,0.022607885,0.94188815,-0.002397235,-0.33515644,98.884155,119.081665,2211.3562
12.77686,0.037100047,0.9618019,0.005409033,-0.27116683,95.278885,125.66443,2246.011
12.562796,0.031565864,0.9631155,0.013033579,-0.26691237,92.61045,122.60509,2258.6313
12.340809,-0.014063557,0.9673732,-0.18776561,-0.16951448,98.28487,118.12201,2284.8298
12.0631485,0.009975612,0.98787856,-0.073834255,-0.13617995,97.74658,115.50604,2315.7437
11.933366,0.023000544,0.99403346,-0.05119653,-0.09352728,103.41534,98.179596,2336.6587
12.263042,0.035458222,0.9968952,0.048537668,-0.050861597,111.941505,86.99454,2390.2798
11.802756,0.045685045,0.99564344,0.07092046,-0.03971477,135.99667,155.46468,2412.919
12.366756,0.032899555,0.96296567,0.0709682,0.25802755,-3.2854128,159.9645,2349.0273
12.42074,0.057479683,-0.124552645,-0.2510185,0.43784958,106.173836,163.59123,2458.1287
12.396572,2.8526258,-0.0068643303,0.20287402,0.36593392,174.99727,-31.23967,2626.275
12.229305,-0.014480667,0.8898437,0.050221253,0.45326182,27.13281,149.17488,2405.9663
12.282093,0.1661402,-2.1804128,-0.022761835,0.38773534,43.614235,152.28519,2474.1533
12.319167,-0.030676082,0.9683053,0.036097143,0.24523646,7.2337437,151.64543,2399.1904
12.160621,0.89956653,-2.1560216,-0.23592472,0.37498343,30.068027,44.93004,2549.4756
12.311129,0.4376219,-1.4857574,0.02862195,0.41354692,-0.5885086,63.67778,2451.4678
12.325247,0.4080623,0.43576247,-0.27599365,0.4373612,-10.193047,16.235458,2382.6423
