13.122207,0.36901808,-0.18871635,-0.015882503,0.43250486,-163.80867,931.2728,2401.8855
13.183821,0.37666574,-0.28908667,-0.03193532,0.43240926,-158.98825,926.3495,2401.518
13.251576,0.38774955,-0.19525968,-0.014246398,0.43239355,-162.54556,922.1609,2401.96
13.934959,0.38539067,-0.10921861,-0.054529198,0.43349254,-160.70059,928.0844,2397.6804
13.847029,0.3959046,0.13134594,-0.05714212,0.43377182,-158.69574,922.8519,2394.1758
13.974152,0.4148292,0.28969115,0.028036995,0.4317544,-168.96722,920.2958,2392.0762
13.583686,0.3799854,0.33886293,-0.15085575,0.43533045,-148.22589,927.015,2388.2722
13.886099,0.43778312,0.08068742,-0.0756893,0.43405834,-154.907,929.8695,2402.4287
14.149282,0.38675028,-0.09919427,0.0041876477,0.4322962,-165.96622,928.6861,2398.5518
13.987629,0.32824656,-0.13893643,0.0047714124,0.43233195,-164.90521,928.97546,2392.3735
