14.1546,0.0,0.0,0.0,0.43301272,-375.00842,121.16371,2108.361
14.7499275,0.0,0.0,0.0,0.43301272,-356.61682,246.002,2013.5005
15.216684,0.0,0.0,0.0,0.43301272,-356.90683,469.96964,1991.8989
15.720005,0.0,0.0,0.0,0.43301272,-369.28018,667.07825,2051.7546
15.530487,0.0,0.0,0.0,0.43301272,-367.27396,778.3921,2168.9768
15.598063,0.0,0.0,0.0,0.43301272,-363.1385,803.9067,2212.9602
14.850256,0.0,0.0,0.0,0.43301272,-368.2099,781.973,2199.1968
14.779378,0.0,0.0,0.0,0.43301272,-376.5187,738.8287,2143.8599
14.509398,0.0,0.0,0.0,0.43301272,-377.85516,462.9839,2032.7493
15.049958,0.0,0.0,0.0,0.43301272,-386.30856,218.68437,2055.561
15.382606,0.0,0.0,0.0,0.43301272,-384.55322,102.148926,2127.4937
