13.674214,-0.33557534,0.087799475,-3.4719617,0.44549304,7.560516,704.7776,2335.4067
13.722372,-0.08891663,0.04210455,-3.4923205,0.44578934,9.813628,703.3866,2340.257
13.579352,0.091442466,-0.22898749,-3.4758968,0.44626,9.9707575,704.7322,2348.1792
13.867544,0.1591197,-0.12942357,-3.4908936,0.44437253,17.420328,692.8139,2340.6958
14.444154,0.098312326,-0.07996453,-3.4995637,0.44070587,20.341982,677.37463,2313.8784
14.614923,0.077602655,-0.06311986,-3.4976463,0.43928668,20.850855,672.9164,2311.7666
14.145974,0.048675895,-0.03959162,-3.4903119,0.43713763,30.293423,667.76904,2311.8813
14.443582,0.038653594,-0.03143976,-3.4864125,0.4363437,29.60297,668.5015,2314.206
14.012207,0.02447055,-0.01990367,-3.479612,0.435173,22.63413,682.8861,2330.7097
14.361187,0.11461865,-0.048004646,-3.4897385,0.43740335,17.221024,693.76917,2340.5916
14.999755,0.16988364,-0.08016328,-3.4961736,0.44064546,16.171656,699.1782,2338.2122
