13.490606,0.34939423,0.27777424,2.0396748,0.261547,-322.80487,723.45557,2340.5625
13.555816,0.3866169,0.25150868,2.0284832,0.26037225,-322.88354,723.92944,2343.1426
13.881523,0.42171565,0.2098744,2.0056856,0.25761166,-326.40497,714.90656,2343.4907
13.872479,0.59090745,0.32502368,1.9111073,0.25365457,-336.51877,709.9726,2346.3113
13.605507,0.39479515,0.010770195,2.0472074,0.26127464,-338.77505,707.03644,2348.8782
13.503058,0.4015948,-0.07284319,2.0690277,0.26513937,-338.17087,701.4689,2346.9922
13.542528,0.47590524,0.002353087,2.0101378,0.2584264,-340.16806,697.127,2346.725
13.281341,0.5144897,-0.007409185,1.9518281,0.2523365,-344.53235,696.6037,2347.9397
13.191774,0.4983657,-0.0014010714,1.9466405,0.2512353,-345.894,699.70544,2345.5503
13.569357,0.10475977,0.016724974,0.7042036,0.70202774,-348.87097,702.0334,2344.4177
13.994054,0.08897399,0.03312141,0.7090889,0.69869846,-348.67117,702.998,2344.9739
14.089076,0.24110377,0.10154156,1.9842345,0.25019017,-347.55533,700.7761,2344.6453
14.0770235,0.078844205,0.037481613,0.70834875,0.70044327,-348.38983,700.60443,2343.8728
13.761024,0.07556669,0.014800501,0.709739,0.70024365,-349.91034,700.04034,2344.3843
13.703852,0.09572235,0.011714155,0.71153504,0.69600135,-349.46365,701.44635,2351.3916
14.249334,0.36937004,0.10537298,2.0043063,0.255134,-340.4822,698.60364,2347.7544
14.20454,0.34195998,0.04308524,2.0721939,0.26370737,-335.0292,701.70996,2344.6233
13.907347,0.35571018,0.036951236,2.0723734,0.26404962,-331.40115,701.73206,2343.3015
14.072537,0.4013391,0.13262802,2.0571933,0.26333562,-329.76053,702.99286,2337.5876
14.327937,0.32988334,0.22717303,2.0605264,0.2632849,-327.36075,705.5008,2335.579
13.877623,0.33877042,0.31064677,2.0272284,0.26023492,-330.55893,702.7022,2337.3584
