14.246638,0.0,0.0,0.0,0.43301272,-269.38937,-629.08716,2245.4033
14.2026005,0.0,0.0,0.0,0.43301272,-275.30704,-628.65454,2248.1362
14.832768,0.0,0.0,0.0,0.43301272,-270.03906,-625.824,2243.5127
15.263097,0.0,0.0,0.0,0.43301272,-279.79736,-627.431,2242.3118
15.14333,0.0,0.0,0.0,0.43301272,-276.8586,-626.7651,2242.5435
15.455515,0.0,0.0,0.0,0.43301272,-271.08517,-626.4149,2243.0398
15.28168,0.0,0.0,0.0,0.43301272,-271.1305,-629.5432,2246.423
15.217258,0.0,0.0,0.0,0.43301272,-269.35355,-628.53625,2242.3335
15.45603,0.0,0.0,0.0,0.43301272,-262.1751,-638.22437,2244.839
15.399764,0.0,0.0,0.0,0.43301272,-276.2281,-623.7904,2248.101
15.205293,0.0,0.0,0.0,0.43301272,-272.8202,-628.10895,2248.9175
15.149121,0.0,0.0,0.0,0.43301272,-262.43365,-628.79626,2241.9783
15.057369,0.0,0.0,0.0,0.43301272,-265.68826,-627.7028,2241.9214
14.840339,0.0,0.0,0.0,0.43301272,-268.09506,-629.6695,2244.9243
14.925709,0.0,0.0,0.0,0.43301272,-264.40366,-626.47015,2247.0566
14.498239,0.0,0.0,0.0,0.43301272,-273.44052,-627.4076,2251.1724
