11.959513,-0.39234054,1.0265286,-0.2488441,0.42966193,-84.08744,672.68384,2271.592
12.118433,-0.35829076,-0.36819017,-0.38314483,0.4396058,-53.413555,687.74506,2198.9644
12.594124,-0.5869539,-0.38457212,-0.62283665,0.44322407,-41.864815,681.77515,2183.5476
13.204554,-0.84781104,-1.3067188,-0.6533723,0.43559006,-9.402943,681.7638,2134.61
13.799898,-0.81035364,-2.0986953,-0.55868554,0.41371375,29.0699,686.63965,2133.2861
14.354405,-0.62691754,-2.471739,-0.5150986,0.3273394,108.61469,662.0996,2146.3867
14.722985,-0.5725797,-2.2941597,-0.46011242,0.30129105,165.53046,663.86115,2147.6333
14.889458,0.66984093,-1.9905502,-0.7162301,0.40824997,198.96906,650.67004,2161.983
14.175023,0.82539546,-2.144,-0.25144362,0.3805998,283.3132,548.974,2196.252
14.014083,1.2303575,0.6087552,0.43003815,0.4177114,288.28885,552.7048,2195.0022
13.932084,-0.41783518,-2.1317277,-0.28632963,0.27501103,380.98154,637.84937,2217.0413
13.362751,0.3201609,2.0629961,-0.47286916,0.4119968,360.69324,620.8717,2245.799
13.244543,0.24810438,1.3602997,-0.7834794,0.43654743,378.12018,595.24646,2296.7932
13.93853,1.6764886,0.679583,-0.48908252,0.4339646,404.4485,575.33514,2452.9175
14.473382,1.4814981,-1.6519209,-0.4138316,0.39814666,343.3315,463.37372,2484.8228
14.919499,1.1587422,-1.3128396,-0.02528354,0.4100192,345.88254,497.1364,2492.2244
15.088621,-0.0017434089,0.74656713,0.2348947,0.62245494,258.67703,622.314,2579.5
14.719312,-0.072446816,0.79218835,0.22255498,0.56360227,221.26746,610.627,2575.6155
