14.562468,-0.22886172,2.0365336,0.4012144,0.26546347,231.48993,616.71423,2512.836
14.553795,-0.040849805,0.82460195,0.12556875,0.55007946,164.25674,621.63965,2547.7761
14.668289,-0.10989722,0.79864043,0.15654165,0.5705992,122.6142,623.0194,2542.361
14.515883,-0.15977113,0.7131223,0.14589196,0.66681343,78.45377,625.23413,2529.287
14.738405,-0.19279222,0.7272451,0.12070828,0.64758784,51.050636,638.39075,2515.3413
14.733169,-0.23689395,0.74717784,0.07539401,0.61637354,13.287994,656.06586,2469.953
14.693408,-0.6358823,2.2460165,0.1339515,0.35288924,4.2402916,650.02795,2429.1233
14.39165,-0.5718088,2.1785321,0.09993324,0.37135002,3.0747662,645.46826,2409.3918
13.938441,-0.10219511,1.2459153,-0.079802856,0.42405868,-1.5736642,666.5002,2339.47
14.457109,-0.7514259,0.78080297,-0.3838116,0.4332201,9.186613,667.89734,2267.9158
13.917398,-0.5440128,0.9451943,-0.75145286,0.4388096,19.634327,684.6456,2231.4363
13.920555,-0.010540965,0.16746278,-0.8370449,0.44747844,38.715363,685.50214,2195.0159
13.79317,-0.3885724,-0.36329153,-0.8851013,0.44756782,92.61623,687.9881,2133.108
13.846945,-0.31678122,-0.9700145,-0.9758587,0.44483522,115.64188,686.1958,2123.1743
14.104257,-0.6636883,-2.5560982,-0.61752737,0.37659532,166.37558,684.27637,2104.7744
