12.031864,0.42978624,0.6219335,0.4538481,0.4717038,-566.4257,358.6175,2423.1106
11.598199,1.930564,1.6388278,0.7327583,0.32998666,-521.80945,347.18604,2426.1082
11.439714,0.92895055,1.5136251,0.78089815,0.25312975,-712.4735,245.93015,2456.0566
11.310404,-0.5190082,-0.58730227,0.6190653,0.049645722,-826.3354,279.02774,2363.2188
11.184576,1.569762,-0.41152602,1.6129202,0.29033205,-858.1008,297.91537,2329.077
11.071185,0.8286745,-0.7158815,1.6808224,0.2519621,-1001.8696,336.66568,2213.7156
10.983339,1.7592337,0.7598376,0.27878654,0.31449798,-911.4904,332.6905,1885.0665
10.899578,1.063125,-0.7515488,1.5268769,0.25168392,-1048.9531,284.73846,2091.8037
10.817871,1.0257034,-0.6590217,1.6642406,0.25947946,-1058.6909,285.08078,2075.8623
10.999385,0.918248,-0.5547986,1.789666,0.26275617,-1066.0242,292.2249,2034.2521
11.206687,0.87808454,-0.5080199,1.8302416,0.2634943,-1050.4481,405.0678,1932.7457
11.182958,0.7593161,-0.5274229,1.8366696,0.2583468,-1042.7794,245.16052,1800.5323
10.975701,0.3088688,0.28227496,0.8101437,0.41059476,-770.419,248.7161,1602.8196
10.948424,0.295173,0.46749797,0.7639041,0.33281982,-583.11566,362.18927,1599.3141
11.046623,0.37724575,0.7715854,-0.44799036,-0.24828632,-624.83435,200.22139,1410.7234
10.912805,0.3602625,0.62426364,-0.598057,-0.35047656,-630.3106,195.15372,1454.7109
10.777503,0.28808534,0.60538,2.0476632,0.2730686,-509.82013,249.94952,1993.5282
10.669228,0.16148822,0.50350475,2.0660179,0.26978832,-509.6633,214.56688,2008.239
