13.7925625,1.9444162,-0.7243022,-1.7986379,0.35655892,25.002617,215.51404,2226.3542
14.07866,2.0557313,-0.87833726,-1.7254639,0.35823807,25.750778,206.65373,2244.9785
14.145785,-0.6551742,0.69656765,-0.256919,-0.13976032,198.35945,378.6717,1958.8718
14.296927,0.7286444,-0.64347726,-0.052400813,-0.22862321,291.58997,171.7862,1962.9591
14.330512,0.8143163,-0.5373487,-0.21857256,-0.019273695,377.25604,124.410126,2000.9099
14.064234,0.71460664,-0.598775,-0.05448386,-0.35754344,390.90295,158.87714,2097.4336
13.619817,1.336131,-0.8105516,-1.1999952,0.2877182,497.03644,150.83264,2165.8748
13.910322,1.2692622,-0.934857,-0.9759561,0.26307917,516.52966,179.63889,2193.506
13.351372,0.58324146,-0.5248827,-0.31851757,0.5318589,527.61414,173.7396,2359.1118
13.228703,0.59890395,-0.5742396,-0.24887696,0.49962306,514.39484,184.77783,2426.5723
13.030435,-0.5783694,-1.174502,-3.1433988,0.44050744,408.67975,150.3951,2442.079
12.736745,1.6899986,-1.6311479,-1.0052326,0.31959665,343.80682,189.6785,2549.1125
12.868842,-0.35271826,0.6987257,-0.52031446,0.34153318,204.62103,134.80551,2373.0688
13.042876,-0.3767022,0.70587045,-0.503127,0.3266583,172.36761,103.13611,2399.8252
13.191735,-0.53596973,1.1911905,-1.1620197,0.2546924,175.25162,121.0715,2425.052
12.774539,-0.608469,1.2482873,-2.5033095,0.37175244,223.72243,95.72772,2379.3928
12.6884,-0.5358369,1.746383,-2.4276364,0.38005587,193.18427,97.04782,2366.602
11.881918,0.65026325,0.6594862,-3.3365128,0.43318078,105.496506,172.45923,2326.4194
11.843333,0.8592572,0.5919205,-3.3148932,0.43550092,109.270004,178.75665,2331.3113
