13.833877,1.8355613,1.3344454,-0.8111963,0.3496417,392.59567,147.59955,1889.0356
13.550663,-0.9778321,-1.1163882,1.6126035,0.27406567,216.00307,125.41254,2307.8066
12.94527,0.5355299,-0.111436225,2.0387611,0.26521048,254.03027,93.45627,2367.7212
12.806105,0.94839936,0.030049168,2.0244486,0.28393757,252.16321,95.29605,2358.6445
12.854262,1.0459183,0.22117755,2.020963,0.29161838,234.382,103.12656,2337.6675
12.670729,1.1214982,0.7511143,1.9330734,0.30228788,196.90218,39.332214,2323.7979
12.227234,-0.034100123,0.15646699,0.7273271,0.6673458,381.71704,503.68622,2586.0767
11.871365,0.5424358,1.2763529,-1.8413247,0.34152392,235.96242,-76.92227,2366.601
11.957233,0.07798577,0.7317081,-0.626883,-0.25600612,226.4621,250.19963,2669.9172
12.177676,-0.1621723,-0.34825614,0.8302333,0.4038941,272.70187,211.22705,2676.9463
12.432316,-0.3628887,-0.5782153,0.63588214,0.3600456,242.80334,216.94452,2709.7473
12.38856,-0.43172354,-0.55200946,0.6066322,0.37536347,228.88896,219.44759,2719.2634
11.998555,1.6720206,1.6620897,0.8109282,0.31345886,133.64005,207.26743,2735.8389
11.900882,1.5023861,1.6492051,1.0141761,0.30658245,141.8688,183.06186,2732.257
11.985553,1.3903996,1.588838,1.1586016,0.30106708,87.15564,193.73488,2711.5208
12.016396,1.3494053,1.5313873,1.2543982,0.29947403,62.659195,184.78697,2706.2585
11.9582405,1.2742193,-0.054764736,1.8894349,0.2888886,-245.70107,165.1672,2474.2722
12.169612,1.0908425,-0.20061985,1.9257702,0.28182527,-247.2968,188.36725,2461.5408
