13.664179,-0.030435367,0.78137165,0.21265478,0.58592635,265.12827,-323.2441,2339.32
13.611094,-0.030386543,0.71758,0.075655155,0.69168764,242.14803,-351.62033,2379.5886
13.523522,-0.017366435,0.9264354,-0.05419618,-0.37212706,252.11993,-362.99823,2401.0452
13.897327,-0.123889565,0.67652905,0.051086906,0.7241201,138.70065,-397.82977,2520.2314
13.849355,-0.48188785,2.4119384,-0.26974735,0.34807625,160.09808,-458.9779,2588.748
13.683963,-0.35094163,2.340069,-0.18604909,0.30739686,93.61,-465.6992,2560.5603
13.4892845,-0.95248103,1.9995031,0.2316975,0.36751023,21.002327,-392.06158,2479.5366
13.7235565,-1.2110602,1.6683717,0.10242011,0.39015475,-35.887833,-343.66254,2334.4126
13.863348,-0.6781017,1.4877679,0.25166363,0.40434477,-24.958553,-366.85168,2262.3215
13.626278,-0.97233397,1.5335447,0.3585777,0.39381334,-106.03135,-277.0569,2140.4998
13.817837,-1.2826929,1.2619727,0.45148456,0.39426577,-128.75209,-285.96484,2046.4421
13.802395,-1.3604146,0.91052485,0.3893412,0.4053347,-114.9642,-285.02637,1994.5488
13.661306,-1.2496825,0.83641183,0.35765043,0.40976098,-115.39153,-304.74625,1972.5236
13.25133,-1.0077205,-1.6492056,-0.5262334,0.426744,-26.308231,-248.55934,1890.0165
13.297192,-0.9234358,-1.5112679,-0.48221985,0.42899466,-34.970352,-266.62543,1860.513
12.925594,-0.7673802,-1.2558719,-0.4007273,0.4320168,0.7516403,-243.0162,1816.9674
12.930499,-0.69684494,-1.140436,-0.3638937,0.43298545,43.179993,-236.7312,1799.05
13.024742,-0.8393256,-2.3368185,-0.8350227,0.32799807,275.9858,-222.08078,1834.0154
