15.1565695,0.0,0.0,0.0,0.43301272,162.37216,-130.6459,2243.7688
15.551314,0.0,0.0,0.0,0.43301272,187.60187,-137.05179,2256.1697
15.359028,0.0,0.0,0.0,0.43301272,178.00514,-145.76895,2257.6787
15.099858,0.0,0.0,0.0,0.43301272,131.54443,-115.29578,2284.475
15.487704,0.0,0.0,0.0,0.43301272,97.782524,-117.661804,2290.0127
15.1045475,0.0,0.0,0.0,0.43301272,115.63223,-82.4075,2326.0251
14.977894,0.0,0.0,0.0,0.43301272,131.28046,-29.655685,2349.6592
14.71763,0.0,0.0,0.0,0.43301272,167.16637,-68.34328,2347.4075
14.091314,0.0,0.0,0.0,0.43301272,219.36635,-113.41499,2327.7402
14.081969,0.0,0.0,0.0,0.43301272,230.72823,-122.072876,2325.5789
13.564081,0.0,0.0,0.0,0.43301272,258.0735,-121.78842,2317.6995
12.7264,0.0,0.0,0.0,0.43301272,271.4032,-67.09613,2246.6707
13.645851,0.0,0.0,0.0,0.43301272,306.00076,-84.77289,2177.9758
28.78111,0.0,0.0,0.0,0.43301272,473.27985,79.60965,1628.8523
26.8356,0.0,0.0,0.0,0.43301272,398.96548,54.3752,1698.1191
25.326447,0.0,0.0,0.0,0.43301272,526.49396,-90.88623,1906.274
24.103344,0.0,0.0,0.0,0.43301272,549.19037,-47.442566,1910.4183
