27.645546,-1.2815205,1.2831821,-1.1817353,0.28434622,131.24431,573.6094,2127.6797
23.921875,-1.3000144,1.3543575,-1.3056626,0.29675487,97.60154,582.40845,2127.041
22.789791,-1.2791919,1.4459313,-1.6166409,0.32214868,83.78406,578.308,2128.9065
20.398026,-1.123253,1.3384585,-2.6845903,0.40071508,19.112228,566.5304,2117.6858
19.32768,-0.76058507,1.0764123,-3.0968134,0.4325065,5.6103935,589.4355,2115.227
18.639639,-1.224812,1.1724788,-2.8224645,0.42374715,-59.742393,559.8159,2092.3745
18.202232,-0.8333142,0.79000723,-3.1107435,0.44452098,-154.23822,557.0898,2073.9292
17.759392,-0.97437406,0.74833095,-3.1357887,0.440421,-179.7482,564.8895,2072.0881
17.015583,-0.5822755,0.37412712,-3.3587666,0.44744086,-211.5029,602.75824,2054.5405
15.528543,-1.5832942,0.004043657,-3.0545294,0.43398994,-398.88455,616.573,1986.5315
15.568481,-1.2875191,-0.014050897,-3.2143192,0.43550742,-399.45984,612.0847,1982.5406
15.295217,-1.05999,-0.3228904,-3.2994595,0.4370039,-398.82385,600.6285,1969.8634
15.165451,-1.0153358,-0.6100898,-3.2522764,0.43303713,-400.53952,612.2816,1921.8215
15.203417,-1.0009974,-0.86969334,-3.1650786,0.42898825,-397.90237,609.9051,1901.2328
14.871613,-0.9550272,-1.3801668,-2.8401008,0.41332465,-387.00406,561.8448,1821.9258
14.353882,-1.2707402,-1.5524403,-2.6093125,0.4117237,-387.17596,561.1358,1755.1113
14.143415,0.7001595,-1.6720184,-2.598659,0.39706588,-396.76035,605.2891,1795.9396
14.04623,0.037233718,-1.5238115,-2.8422756,0.4034523,-360.36264,601.26526,1806.768
