13.745112,0.0,0.0,0.0,0.43301272,482.69006,-771.3274,2611.4233
13.216027,0.0,0.0,0.0,0.43301272,172.6276,-853.02783,2600.952
12.966373,0.0,0.0,0.0,0.43301272,142.38528,-732.7073,2511.6824
13.426734,0.0,0.0,0.0,0.43301272,114.639206,-707.8693,2463.0823
13.396741,0.0,0.0,0.0,0.43301272,81.57323,-723.9309,2473.6992
13.053672,0.0,0.0,0.0,0.43301272,-11.81258,-796.88336,2399.237
13.149586,0.0,0.0,0.0,0.43301272,-40.849236,-770.2245,2342.2356
13.504918,0.0,0.0,0.0,0.43301272,-50.330345,-771.6127,2331.9546
13.693653,0.0,0.0,0.0,0.43301272,-34.864227,-754.04016,2355.495
13.484362,0.0,0.0,0.0,0.43301272,-21.197933,-718.59045,2371.1892
13.747027,0.0,0.0,0.0,0.43301272,-33.047333,-700.46375,2188.5535
14.209808,0.0,0.0,0.0,0.43301272,119.05372,-777.7976,2141.416
14.6171875,0.0,0.0,0.0,0.43301272,173.41641,-736.3434,2078.895
15.038028,0.0,0.0,0.0,0.43301272,158.22705,-749.6992,2075.094
14.304855,0.0,0.0,0.0,0.43301272,427.9318,-754.71484,1935.2714
13.926145,0.0,0.0,0.0,0.43301272,404.545,-684.9344,2005.6769
13.952587,0.0,0.0,0.0,0.43301272,321.6585,-702.88666,2111.7207
