14.0997925,0.0,0.0,0.0,0.43301272,445.22083,-788.65454,2250.007
14.031518,0.0,0.0,0.0,0.43301272,452.04153,-801.9269,2276.4468
13.846031,0.0,0.0,0.0,0.43301272,456.897,-771.3247,2295.9314
13.120737,0.0,0.0,0.0,0.43301272,201.02399,-822.1958,2541.7104
12.79846,0.0,0.0,0.0,0.43301272,279.2656,-794.478,2434.769
12.713174,0.0,0.0,0.0,0.43301272,266.59387,-833.36646,2463.225
12.774975,0.0,0.0,0.0,0.43301272,220.78873,-797.59924,2462.9521
12.394213,0.0,0.0,0.0,0.43301272,136.432,-712.1531,2426.1238
12.473941,0.0,0.0,0.0,0.43301272,97.28353,-728.59534,2447.4954
13.053837,0.0,0.0,0.0,0.43301272,-72.2834,-724.10486,2395.6042
13.445096,0.0,0.0,0.0,0.43301272,-84.95738,-757.2474,2371.2383
13.276411,0.0,0.0,0.0,0.43301272,-93.64852,-738.84375,2349.9575
13.280135,0.0,0.0,0.0,0.43301272,-90.45361,-738.6967,2362.082
12.809984,0.0,0.0,0.0,0.43301272,-90.813065,-762.98206,2334.2603
12.748282,0.0,0.0,0.0,0.43301272,-63.245552,-717.6091,2231.11
12.90115,0.0,0.0,0.0,0.43301272,-54.501495,-742.9539,2108.9932
12.498027,0.0,0.0,0.0,0.43301272,-19.96117,-849.86475,2083.1267
12.495394,0.0,0.0,0.0,0.43301272,-15.614105,-672.5491,2009.1859
