11.957543,0.0,0.0,0.0,0.43301272,13.812958,-773.6114,1926.9486
11.956569,0.0,0.0,0.0,0.43301272,43.979248,-762.0213,1908.2347
12.319584,0.0,0.0,0.0,0.43301272,70.96735,-761.2816,1941.2551
12.178558,0.0,0.0,0.0,0.43301272,242.6193,-769.3141,2352.547
12.046223,0.0,0.0,0.0,0.43301272,151.18443,-708.15216,1940.1274
12.050663,0.0,0.0,0.0,0.43301272,260.00253,-834.67957,1997.505
11.67381,0.0,0.0,0.0,0.43301272,345.88916,-775.07764,2280.7761
11.947171,0.0,0.0,0.0,0.43301272,263.01767,-675.67163,2102.9734
11.947921,0.0,0.0,0.0,0.43301272,305.47195,-726.0621,2136.2927
11.814814,0.0,0.0,0.0,0.43301272,421.19922,-762.4911,2354.5127
11.781168,0.0,0.0,0.0,0.43301272,373.08228,-787.7642,2482.626
11.939449,0.0,0.0,0.0,0.43301272,421.42715,-736.35474,2398.7534
12.059584,0.0,0.0,0.0,0.43301272,388.08157,-773.9763,2574.2444
12.505054,0.0,0.0,0.0,0.43301272,373.67722,-751.88904,2445.9177
12.592686,0.0,0.0,0.0,0.43301272,195.38077,-809.4115,2641.8206
12.964673,0.0,0.0,0.0,0.43301272,186.77907,-812.0851,2651.559
12.893547,0.0,0.0,0.0,0.43301272,149.1897,-818.11975,2697.5884
13.042347,0.0,0.0,0.0,0.43301272,158.32117,-832.78973,2723.3628
12.695417,0.0,0.0,0.0,0.43301272,34.972984,-778.18445,2599.7158
12.529399,0.0,0.0,0.0,0.43301272,120.35275,-752.41895,2760.275
13.192076,0.0,0.0,0.0,0.43301272,-103.79071,-817.91724,2599.5745
