13.672773,-0.9069922,-2.5262654,-0.5028704,0.3773033,105.139496,458.5615,2057.4207
13.822303,-0.42764714,-1.9598441,-0.2727195,0.2579221,177.77478,452.01147,2033.6184
14.22718,0.026078116,0.8740056,-0.08326717,0.47801328,224.3579,243.69843,2055.208
14.527291,0.18625924,0.8149259,0.11038968,-0.5375945,298.2859,429.5409,2091.1714
14.776679,0.18762052,0.84504986,0.110587426,-0.48831886,319.40082,436.29163,2092.4443
14.969969,0.17354757,0.8176789,0.1652724,-0.5234098,364.04623,428.7444,2105.3774
15.127212,0.81840533,2.3020225,-0.6249897,0.40463793,406.18372,377.25043,2104.3445
15.288592,0.7672051,1.5449791,-0.7279674,0.4327952,418.62265,394.67322,2166.6875
15.439114,2.2262278,0.8764201,-1.153256,0.43571562,407.69675,377.95566,2189.595
15.254748,1.821614,0.7617706,-1.2382358,0.44295755,397.90054,379.8274,2233.1074
15.014378,0.9908452,1.473931,-1.010374,0.4379425,394.03455,414.94547,2293.6477
14.381483,1.8266932,-0.31418234,-0.92063224,0.43575576,387.60986,405.9007,2376.5613
14.286289,0.92847747,-1.099958,0.85029,0.39135784,423.22937,285.90485,2451.6716
13.664842,0.06847712,0.77965206,0.25883323,0.5660827,302.1116,435.54297,2533.9297
13.594023,0.33589843,2.0493276,0.2945651,0.26224568,217.02501,399.48416,2570.6975
13.497477,0.044359002,0.73314303,0.16682631,0.6577956,200.47452,382.43726,2559.9075
13.116475,-0.017653212,0.68429464,0.2067212,0.69906306,149.29669,402.22858,2576.9014
13.550976,-0.1397639,0.64207274,0.2199311,0.7209947,115.40584,399.3316,2586.0671
