12.901028,-0.8291598,0.6386221,-0.48041025,0.43603536,-72.699936,439.37256,2259.4727
13.134235,-0.7927773,0.24640359,-0.4300405,0.43845075,-49.86044,425.93118,2212.921
12.998396,-1.2042766,-0.8548369,-0.18078274,0.43067178,-24.989376,455.1136,2200.737
13.305967,-0.43684217,-1.7280508,-0.5513106,0.4252391,20.833677,461.4143,2090.5393
13.292374,-0.5401582,-1.5734917,-0.8130741,0.4334975,30.748587,442.18835,2078.546
13.195045,0.30558342,-2.4006836,-0.35458127,0.37329745,155.01501,365.00964,2010.6433
13.168043,-0.26140973,-2.4019578,-0.39691302,0.30815533,147.82135,391.99585,2067.1975
13.118394,-0.29917124,-2.1832786,-0.502119,0.2832827,160.96724,396.38638,2067.8188
13.203078,0.1603195,0.87638295,0.14199278,-0.43137872,233.81444,431.6485,2110.0342
13.222484,0.1597969,0.8820233,0.16695717,-0.41063872,275.4055,443.05017,2140.3142
13.574356,-0.5441579,-2.389644,-0.7119607,0.31905842,322.2207,436.5586,2200.5125
13.5050955,1.2888114,1.8367252,-0.8614852,0.42660335,349.5966,392.98462,2207.285
13.517994,1.4247948,1.538661,-0.5771556,0.4281181,354.65005,381.1647,2221.9104
13.382412,1.1747606,0.92733115,-1.9194549,0.45280707,361.75717,374.7716,2309.4019
13.680723,1.0194588,0.6910153,-1.5428363,0.45234585,362.23993,378.3391,2325.7566
13.6279545,1.7806531,0.65532005,-0.0019873227,0.42307562,369.90295,377.26175,2393.7458
13.560527,0.52505153,2.0845873,0.17402945,0.3941072,348.20273,293.18622,2537.283
13.7315855,0.679495,-2.001288,-0.2771371,0.39714462,343.70444,316.7885,2523.1633
13.66946,0.0797038,0.77590066,0.25103602,0.57324034,295.27856,336.08295,2470.424
13.438011,-0.028231576,0.78044105,0.3608028,0.50983715,285.45352,350.59473,2492.477
13.724952,-0.03510064,0.72097296,0.3031719,0.62213427,245.55652,355.58218,2510.5576
