12.1004715,0.072879754,0.9380087,0.076056615,0.3302176,377.7198,-73.950226,2105.4504
11.862526,-0.06721692,0.9362641,-0.03893159,0.34260136,435.3601,-26.261444,2178.0554
11.969568,0.01949899,0.85415214,0.03009455,0.5187855,451.6418,4.5846863,2249.1626
12.00912,-0.007840992,0.8447308,-0.004118226,0.5351181,453.62503,7.828171,2258.6584
11.889571,0.00922542,0.761645,-0.009666635,0.64785665,460.50708,10.428558,2344.296
12.433648,-0.05846994,-0.5524613,-0.06470807,0.43258545,320.1447,-13.445602,2462.247
12.494451,0.32237506,-1.715004,-0.2731363,0.41514874,323.828,-49.7201,2488.2676
12.508615,0.34580764,0.29955697,-0.5443594,0.4425728,291.4084,-84.88762,2560.3354
12.337205,0.061376408,0.9907209,0.0018090707,0.1212506,222.20854,0.7187958,2476.5776
13.100824,0.3150616,2.527129,-0.25011545,0.3359074,190.56035,-0.41506958,2518.9106
13.642307,0.4573425,2.5635893,-0.40034446,0.34704292,146.59505,4.8298035,2503.1392
13.897535,0.53900725,2.569917,-0.42623043,0.36181659,118.525,2.9614258,2493.9304
14.354933,0.44965044,2.5315266,-0.45137224,0.3751844,85.875824,13.08902,2462.772
14.180782,0.15105875,2.4238892,-0.37208134,0.383633,45.179615,8.214767,2402.7363
14.268785,0.16199315,2.2034888,-0.37371588,0.40145335,34.373955,-2.645523,2383.813
13.776964,0.912831,1.4132451,-0.459232,0.43037564,21.199974,-7.4444885,2346.193
13.347839,0.8697557,1.237993,-0.23086774,0.42879257,1.0984488,26.673248,2297.1387
13.66008,0.72118783,1.5460826,-0.08349457,0.42023262,11.36159,33.025864,2256.027
