15.003197,0.4770918,-0.4927145,1.9171098,0.25549316,-464.08414,307.04324,2351.257
14.819751,0.42066512,-0.5411528,1.917398,0.25573334,-474.05176,309.86832,2315.9348
14.381014,0.40606812,-0.6429801,1.8898649,0.2563945,-476.27408,313.14865,2268.8557
14.031614,0.33894444,-0.7552515,1.8253293,0.25193372,-479.70737,316.25793,2223.1567
13.856398,0.11493566,-0.27810845,0.6059764,0.7363682,-475.1544,322.76227,2210.781
12.823696,0.4500294,-0.72082657,1.8856268,0.2620487,-447.853,278.28503,2037.8489
12.769982,0.114097476,-0.93065405,1.8444244,0.26241088,-443.94083,300.82452,2013.2493
12.531067,0.0509462,-0.9034733,1.7798086,0.250585,-437.74658,326.32422,2000.1532
12.367233,0.113282435,-0.2710175,0.63398534,0.71538734,-419.66556,341.53442,1985.0026
12.360692,0.04537693,-0.3038747,0.6398321,0.704426,-404.40067,334.71848,1937.7906
12.126694,-0.01560866,-0.30179742,0.66325694,0.6846641,-355.38187,323.505,1833.5035
11.943337,-0.039653122,-0.44045094,0.6335144,0.6348938,-300.10593,306.08746,1783.5627
11.875372,0.18367931,-0.06479499,0.7977903,0.57060856,-213.48044,242.98358,1756.224
11.960651,0.07647521,-0.37186936,0.7424271,0.5519663,-194.89764,221.44786,1558.5223
12.458546,-0.107748166,-0.43640342,0.6897014,0.56767446,-128.3852,318.0955,1625.6816
12.919225,0.28714645,0.7094041,-0.504451,-0.39977723,-110.69461,200.95001,1706.3174
13.343677,0.41228002,0.8830411,-0.053909127,-0.21761753,-85.182755,287.0123,1615.8883
13.700731,0.41592526,0.8829538,-0.015134305,-0.21718554,-67.96744,315.0365,1617.7179
14.04923,0.50975794,0.7883373,0.31534004,0.13867886,-59.13261,110.291504,1552.2162
14.358515,0.3903778,0.85695744,-0.27381864,-0.19558239,-16.306768,230.95343,1499.329
14.772465,0.3940363,0.7836677,-0.44246155,-0.18662265,62.794975,202.90884,1515.8843
15.147178,-0.5936135,-0.52034885,0.07627836,0.26834524,167.36288,248.08694,1557.1685
15.342072,-0.64012665,-0.54997617,0.060503073,0.27202263,195.06494,203.94205,1572.8967
14.939753,0.22601683,-0.29891303,0.6282302,0.6818314,162.51291,515.0873,2101.6514
14.517744,0.40234175,-0.085638456,0.6989395,0.5850391,186.4201,344.17764,2001.1754
14.614306,0.24374025,-0.21235424,0.67071384,0.6675621,198.95247,258.85623,2019.946
14.016701,0.21342361,-0.15425321,0.6831415,0.6811562,183.30269,236.765,2041.8755
13.817693,1.8855634,1.2303121,0.09821221,0.32580525,350.3715,234.01575,1680.4895
13.722586,0.4630549,0.71920085,-0.46535313,-0.22754504,286.27567,302.7993,1664.2587
13.510719,0.48441845,0.8661441,0.04635301,0.11394954,404.1891,333.42697,1727.0854
13.201416,2.1010332,0.84676653,-2.518942,0.43447304,308.2847,316.06097,1963.127
13.044377,0.4699148,-0.47883385,0.58301103,0.4582535,227.6945,311.21298,2169.508
13.086414,0.2118212,-0.33608523,0.7044631,0.5881414,190.35115,328.73865,2150.5215
12.976517,-0.19060998,-0.2090665,0.7604173,0.5845721,190.13763,331.61398,2152.5457
12.719779,-0.25318843,-0.19062322,0.7238815,0.6128246,190.34311,316.91202,2149.7358
12.625662,-0.82044667,-0.60714334,1.7936941,0.25911045,188.49765,298.78058,2147.6858
12.795321,-1.1030333,-0.7542595,1.7616794,0.27656746,188.10947,301.3692,2147.2822
13.545376,-1.1599119,-0.7727953,1.7115974,0.27655706,209.60832,321.15826,2193.4924
13.901573,-1.1882211,-0.7518714,1.6889313,0.2758575,215.14154,310.46774,2203.96
14.192482,-1.1351705,-0.54571,1.7036291,0.26749763,224.08263,311.57022,2220.4258
14.473382,-1.1713943,-0.57351017,1.6825091,0.26902705,239.39291,300.68143,2260.4167
14.733364,-1.2139918,-0.3338523,1.6629367,0.26470855,252.47696,291.8522,2276.022
14.851953,-1.1730009,-0.20900333,1.5404056,0.2535637,255.96994,281.19632,2284.9211
14.768149,-1.5142626,-0.12158932,1.437629,0.26835763,242.94667,295.29318,2312.3296
