16.081741,-0.3108237,0.6469008,-0.60649174,0.34216332,-70.194725,260.20178,2146.3857
16.042883,-0.36225075,0.6210838,-0.5748931,0.39054734,-106.37927,248.15433,2151.241
15.511029,-0.36081925,0.6340867,-0.56118387,0.39091694,-93.22746,261.36053,2153.2441
15.076502,-0.42445803,0.6736134,-0.49074188,0.35391057,-98.04944,268.33038,2148.1077
14.861657,-0.48517394,0.7208002,-0.40849194,0.2796206,-110.64093,281.9815,2150.7424
14.580048,-0.3885353,0.66981304,-0.5201321,0.36035156,-110.68829,278.4344,2186.8684
14.014949,-0.54864025,1.2598209,-1.4705994,0.2874122,-129.22632,357.83032,2237.7878
13.942977,-0.65933716,1.3827809,-1.9525042,0.331725,-138.48676,299.15564,2238.0652
14.25152,-0.7151717,1.3209814,-1.9574032,0.331909,-140.82953,298.52863,2232.133
14.5719385,-0.76565564,1.2751298,-2.015638,0.3366855,-140.68681,294.4854,2232.4128
14.845185,-0.7417749,1.4014409,-2.2348673,0.35509858,-140.93723,287.00034,2237.9163
14.676922,-0.5733425,1.3700829,-2.2818599,0.35660657,-144.81665,285.46857,2229.5168
14.36799,-0.6770729,1.4251692,-1.7199705,0.3133398,-141.22986,295.77676,2231.508
14.085628,-0.4704938,1.5086443,-2.0303264,0.33900136,-145.18825,294.93173,2226.0
14.067654,-0.5334359,1.4761622,-1.9519236,0.3323448,-159.75298,295.45166,2201.2278
13.848599,-0.47233737,1.4878571,-1.839804,0.32319078,-167.88715,296.25198,2176.173
13.525997,-0.5001539,1.3639925,-1.6536481,0.30530977,-174.71649,307.1375,2155.6516
13.329904,-0.4599248,1.4035094,-1.7449716,0.3137645,-184.45753,294.1763,2146.1006
13.335851,-0.45465928,1.4111154,-1.7057371,0.31048608,-188.43803,287.76773,2133.064
13.232475,-0.34187192,1.5224562,-2.0251124,0.33879727,-195.13245,286.84845,2119.369
12.968088,-0.19631071,1.5878751,-2.3359873,0.36443913,-198.5824,285.4476,2113.798
12.837825,-0.31262666,1.5566764,-2.4756522,0.3742269,-199.69023,280.5307,2105.858
12.859081,-0.31348655,1.5402089,-2.685103,0.39066216,-200.41982,277.1419,2100.3733
12.816518,-0.32170555,1.4695046,-2.8952851,0.4079103,-195.34326,289.3552,2117.1316
12.59639,-0.3887941,1.3153999,-3.0113342,0.4137988,-194.9747,296.51685,2123.0542
12.44933,-0.14050196,1.1644539,-3.1924598,0.4278999,-206.23225,302.74927,2144.433
12.473461,-0.16798095,1.0284057,-3.2639124,0.4343833,-224.17311,307.13947,2132.9504
12.5310755,0.5664899,0.4582017,-3.4133835,0.44299528,-238.19562,314.91757,2142.0198
12.351449,0.84444976,0.43311515,-3.353947,0.44280115,-247.66577,326.65985,2149.9385
12.651515,0.7556784,0.38758463,-3.3858817,0.44234884,-256.05637,318.45657,2130.41
13.108014,0.60492224,0.31026238,-3.429921,0.44130027,-318.2288,373.60873,2149.2415
13.819003,0.48440754,0.24845085,-3.455653,0.440198,-347.3711,388.1402,2126.6355
14.182831,0.43361735,0.22240072,-3.463889,0.43965977,-339.18784,392.67288,2116.439
14.002223,0.38825825,0.19913617,-3.4698977,0.43914056,-336.50815,402.6635,2097.2124
13.780615,0.34774655,0.17835785,-3.4741669,0.43864533,-318.01086,403.00986,2063.1562
13.7439165,0.3115572,0.15979648,-3.4770856,0.43817702,-296.3222,395.10095,2032.3997
13.571524,0.27922022,0.14321096,-3.4789646,0.4377373,-269.47812,394.83304,2001.0159
13.2636595,0.2503159,0.12838604,-3.4800494,0.43732676,-247.58676,386.16534,1983.127
13.10161,0.22447015,0.11512988,-3.4805353,0.43694544,-214.33226,385.5574,1972.0563
12.974543,0.20135033,0.1032718,-3.4805756,0.43659264,-172.98839,375.69855,1978.8047
12.851314,0.18066078,0.09266022,-3.4802904,0.43626735,-151.92879,371.53305,1976.3744
12.840036,0.1621384,0.08316014,-3.4797738,0.43596834,-134.23546,381.98312,1962.7618
12.628414,0.14554983,0.07465193,-3.4790986,0.43569416,-66.89476,356.3571,1921.1464
12.581437,0.13068774,0.06702922,-3.478321,0.43544334,-32.262028,337.68555,1883.2921
12.7211075,0.11736752,0.060197335,-3.4774835,0.43521428,-10.24007,331.915,1862.995
12.417932,0.094714545,0.048578713,-3.475749,0.4348153,18.978537,325.68442,1851.9795
12.453874,0.085105896,0.04365047,-3.4748933,0.4346424,50.145325,341.3722,1862.3977
12.823706,0.076483645,0.039228156,-3.4740653,0.43448547,69.85939,353.2601,1868.8002
12.6536875,0.06874409,0.035258565,-3.4732718,0.43434304,88.587135,355.8283,1878.3345
12.561194,0.061795857,0.031694844,-3.4725192,0.4342139,106.904755,353.82693,1893.9393
