13.358891,0.021403812,0.7443989,-0.047650877,0.6656888,-318.6662,-189.1796,2252.558
13.012799,0.12454422,2.144431,-0.066434965,0.26877517,-306.09515,-188.22923,2309.1277
13.00386,0.30259833,2.4075887,-0.25440252,0.3082329,-259.19904,-201.18951,2317.5537
13.044112,0.28903437,2.441716,-0.19954035,0.31452215,-305.2955,-235.00516,2289.3499
13.135788,-0.09594836,0.67327064,0.09321936,0.72719365,-533.0805,-179.42981,2301.7625
13.812525,-0.41107765,2.3000364,0.24076922,0.34347275,-543.83777,-174.08797,2219.7986
14.33066,0.33260444,2.2776425,-0.31484258,0.39679646,-428.7724,-281.8744,2322.217
14.350822,0.31193447,2.136097,-0.29527652,0.40437925,-409.08026,-240.56363,2311.7888
13.9470625,0.27110696,2.034335,-0.13746174,0.4048032,-397.54807,-290.08087,2291.4907
14.049644,0.100771636,1.8205069,-0.17272092,0.41291016,-406.54327,-291.65057,2265.048
14.383395,0.02771153,1.7115121,-0.15264305,0.41542682,-420.03574,-293.3532,2253.453
13.776224,-0.6209816,1.4582486,-0.50943196,0.42433515,-414.29877,-239.89369,2130.0493
13.803425,-0.828249,1.2005987,-0.46509847,0.42720318,-437.16922,-233.95518,2075.5415
13.623722,-0.880368,1.074684,-0.40619707,0.42799488,-441.59854,-235.29857,2053.3958
13.101797,-0.33389726,0.75855917,-0.46680805,0.43741134,-427.97382,-208.9336,1973.6638
13.645537,0.40051344,0.17529689,-0.15566497,0.43570262,-409.5225,-202.08159,1916.5015
13.861113,0.5203627,-0.08150448,-0.01956548,0.43242916,-405.17444,-202.97955,1904.2764
14.551183,0.44598547,-0.570538,0.1359069,0.4265699,-393.8829,-199.6546,1868.7869
15.128161,0.35898986,-0.9007349,0.23621526,0.42083913,-407.7767,-200.69183,1855.8928
15.57167,0.3233383,-1.2593735,0.32829812,0.4121742,-431.28366,-193.93217,1835.8402
15.933542,0.22031035,-1.4972776,0.32467264,0.40705544,-404.17307,-206.92493,1838.3098
16.276726,0.09968169,-1.5644354,0.29746512,0.406891,-400.27637,-223.87679,1828.9174
16.533138,0.092735104,-1.7422223,0.1429745,0.40568146,-390.45645,-237.38335,1826.4525
16.639975,0.090986036,-1.8692371,-0.011473291,0.40530023,-380.70462,-247.91176,1832.359
16.47077,0.14238538,-1.9061452,-0.0718116,0.40491313,-368.55014,-252.658,1844.4662
16.660748,0.16320464,-2.0343597,-0.20752873,0.4024659,-356.73935,-263.05316,1853.3944
16.783796,0.09824289,-2.3015163,-0.39403692,0.3916371,-326.22916,-262.0984,1868.8656
16.962318,0.10742374,-2.3919349,-0.65910727,0.39005625,-298.46085,-267.5472,1883.7244
17.042646,0.047128964,-2.5111628,-0.7579691,0.37650463,-275.41418,-272.526,1894.5502
17.123861,0.082948156,0.7788086,0.20275232,-0.5877655,-199.79166,-278.79565,1916.0857
