13.358891,0.0,0.0,0.0,0.43301272,-350.16943,20.144745,2406.857
13.012799,0.0,0.0,0.0,0.43301272,-388.3595,17.849487,2406.6987
13.00386,0.0,0.0,0.0,0.43301272,-411.1121,12.576721,2408.0667
13.044112,0.0,0.0,0.0,0.43301272,-426.79184,13.821106,2412.5198
13.135788,0.0,0.0,0.0,0.43301272,-546.3567,-0.2793274,2385.1829
13.812525,0.0,0.0,0.0,0.43301272,-594.7583,-10.576508,2360.7932
14.33066,0.0,0.0,0.0,0.43301272,-608.7406,-1.316452,2325.7725
14.350822,0.0,0.0,0.0,0.43301272,-603.37585,5.3173065,2285.7605
13.9470625,0.0,0.0,0.0,0.43301272,-593.865,18.791092,2259.2556
14.049644,0.0,0.0,0.0,0.43301272,-574.9847,36.179016,2208.815
14.383395,0.0,0.0,0.0,0.43301272,-587.1445,25.949432,2176.682
13.776224,0.0,0.0,0.0,0.43301272,-588.15405,28.90564,2073.7744
13.803425,0.0,0.0,0.0,0.43301272,-580.57,30.833832,2028.1556
13.623722,0.0,0.0,0.0,0.43301272,-569.1901,32.71057,1988.9622
13.101797,0.0,0.0,0.0,0.43301272,-526.20795,63.828125,1940.0607
13.645537,0.0,0.0,0.0,0.43301272,-500.8083,77.238464,1900.2798
13.861113,0.0,0.0,0.0,0.43301272,-498.11606,78.19357,1881.1552
14.551183,0.0,0.0,0.0,0.43301272,-481.4741,84.18158,1837.8827
15.128161,0.0,0.0,0.0,0.43301272,-466.50793,99.67786,1798.7914
15.57167,0.0,0.0,0.0,0.43301272,-444.45496,98.014984,1737.6842
15.933542,0.0,0.0,0.0,0.43301272,-404.5999,65.82349,1691.6814
16.276726,0.0,0.0,0.0,0.43301272,-363.18738,48.36676,1667.7263
16.533138,0.0,0.0,0.0,0.43301272,-332.0674,42.39276,1668.3785
16.639975,0.0,0.0,0.0,0.43301272,-293.8034,31.581543,1683.9314
16.47077,0.0,0.0,0.0,0.43301272,-244.10211,33.49884,1705.8225
16.660748,0.0,0.0,0.0,0.43301272,-184.86559,32.0502,1733.0565
16.783796,0.0,0.0,0.0,0.43301272,-134.75133,30.984009,1760.6907
16.962318,0.0,0.0,0.0,0.43301272,-88.73181,31.52356,1795.4464
17.042646,0.0,0.0,0.0,0.43301272,-67.18559,37.988373,1815.5565
17.123861,0.0,0.0,0.0,0.43301272,-34.990166,35.956177,1871.5729
