14.824242,0.0,0.0,0.0,0.43301272,311.70575,64.11017,1890.5356
14.955,0.0,0.0,0.0,0.43301272,303.48642,49.89093,1907.5923
14.603788,0.0,0.0,0.0,0.43301272,295.8402,41.97986,1926.7124
14.392651,0.0,0.0,0.0,0.43301272,292.49265,45.780884,1943.3872
14.413317,0.0,0.0,0.0,0.43301272,266.4959,48.810303,1993.8739
14.588126,0.0,0.0,0.0,0.43301272,246.37479,48.323303,2017.443
14.595562,0.0,0.0,0.0,0.43301272,239.08888,15.123291,2036.615
14.241361,0.0,0.0,0.0,0.43301272,237.1252,5.595276,2061.0444
13.877466,0.0,0.0,0.0,0.43301272,219.7604,0.9192505,2084.1406
13.705321,0.0,0.0,0.0,0.43301272,194.90935,2.3225098,2101.1401
13.903912,0.0,0.0,0.0,0.43301272,174.00885,9.58844,2112.9258
13.926104,0.0,0.0,0.0,0.43301272,142.76955,6.42157,2119.7097
13.83358,0.0,0.0,0.0,0.43301272,128.32422,11.004456,2117.6123
13.394158,0.0,0.0,0.0,0.43301272,108.70593,8.9487915,2121.6846
13.183624,0.0,0.0,0.0,0.43301272,95.90323,17.294067,2135.1626
12.828248,0.0,0.0,0.0,0.43301272,77.64804,16.727234,2154.0286
13.273525,0.0,0.0,0.0,0.43301272,55.816994,15.738281,2173.0938
13.357698,0.0,0.0,0.0,0.43301272,14.004907,15.3723755,2224.3274
13.112481,0.0,0.0,0.0,0.43301272,-62.585777,21.333496,2301.3086
13.940735,0.0,0.0,0.0,0.43301272,-120.271454,34.734924,2343.337
14.142805,0.0,0.0,0.0,0.43301272,-186.49841,18.229858,2372.6663
14.461526,0.0,0.0,0.0,0.43301272,-225.5048,25.0755,2382.0469
14.264853,0.0,0.0,0.0,0.43301272,-248.54648,26.268372,2378.8518
14.157681,0.0,0.0,0.0,0.43301272,-298.06964,13.24292,2357.7463
14.055048,0.0,0.0,0.0,0.43301272,-361.89566,-2.795288,2360.3306
14.176393,0.0,0.0,0.0,0.43301272,-426.63385,-13.011841,2315.085
14.420899,0.0,0.0,0.0,0.43301272,-447.1232,-5.477051,2283.0896
13.950083,0.0,0.0,0.0,0.43301272,-475.46036,3.694336,2207.353
13.860976,0.0,0.0,0.0,0.43301272,-482.71942,6.364929,2178.0784
14.114507,0.0,0.0,0.0,0.43301272,-489.4524,23.881226,2141.7336
14.04552,0.0,0.0,0.0,0.43301272,-491.9161,34.89862,2127.6975
13.700393,0.0,0.0,0.0,0.43301272,-484.2859,65.03259,2071.5784
14.240811,0.0,0.0,0.0,0.43301272,-484.0814,64.10889,2010.7555
14.598436,0.0,0.0,0.0,0.43301272,-486.15347,66.34857,1977.9187
15.031944,0.0,0.0,0.0,0.43301272,-485.0925,64.07898,1910.5095
15.080433,0.0,0.0,0.0,0.43301272,-492.34665,61.703125,1821.1362
15.431094,0.0,0.0,0.0,0.43301272,-499.15088,33.413574,1712.8254
14.771919,0.0,0.0,0.0,0.43301272,-494.37997,5.1362305,1650.3145
14.287628,0.0,0.0,0.0,0.43301272,-481.8803,-24.068481,1590.2623
14.0878935,0.0,0.0,0.0,0.43301272,-459.1083,-43.84912,1543.8307
14.507851,0.0,0.0,0.0,0.43301272,-418.2828,-69.892,1474.5802
14.686626,0.0,0.0,0.0,0.43301272,-377.8078,-83.32922,1424.7029
14.396342,0.0,0.0,0.0,0.43301272,-361.8787,-96.20026,1397.5248
14.212414,0.0,0.0,0.0,0.43301272,-349.5604,-107.444824,1378.4261
14.025549,0.0,0.0,0.0,0.43301272,-318.65762,-134.97223,1348.7922
13.876394,0.0,0.0,0.0,0.43301272,-286.25882,-145.11896,1331.5126
13.648721,0.0,0.0,0.0,0.43301272,-273.35928,-169.52814,1334.8613
13.094554,0.0,0.0,0.0,0.43301272,-204.75276,-154.81424,1454.5654
13.04673,0.0,0.0,0.0,0.43301272,-153.59138,-136.65985,1508.441
