17.21435,-0.035531458,-0.07594222,-3.467239,0.4335453,-319.28036,557.1182,2129.8862
17.252668,-0.022700297,-0.048517898,-3.4664848,0.4333681,-327.93317,552.10333,2150.8208
16.540997,-0.014511136,-0.031015016,-3.46578,0.4332461,-312.1122,556.55133,2158.5847
16.665436,-0.0092799505,-0.019834273,-3.4652386,0.43316448,-300.72424,551.494,2175.4915
16.782402,-0.005936179,-0.0126875425,-3.4648552,0.43311086,-268.2561,572.95496,2165.2095
16.93355,-0.0037979172,-0.008117382,-3.4645946,0.43307593,-259.62115,583.10925,2201.72
17.005098,-0.0024301566,-0.005194034,-3.4644215,0.43305334,-232.95668,554.09204,2193.738
16.718283,-0.0019439793,-0.0041549155,-3.4643586,0.43304527,-216.4509,554.3819,2187.3386
15.652298,-0.0012440123,-0.0026588587,-3.4642677,0.4330336,-186.96194,576.2512,2183.6606
15.360592,-9.951713E-4,-0.002127005,-3.4642348,0.43302938,-182.5113,570.98456,2175.8813
15.7048435,-6.368742E-4,-0.0013612072,-3.4641867,0.43302336,-177.16786,608.67944,2193.6204
15.585204,-4.0758506E-4,-8.7114156E-4,-3.464156,0.43301952,-166.5652,611.9345,2180.7627
15.2136345,-3.2606395E-4,-6.9690455E-4,-3.4641452,0.43301818,-179.79672,619.3323,2198.3105
15.064504,-2.608486E-4,-5.575181E-4,-3.4641366,0.4330171,-172.51521,600.78937,2175.9275
14.31339,-1.6694066E-4,-3.568064E-4,-3.4641237,0.4330155,-217.72577,602.58746,2184.9414
14.166673,-1.3355185E-4,-2.8544368E-4,-3.4641194,0.43301496,-219.89337,593.14056,2160.3872
14.108398,-1.06841064E-4,-2.2835402E-4,-3.4641159,0.4330145,-238.48376,599.129,2161.823
13.545722,-6.837785E-5,-1.461457E-4,-3.4641104,0.43301383,-280.2917,611.7203,2153.857
13.457073,-5.4702185E-5,-1.1691633E-4,-3.4641087,0.43301362,-293.587,629.4305,2143.7476
13.489827,-3.5009296E-5,-7.482624E-5,-3.4641063,0.4330133,-308.34863,646.89606,2124.8948
13.327237,-2.8007405E-5,-5.9860926E-5,-3.4641054,0.43301317,-321.99832,646.0637,2115.285
13.179313,-2.2405904E-5,-4.78887E-5,-3.4641042,0.43301302,-312.9831,655.37463,2102.485
13.130642,-1.7924709E-5,-3.8310936E-5,-3.4641035,0.43301293,-271.84564,658.0836,2111.4602
12.866995,-1.4339764E-5,-3.0648735E-5,-3.4641032,0.4330129,-255.08128,656.2639,2125.2034
12.869219,-1.1471806E-5,-2.4518979E-5,-3.4641027,0.43301284,-243.11908,653.88556,2142.6453
12.748962,-7.341953E-6,-1.5692141E-5,-3.4641025,0.4330128,-243.33081,646.82635,2188.6187
12.843156,-5.8735595E-6,-1.2553708E-5,-3.4641018,0.43301272,-243.0154,646.27563,2206.1877
