13.118078,0.6116333,0.7048591,0.30002165,0.19764979,284.43713,550.12,2032.1212
12.809172,0.5771284,0.7119386,0.3266719,0.23097992,285.40466,539.85376,2089.7847
12.88723,0.5665658,0.7096697,0.33698383,0.24862422,289.21442,542.4221,2120.058
12.859012,0.52658045,0.7265329,0.349775,0.2692963,291.6166,532.78687,2156.444
12.545389,0.5740223,0.8078465,0.08009099,0.10708808,300.82864,531.03204,2227.7102
12.65359,0.55652374,0.81079257,0.11988551,0.13610376,304.29816,569.9716,2279.679
12.901496,0.5255865,0.8139914,0.14612183,0.19956262,307.3076,592.4962,2342.392
13.801115,0.4062372,0.62915164,0.44747463,0.48878017,303.69247,602.8127,2391.4678
14.551233,0.27972293,0.4332153,0.5914504,0.61989206,293.2021,603.87415,2434.1223
14.808715,0.22782752,0.35284325,0.63002807,0.65319294,285.72632,615.06885,2455.068
13.890328,0.1485594,0.23007843,0.6724769,0.6875819,237.03609,592.0606,2489.1587
14.316589,0.09580453,0.14837533,0.6911031,0.7008443,181.30888,584.5344,2519.4258
14.996576,0.17381865,0.26919812,1.9765722,0.25029933,136.04185,599.9639,2536.516
15.505549,0.111669004,0.17294511,1.9924182,0.25037813,84.340576,599.66565,2557.0654
15.702396,0.089390054,0.13844104,1.9960523,0.25035557,65.89846,594.982,2567.1426
15.595647,0.05722115,0.088620104,1.9994282,0.2502764,10.904877,591.119,2577.3403
15.38033,0.045771338,0.07088744,2.0000987,0.25023502,-31.996052,584.21454,2584.789
15.157507,0.036610894,0.056700386,2.0004349,0.25019684,-78.59245,580.9924,2582.7722
14.746685,0.023422405,0.036274973,2.000606,0.25013408,-188.03015,580.8833,2572.7554
15.226438,0.5521295,0.49277806,1.9929827,0.2662902,-257.79636,583.79614,2555.9878
15.720874,0.73970723,0.59903646,1.9586574,0.2729282,-305.16064,584.74585,2541.7876
16.07774,0.7847368,0.55422753,1.9650592,0.27416596,-351.766,600.0906,2544.3223
16.355562,0.7335213,0.34150022,1.9968456,0.26985592,-391.26465,622.8604,2557.6907
16.647175,0.5724735,0.28716928,2.047363,0.26936576,-420.18793,629.6173,2544.7805
16.299868,0.5056755,0.20392102,2.0763621,0.27019697,-442.4942,634.5259,2528.2832
16.229122,0.42467552,0.17982532,2.1094398,0.27301204,-448.44022,635.1452,2507.0725
15.234076,0.27554855,0.15491013,2.1495275,0.2768101,-455.32394,633.42896,2455.0786
14.747105,0.2779552,0.12150976,2.1506965,0.27672747,-459.3051,636.1035,2433.7703
14.37224,0.24919644,0.08809584,2.1681237,0.27981126,-462.03094,636.4519,2398.4927
14.246465,0.23837195,0.056920838,2.1793716,0.2822698,-463.2344,637.5676,2369.894
14.130702,0.2482597,0.020732637,2.184073,0.28377396,-462.3791,639.4071,2346.513
13.518915,0.21076505,0.019369492,2.2118402,0.2924988,-449.94012,644.9813,2280.9722
13.416943,0.24199477,-0.04023036,2.214789,0.29612467,-443.52448,643.85754,2261.0613
13.114701,0.2222172,-0.10206437,2.2172172,0.29935142,-438.4331,647.0213,2237.361
12.84342,0.14394328,-0.20500389,2.2145715,0.3006185,-436.5914,646.9499,2211.2803
12.648128,0.08282561,-0.33123934,2.1988757,0.29922962,-437.57062,646.37494,2186.0588
12.726425,-0.039014578,-0.41465786,2.1882343,0.29947078,-436.74088,652.4684,2157.0183
12.684006,-0.10337655,-0.56243724,2.1470778,0.29494205,-434.4436,657.16516,2133.4854
12.446619,-0.351942,-0.8744194,2.0184014,0.2904351,-428.73782,657.6621,2063.245
12.565641,-0.4593497,-1.0157421,1.942906,0.29086325,-422.5723,653.5627,2029.9755
