12.482926,-6.5187804E-16,1.7791421E-16,-3.4641013,0.43301266,217.33325,496.15433,1338.9706
12.395555,-5.215024E-16,1.4233142E-16,-3.4641013,0.43301266,259.81943,490.72302,1348.307
11.803807,-3.337616E-16,9.109212E-17,-3.4641013,0.43301266,355.8346,513.46814,1428.3826
12.154836,-2.670093E-16,7.287371E-17,-3.4641013,0.43301266,400.9297,531.5557,1470.934
12.572338,-1.7088597E-16,4.663919E-17,-3.4641013,0.43301266,467.53076,548.00916,1534.9034
12.785066,-1.0936702E-16,2.984909E-17,-3.4641013,0.43301266,523.2945,563.0829,1592.7527
13.205175,-8.749362E-17,2.3879267E-17,-3.4641013,0.43301266,545.42285,567.2964,1618.0016
13.427675,-5.599592E-17,1.5282736E-17,-3.4641013,0.43301266,578.1323,589.10376,1677.9785
13.315767,-4.4796744E-17,1.2226185E-17,-3.4641013,0.43301266,592.94946,602.6978,1712.996
13.119389,-3.5837398E-17,9.78095E-18,-3.4641013,0.43301266,601.0088,633.0483,1764.0093
12.65767,-2.2935937E-17,6.2598105E-18,-3.4641013,0.43301266,619.21783,661.50806,1876.9917
12.621415,-1.834875E-17,5.007848E-18,-3.4641013,0.43301266,613.09796,663.832,1933.6641
12.666581,-1.4679002E-17,4.0062785E-18,-3.4641013,0.43301266,608.5437,663.7701,1974.7617
12.312515,-9.3945615E-18,2.5640186E-18,-3.4641013,0.43301266,579.80786,666.1818,2057.4897
12.050185,-7.515649E-18,2.0512148E-18,-3.4641013,0.43301266,568.7246,665.5635,2092.9
12.059787,-6.0125194E-18,1.6409715E-18,-3.4641013,0.43301266,546.9458,660.5259,2116.3687
12.223299,-3.8480136E-18,1.0502222E-18,-3.4641013,0.43301266,523.983,650.7561,2170.538
12.150123,-3.0784112E-18,8.401778E-19,-3.4641013,0.43301266,506.20547,641.6695,2194.013
11.935066,-2.4627293E-18,6.7214215E-19,-3.4641013,0.43301266,488.05154,630.0807,2226.3625
12.021329,-1.9701835E-18,5.377138E-19,-3.4641013,0.43301266,470.55423,625.2903,2260.3123
12.870953,-1.2609178E-18,3.441369E-19,-3.4641013,0.43301266,437.8089,602.5091,2311.7048
13.58138,-8.069876E-19,2.2024764E-19,-3.4641013,0.43301266,402.16107,585.70264,2343.0898
13.560599,-6.4559007E-19,1.7619808E-19,-3.4641013,0.43301266,393.48514,576.9497,2356.8313
13.132717,-4.1317767E-19,1.1276678E-19,-3.4641013,0.43301266,370.03287,550.1504,2386.5535
13.164064,-3.305422E-19,9.0213416E-20,-3.4641013,0.43301266,371.69275,552.53735,2393.4314
12.818592,-2.644338E-19,7.2170746E-20,-3.4641013,0.43301266,351.11462,553.3327,2356.2405
12.683989,-2.1154705E-19,5.773659E-20,-3.4641013,0.43301266,345.79205,565.22815,2268.071
12.82421,-1.3539013E-19,3.6951428E-20,-3.4641013,0.43301266,298.12006,571.934,2172.8416
13.357103,-8.664969E-20,2.364892E-20,-3.4641013,0.43301266,197.24432,587.3535,2129.8306
13.80092,-5.545581E-20,1.5135308E-20,-3.4641013,0.43301266,99.693985,612.6614,2103.9185
14.208286,-3.5491722E-20,9.6866E-21,-3.4641013,0.43301266,53.601044,619.4966,2091.9517
14.502743,-2.8393382E-20,7.749279E-21,-3.4641013,0.43301266,49.810875,619.9359,2091.8196
13.665751,-1.8171767E-20,4.9595407E-21,-3.4641013,0.43301266,27.015339,628.864,2099.1045
13.640205,-1.4537415E-20,3.967633E-21,-3.4641013,0.43301266,12.049764,633.82385,2105.3777
13.184279,-9.3039466E-21,2.5392855E-21,-3.4641013,0.43301266,-49.214783,639.6281,2112.375
