12.875726,0.7385633,-0.65131044,-0.17128201,-0.03132814,175.85362,655.29034,2247.9453
13.005879,0.7403462,-0.6464173,-0.11943274,-0.1405988,143.22717,679.8071,2307.0618
12.91199,0.70315945,-0.6672722,-0.030522674,-0.24368605,140.03958,693.58527,2330.765
13.15669,-0.6616528,0.66295147,-0.04766082,0.3470437,104.493004,715.5194,2392.485
13.585409,0.6698908,-0.6479978,0.03654646,-0.3605682,74.588776,720.0742,2421.1157
13.510034,0.6685611,-0.63709784,0.043515306,-0.3811021,55.363472,714.7755,2436.4739
13.869073,0.6756988,-0.6217776,0.057262503,-0.391848,41.20613,721.50726,2447.35
13.686727,0.65237904,-0.6209768,0.10808047,-0.42084178,25.820747,712.8974,2462.2004
13.992157,0.6857175,-0.5958931,0.08627244,-0.40897417,4.7527924,707.0446,2463.2874
13.906525,0.640455,-0.5496849,0.15505575,-0.5134409,-14.154015,703.28674,2460.374
14.316276,0.63540995,-0.5259305,0.16013676,-0.5422244,-24.649345,694.7237,2460.9275
14.10526,0.63615286,-0.4685166,0.19730984,-0.5804054,-71.63115,678.3346,2442.629
14.381722,0.64089656,-0.45640728,0.21059628,-0.5801666,-89.4424,668.63904,2426.4944
14.039627,0.6427586,-0.4582406,0.22415933,-0.5715151,-111.74713,662.0748,2413.6604
13.739779,0.6521344,-0.44594762,0.23364395,-0.56679976,-151.18216,660.0154,2392.222
13.691904,0.6610888,-0.4391312,0.23084964,-0.56287986,-177.90477,651.03394,2370.2446
13.638592,0.65622985,-0.44869307,0.24297123,-0.55587924,-202.24368,653.7609,2351.016
13.352329,0.6461192,-0.45901668,0.25844547,-0.55230397,-222.49988,647.59015,2332.7563
13.167067,0.63229823,-0.45776075,0.28180322,-0.5578897,-240.64168,641.6445,2317.3372
13.562163,-1.3948963,1.054577,-0.72734916,0.2533162,-245.21521,643.8854,2306.3787
13.363868,-1.4577388,1.1212909,-0.83926564,0.2667556,-247.98062,640.77826,2301.6003
13.104162,-1.4675727,1.13582,-0.8688972,0.26973698,-252.98132,628.4806,2296.8945
13.072877,-1.5057139,1.1503761,-0.97453886,0.27970445,-258.25522,622.22,2285.9402
12.879102,-1.5991614,1.1792794,-1.0740746,0.29311022,-268.08176,611.51764,2278.28
12.572192,-1.8175294,1.1497436,-1.4351852,0.3295844,-301.06827,591.52325,2219.585
12.565026,-1.8746564,1.1095685,-1.6180968,0.3440983,-315.03094,588.0158,2183.2908
12.914612,-1.919171,1.0820017,-1.8929862,0.36481002,-338.21432,586.71375,2124.2214
13.281795,-1.9202747,1.0552685,-2.0540383,0.37597233,-345.21143,587.37915,2092.6504
13.125159,-1.9019456,1.0100217,-2.2385173,0.388277,-346.91327,580.54474,2056.9526
12.919849,-1.7581608,1.1472468,-2.2904913,0.38843238,-352.221,613.89,2046.2673
12.835779,-1.637686,0.8657423,-2.7435474,0.4190392,-361.65735,654.2848,2008.244
13.623629,-1.4810706,0.53064775,-2.9938614,0.4344602,-350.20596,659.25116,1964.7467
13.913606,-1.450509,0.40388086,-3.0479143,0.43698704,-338.90726,653.36145,1939.5258
13.72594,-1.3912044,0.28576875,-3.1113513,0.43865347,-329.34598,653.1152,1908.5537
13.479225,-1.4695374,0.17055176,-3.0949523,0.43775314,-308.974,648.88776,1867.5209
13.656198,-1.4117885,-0.024983102,-3.1490498,0.43919897,-286.04434,645.45593,1828.5056
13.463431,-1.3722482,-0.13969737,-3.1752818,0.43923986,-256.8484,634.0856,1799.5927
13.186994,-1.2430041,-0.37719515,-3.223051,0.4400813,-219.04335,616.5805,1766.4401
13.807625,-0.99858254,-0.43505746,-3.310853,0.44019923,-163.1205,596.98474,1731.9706
14.291436,-0.7337449,-0.6583189,-3.3403869,0.4398203,-129.53375,583.2848,1716.2633
14.5355,-0.78067493,-0.7957774,-3.2899413,0.43831003,-106.06101,564.1944,1702.5635
14.859144,-0.8610351,-0.91895086,-3.2226853,0.43473423,-91.357185,546.5028,1688.2246
14.123526,-0.72700405,-0.76913327,-3.3026192,0.43485746,-73.70481,529.3603,1628.7399
13.964051,-0.58218145,-0.6159182,-3.3715413,0.4356486,-51.868713,530.42847,1594.5508
13.894263,-0.46481055,-0.4917459,-3.4138727,0.43586367,-26.977795,541.6731,1569.3383
13.604501,-0.3705835,-0.39205846,-3.4393013,0.435768,8.8533745,542.23553,1528.3058
13.320558,-0.29531768,-0.312431,-3.454154,0.4355201,50.06096,531.6953,1491.5078
13.309522,-0.23534627,-0.24898432,-3.4624894,0.43521234,96.5819,519.7578,1421.2059
13.256893,-0.18760835,-0.19848001,-3.4668767,0.43489614,134.64534,516.33344,1376.1583
12.997864,-0.14961408,-0.15828405,-3.4689238,0.43459854,183.8309,510.01007,1338.1486
12.945056,-0.11936638,-0.12628353,-3.469624,0.43433192,241.56921,486.6671,1318.049
13.66643,-0.07607229,-0.0804806,-3.4691684,0.43390346,324.3077,473.9847,1318.5134
13.812696,-0.060761385,-0.06428245,-3.468591,0.43373856,359.1229,471.2656,1330.3439
13.558324,-0.048545208,-0.051358353,-3.4679718,0.4336018,386.14474,479.364,1352.3969
14.22056,-0.031009344,-0.032806315,-3.4668348,0.4333975,413.05487,497.50522,1388.1123
14.056034,-0.024790155,-0.026226725,-3.4663615,0.43332276,431.80478,506.42432,1417.4033
14.063405,-1.091571,0.6230027,-3.1511817,0.42447808,480.5009,529.3899,1487.7098
14.533456,-1.7535698,1.14732,-2.0662222,0.36949998,521.47076,552.7575,1553.9124
15.088428,-1.7280099,1.1682909,-1.4555352,0.32594094,554.31824,581.70374,1614.7114
15.249126,-1.6793015,1.1379886,-1.3054917,0.31255722,576.5937,593.0516,1644.3036
15.34759,-1.5429744,1.0404983,-1.0648937,0.2867728,597.3947,602.6689,1675.4819
15.479343,-1.5930927,1.0335252,-1.1300448,0.29435393,608.6498,607.4567,1698.0994
14.702897,-1.6833316,1.0670351,-1.2996906,0.31147423,628.2498,619.46875,1742.3599
14.969352,-1.7498683,1.0677929,-1.4640489,0.32618076,641.6448,628.6078,1781.0946
14.825052,-1.7701601,1.0840981,-1.6709832,0.3412847,661.9496,635.0984,1822.0427
14.400806,-1.8418944,1.0413105,-2.0405602,0.36985022,674.95624,645.57983,1916.3931
14.702778,-1.8250477,0.9884887,-2.2106977,0.38037765,681.7974,642.5467,1959.5636
14.462217,-1.849894,0.8966759,-2.3019283,0.386805,678.47473,637.5295,1998.1104
14.3084345,-1.9426109,0.7109022,-2.3998005,0.39644802,680.54034,594.1111,2040.9946
