13.6875105,0.0,0.0,0.0,0.43301272,302.65118,-646.4483,2330.9912
13.590851,0.0,0.0,0.0,0.43301272,305.94128,-651.3887,2332.523
13.990057,0.0,0.0,0.0,0.43301272,288.1704,-650.2201,2346.0068
14.687941,0.0,0.0,0.0,0.43301272,247.67827,-636.45337,2351.068
14.960624,0.0,0.0,0.0,0.43301272,243.40155,-637.6194,2360.289
14.659819,0.0,0.0,0.0,0.43301272,235.58014,-643.7749,2393.9314
14.507867,0.0,0.0,0.0,0.43301272,183.10713,-635.4308,2410.1016
14.530148,0.0,0.0,0.0,0.43301272,-9.099106,-634.8351,2423.298
14.653564,0.0,0.0,0.0,0.43301272,7.142334,-623.8323,2428.4653
14.6410055,0.0,0.0,0.0,0.43301272,10.023384,-600.96326,2429.2903
14.592548,0.0,0.0,0.0,0.43301272,-86.894356,-580.14417,2397.5088
14.537517,0.0,0.0,0.0,0.43301272,-366.21265,-645.47974,2276.492
14.457222,0.0,0.0,0.0,0.43301272,-398.53864,-644.8898,2227.5603
13.6194935,0.0,0.0,0.0,0.43301272,-418.04294,-684.1067,2209.3235
13.4454365,0.0,0.0,0.0,0.43301272,-414.52542,-687.01483,2196.896
13.620455,0.0,0.0,0.0,0.43301272,-411.85635,-688.76733,2184.1519
13.458382,0.0,0.0,0.0,0.43301272,-416.3428,-702.5039,2180.4717
13.719662,0.0,0.0,0.0,0.43301272,-401.04767,-681.0113,2213.2427
13.856036,0.0,0.0,0.0,0.43301272,-402.38715,-668.6499,2207.4539
13.694921,0.0,0.0,0.0,0.43301272,-406.77472,-651.3491,2205.4866
13.4318695,0.0,0.0,0.0,0.43301272,-420.57623,-636.5182,2228.1475
13.636658,0.0,0.0,0.0,0.43301272,-405.45834,-629.67896,2228.1116
13.693201,0.0,0.0,0.0,0.43301272,-412.1735,-625.9236,2219.823
13.708013,0.0,0.0,0.0,0.43301272,-410.0235,-632.75073,2225.669
13.826073,0.0,0.0,0.0,0.43301272,-399.68076,-644.7915,2214.035
14.019347,0.0,0.0,0.0,0.43301272,-395.97885,-639.7721,2207.9739
13.796876,0.0,0.0,0.0,0.43301272,-402.15955,-632.6144,2186.372
13.803143,0.0,0.0,0.0,0.43301272,-401.9327,-626.82367,2171.545
13.8610735,0.0,0.0,0.0,0.43301272,-401.1474,-627.5255,2160.3027
13.489594,0.0,0.0,0.0,0.43301272,-386.59808,-613.1558,2130.8901
13.260533,0.0,0.0,0.0,0.43301272,-390.1128,-604.2377,2027.5626
13.278487,0.0,0.0,0.0,0.43301272,-365.28555,-601.23737,1938.7083
13.124219,0.0,0.0,0.0,0.43301272,-312.62686,-603.12244,1826.2609
13.013203,0.0,0.0,0.0,0.43301272,-250.41974,-626.4061,1739.4197
13.274502,0.0,0.0,0.0,0.43301272,-178.79442,-624.8867,1659.0374
13.045158,0.0,0.0,0.0,0.43301272,-110.25291,-620.0973,1606.4146
13.272378,0.0,0.0,0.0,0.43301272,-73.01837,-621.754,1593.4308
13.489364,0.0,0.0,0.0,0.43301272,-41.157104,-630.5855,1577.4249
13.175516,0.0,0.0,0.0,0.43301272,-25.771278,-636.5051,1572.7937
12.969057,0.0,0.0,0.0,0.43301272,-18.552673,-657.8753,1556.2126
12.832543,0.0,0.0,0.0,0.43301272,-18.022833,-712.67535,1531.5311
12.696034,0.0,0.0,0.0,0.43301272,-10.78602,-728.2207,1532.5077
12.987163,0.0,0.0,0.0,0.43301272,2.6038933,-735.19226,1529.369
12.972494,0.0,0.0,0.0,0.43301272,33.362755,-707.63055,1522.7727
13.297939,0.0,0.0,0.0,0.43301272,-144.99915,-660.1446,1602.5636
13.360303,0.0,0.0,0.0,0.43301272,31.667093,-694.6953,1549.1262
13.404776,0.0,0.0,0.0,0.43301272,12.119425,-682.0922,1540.6788
13.658246,0.0,0.0,0.0,0.43301272,-17.25216,-596.1083,1559.8403
13.835506,0.0,0.0,0.0,0.43301272,-30.737442,-589.59076,1572.2599
13.885378,0.0,0.0,0.0,0.43301272,-33.918533,-594.81805,1577.0265
13.740714,0.0,0.0,0.0,0.43301272,-10.625008,-602.01587,1565.1395
13.829266,0.0,0.0,0.0,0.43301272,15.488358,-590.6301,1582.4385
13.90653,0.0,0.0,0.0,0.43301272,32.421753,-576.208,1591.4185
13.874913,0.0,0.0,0.0,0.43301272,64.09726,-551.53735,1601.7672
13.868974,0.0,0.0,0.0,0.43301272,101.55002,-541.27075,1620.6958
13.4640465,0.0,0.0,0.0,0.43301272,169.56714,-531.81824,1645.4727
13.116435,0.0,0.0,0.0,0.43301272,254.04472,-510.01724,1681.7869
13.161992,0.0,0.0,0.0,0.43301272,496.51044,-584.09485,1871.3389
13.471391,0.0,0.0,0.0,0.43301272,555.4075,-596.54803,1994.2332
13.301373,0.0,0.0,0.0,0.43301272,572.836,-599.8339,2056.335
13.679528,0.0,0.0,0.0,0.43301272,574.54486,-595.8468,2107.9504
13.827196,0.0,0.0,0.0,0.43301272,591.71796,-599.3611,2121.8606
13.523869,0.0,0.0,0.0,0.43301272,577.82825,-580.37427,2141.9153
13.301351,0.0,0.0,0.0,0.43301272,571.9666,-562.6196,2153.0813
12.997409,0.0,0.0,0.0,0.43301272,530.0837,-555.81323,2166.3801
12.896687,0.0,0.0,0.0,0.43301272,530.60376,-558.5369,2149.732
12.608052,0.0,0.0,0.0,0.43301272,576.6467,-598.61615,2134.078
12.274623,0.0,0.0,0.0,0.43301272,424.97946,-637.4504,2398.2773
