13.358891,0.18117422,1.9889942,-0.30491143,0.25449878,-217.83751,201.80081,2220.9846
13.012799,-0.053362153,2.1725552,-0.40674448,0.27639502,-241.15732,202.47658,2227.272
13.00386,-0.24761459,2.1704895,-0.20540503,0.27571502,-262.06686,194.17291,2238.775
13.044112,0.0026109822,2.3663917,-0.17251006,0.302239,-274.4919,189.62222,2264.8406
13.135788,0.7304686,2.3790288,-0.66168267,0.3218924,-318.09714,172.95505,2320.4104
13.812525,1.3531227,2.418977,-0.73134315,0.3909545,-348.45468,167.73628,2345.1873
14.33066,0.3266776,2.2775385,-0.31264362,0.39669165,-363.52444,170.64964,2350.1104
14.350822,0.28238928,1.9687682,-0.27025795,0.41101196,-363.26068,169.3858,2335.9285
13.9470625,0.26959565,2.0342643,-0.13678671,0.4047778,-364.4573,168.8516,2322.9827
14.049644,0.10038169,1.8204899,-0.1725235,0.41290334,-378.57898,163.11145,2271.7368
14.383395,0.027512696,1.7115028,-0.15253961,0.41542327,-398.12393,160.75345,2251.4263
13.776224,0.5819844,1.5315801,0.081743814,0.4165227,-406.5811,172.84187,2205.8853
13.803425,0.7923137,1.3133101,0.013483117,0.42244858,-418.8179,169.28847,2173.2495
13.623722,0.795845,1.1802088,-0.024302475,0.42535922,-421.03152,167.07161,2149.7417
13.101797,1.1116346,0.8169752,0.20521651,0.42289278,-435.85492,178.79663,2112.1252
13.645537,1.2317312,0.17817302,0.27830395,0.42220622,-439.38467,180.40483,2067.8286
13.861113,1.2336463,-0.06923066,0.266952,0.42159235,-439.4548,179.80917,2054.9138
14.551183,1.2331288,-0.52476484,0.262224,0.41765624,-438.81406,182.62656,2018.5566
15.128161,1.0614969,-0.8678425,0.095585406,0.41873148,-437.28055,190.26007,1985.1067
15.57167,0.83801705,-1.2417494,0.018399563,0.41561496,-454.0835,204.76353,1939.369
15.933542,0.66469455,-1.4822298,0.10784822,0.4088955,-437.98953,194.75986,1918.5386
16.276726,0.6606769,-1.5641166,-0.025261987,0.4099421,-418.46017,179.62294,1912.8413
16.533138,0.63156277,-1.7222992,0.012988178,0.40353313,-415.76358,166.90935,1906.7572
16.639975,0.4913146,-1.8373806,0.045634564,0.39982685,-406.78958,159.50801,1893.9005
16.47077,0.39425674,-1.8683051,0.107376926,0.39796212,-399.15506,156.51665,1891.0629
16.660748,0.30090237,-1.9938434,0.07268755,0.3941011,-380.35974,147.7448,1889.4102
16.783796,0.26698405,-2.2363522,0.013266536,0.37927452,-344.07797,149.09605,1904.4191
16.962318,0.25241113,-2.3064692,-0.0034921214,0.37253535,-314.61566,143.80649,1918.9479
17.042646,0.24108543,-2.389453,0.036496706,0.35387,-300.1554,138.56136,1926.7899
17.123861,-0.07932726,0.8046139,-0.015737366,-0.5882652,-260.06006,128.12476,1944.1255
