13.182549,-0.06984547,0.43894902,-0.08762326,0.43354452,-150.50658,378.50885,1994.8723
13.428713,-0.029914174,0.4464444,0.09057189,0.429809,-157.23843,378.9735,1950.8096
13.592656,-0.19878608,0.20773034,0.10209143,0.4303225,-160.61708,381.42786,1940.0331
13.330615,-0.13051285,-0.07592127,0.16799493,0.42932346,-167.39967,387.15607,1881.512
13.226344,-0.19045618,-0.39150447,0.18117093,0.42823985,-164.53488,387.07532,1825.7451
13.503473,-0.08520771,-0.5208218,0.2656705,0.42550793,-163.83743,373.3994,1795.8344
13.267709,0.09961893,-0.4600569,0.39687163,0.42237693,-154.34685,355.3422,1751.2506
13.210989,0.07696686,-0.95490634,0.34892392,0.4185777,-142.65477,362.34805,1735.9214
13.341587,-0.02353286,-1.5844078,0.2474485,0.40866238,-138.56851,386.8827,1726.4419
13.205019,-0.12778945,-1.6583548,0.3509996,0.40392303,-130.89297,383.1563,1713.0825
13.563852,-0.131,-1.7742307,0.22513421,0.4038627,-115.99066,367.3072,1672.103
13.770344,-0.2930579,-1.8098979,0.3327416,0.40010303,-93.78772,364.2713,1662.8728
13.619428,-0.5128652,-1.889544,0.63556814,0.3859315,-43.147804,333.1269,1630.02
14.03987,-0.662844,-1.6878511,0.90564495,0.38321579,-5.3922834,325.3614,1604.1418
14.312268,-0.57591486,-1.593948,1.0962412,0.37735593,25.129044,319.07477,1588.2584
13.889296,-0.48403198,-1.4595122,1.2320192,0.37536427,60.74096,319.62048,1573.1162
13.649441,-0.42975718,-1.1443895,1.3905118,0.37743628,104.38039,316.7545,1569.2651
13.139954,-0.21261181,0.7829713,1.5699103,0.3735646,160.0506,311.63568,1598.634
13.882545,-0.093766645,1.8481421,1.0003692,0.360744,185.84436,328.6444,1652.4651
14.191291,-0.10405737,1.9852703,0.76676816,0.365094,198.45782,342.20514,1668.5217
14.6462555,-0.063729085,1.9910362,0.6356639,0.37378916,232.60103,354.63788,1704.2968
14.352058,-0.033692874,1.749607,0.7015198,0.38581982,288.04163,373.66595,1751.3003
14.435971,-0.030877376,1.6276944,0.74344045,0.3894761,316.12378,384.38867,1777.5405
14.436559,-0.0749443,1.4981332,0.3895495,0.4062285,352.0805,409.96613,1828.8372
14.474545,-0.10180179,1.2912087,-0.03908986,0.42228144,378.17758,430.795,1862.6731
14.258583,-0.065555215,1.2011012,-0.13555752,0.4262484,385.60184,434.7095,1876.6381
14.112699,-0.037087396,1.0193608,-0.07611424,0.4278963,400.32092,434.0028,1893.6372
13.782437,0.051900577,0.54013366,0.03533886,0.43055317,415.21103,429.06763,1934.501
13.687296,0.048959102,0.33758453,0.03312605,0.4316665,413.61188,421.57272,1959.8237
13.229224,0.04819465,-0.028384535,-0.28508025,0.43858632,397.5611,412.43573,2024.8191
12.986154,0.074338004,-0.38936314,-0.3879143,0.4394927,385.1157,383.60605,2053.665
13.382616,0.05045318,-0.72164416,-0.41313237,0.43776542,362.69263,366.51755,2102.3335
13.674268,-0.024621073,-1.096869,-0.4892725,0.435104,347.6714,374.93246,2138.3723
13.66246,-0.04630187,-1.1774997,-0.5228644,0.4345951,346.81387,398.79156,2150.7295
13.616506,-0.088006005,-1.6033841,-0.4160701,0.42445174,318.43634,425.66394,2169.5312
13.6097355,-0.05368872,-1.6881785,-0.3543904,0.4207756,308.69247,431.37686,2175.8308
13.180933,0.040954802,-1.8232145,-0.34790626,0.41582,297.92493,432.3067,2182.4995
13.145652,0.026642893,-1.9492126,-0.6862339,0.41825455,257.5402,421.144,2199.4907
13.225812,0.09636644,-1.9972343,-0.96503186,0.42032906,244.41959,408.5275,2210.4111
