11.300551,-0.39018255,0.6067556,-0.17369257,0.67039895,-52.64048,619.86084,1644.8096
11.226179,-0.09736965,0.7521575,0.17847468,0.6268359,-38.8808,711.3659,1658.7468
11.158196,-0.8099479,2.3404255,-0.5606475,0.35037512,-52.997242,731.94165,1678.66
11.356309,-1.1323944,2.1982088,-0.50691766,0.3533463,-52.230232,739.5024,1687.0542
11.471229,-1.3655908,1.9162744,-0.2031458,0.37531853,-51.00579,755.526,1704.0344
11.281298,-1.4871125,1.3608177,-0.21862909,0.40645537,-47.9793,764.19135,1713.5093
11.389032,-1.8495382,1.5333945,-0.046470173,0.37554738,-73.03069,687.7381,1740.7725
11.476036,0.69148403,1.1691551,-1.2404308,0.44587573,25.801445,712.83923,1873.1075
11.50008,-0.7997749,0.63796866,-1.5997399,0.4510818,63.599743,770.7728,1801.0332
11.581671,-1.0937076,0.27978167,-1.4044148,0.44999605,51.230686,779.443,1803.9762
11.768471,-1.159486,0.07443123,-0.9802236,0.44551325,21.189259,757.18744,1801.0627
11.796549,-0.7171599,0.5978947,-0.6433612,0.43994832,0.6702461,793.554,1826.955
11.515191,-0.74185604,0.3693699,-0.59424734,0.4408036,-0.713253,799.88086,1833.3168
11.593037,-1.0380461,-0.0371389,-0.47511694,0.43892422,-1.6232567,815.89374,1832.4733
11.511605,-1.1198742,-0.1710242,-0.3726217,0.43685287,-4.903227,814.66235,1838.0482
11.317402,-0.28286776,-0.25195283,0.17761576,0.42873946,-52.11773,800.169,1956.1311
11.475989,0.8490928,-0.5620718,-1.0960326,0.44598052,16.729965,754.1177,2048.8835
11.789068,-0.460014,-0.53596175,-0.9269263,0.4474126,22.034428,795.0648,1990.3717
11.859455,0.58840966,-0.7631753,-0.47698095,0.43622124,9.127819,789.01276,2072.599
12.065553,-0.50805867,-0.36595145,-0.43649045,0.4403319,5.771166,825.6534,2017.3025
12.242859,0.042520214,-0.43964154,0.043873575,0.4308411,-31.89828,844.0063,2058.9285
12.382782,1.3350405,-1.1861421,0.5682486,0.39131743,-50.362442,710.3971,2175.4072
12.6322365,1.4429458,-1.068424,0.36242962,0.40025586,-42.374935,763.3056,2193.9797
12.521655,0.6955122,-2.252681,0.047043398,0.35376808,-32.513535,786.20184,2209.1565
12.645776,0.07124235,-2.16555,0.4177716,0.37046453,-55.51142,825.3451,2154.9817
12.534086,1.3654044,-1.9784214,-0.0055617746,0.34867272,-70.88172,790.948,2250.9993
12.146,1.1048322,-2.099389,-0.03570836,0.3191336,-77.52323,788.5379,2249.3306
11.872309,1.1195159,-2.0307238,0.24954678,0.34144607,-103.67141,774.30334,2250.7454
11.595717,-0.037868313,-2.320345,0.041002043,0.29641032,-169.99492,800.6836,2246.8696
11.855401,1.1280526,-2.073711,-0.28817022,0.3745665,-181.9882,794.41626,2238.3086
11.76269,0.074628934,2.2127578,0.12979777,0.27997074,-208.04378,806.6857,2239.4165
11.681902,-0.03848078,2.1154797,0.14186898,0.2666302,-222.43633,817.32947,2233.9229
11.830159,-0.13874167,1.9988192,-0.0963443,0.250755,-217.03998,801.2965,2193.603
11.709398,-0.1313328,0.7059513,0.03981346,0.6948363,-266.7919,785.76874,2193.1494
11.543015,-0.13426873,0.7192452,0.0757211,0.6774383,-288.3685,804.9759,2202.411
11.909407,-0.13054197,0.72120845,0.0924248,0.6739977,-298.6194,810.03674,2209.703
12.13257,-0.13300528,0.71271944,0.095409356,0.68208194,-305.83835,811.0028,2212.3462
12.529563,-0.09817837,0.68391573,0.16959167,0.7027497,-332.05853,805.1068,2227.7446
12.497532,-0.44909838,1.9410876,0.084009364,0.25047392,-360.13898,805.54675,2206.8206
12.512854,-0.14864966,0.6653369,0.049381666,0.72992456,-374.94855,804.876,2216.7732
12.523955,-0.13651443,0.67210114,0.045062676,0.7263688,-381.22983,803.1882,2220.725
12.353636,-0.12606168,0.6747201,0.034880254,0.7263903,-384.16614,807.1488,2217.3303
12.241111,-0.14572404,0.67303216,0.06989146,0.721738,-413.68872,817.79755,2220.0554
12.295883,-0.43124244,2.3148072,0.1565669,0.34831098,-429.00964,830.6041,2188.9028
12.056326,-0.25863865,2.2093298,0.29654965,0.36766356,-442.9115,846.1278,2198.8718
