13.029986,0.116640665,0.95883995,-0.066085696,0.2503069,-340.64716,-259.69687,1984.4169
13.259088,0.1892013,2.2767022,-1.0716431,0.410642,-202.46825,-256.21692,1870.2875
13.137563,-0.46279767,-2.1739445,-0.2614581,0.4024379,-211.1414,-259.59924,1957.8325
13.124839,-0.4623205,-1.4220827,-0.469531,0.43054718,-175.09003,-233.84886,1861.6873
12.763279,0.024555182,0.97973466,0.08572845,0.17935322,-229.4813,-197.8999,1819.4482
13.27762,-0.7993934,-2.1798105,0.2041574,0.38775912,-294.3585,-243.50095,2016.1925
13.197175,0.051269017,0.96879286,-0.06636215,0.23325512,-204.88327,-248.29692,1863.5955
12.717781,-0.33677605,-2.107465,-0.32739872,0.40675205,-90.800125,-218.33902,1876.0496
12.586483,-0.33501083,-1.5443149,-0.71380925,0.43213215,-75.37803,-176.62779,1866.345
13.187556,-0.05327084,-1.5713369,-0.5879755,0.42828274,-95.34146,-177.32162,1906.312
13.316307,-0.19247998,-1.6843932,-0.5806842,0.42603487,-65.929695,-142.85489,1888.6492
13.256612,-0.012375873,0.9250392,0.24275947,0.29191965,-195.65959,-209.94731,2091.613
13.144895,-0.16176553,0.91287196,-0.17058885,0.33376065,-194.86127,-230.38733,2103.301
13.186082,-0.049050573,0.95599216,0.23199229,0.1727789,-178.51852,-285.3374,2126.6804
13.360502,-0.08986225,0.9691972,-0.08923282,0.21123226,-184.16786,-275.04694,2151.5784
13.174364,0.6298727,-2.0742104,-0.2663166,0.39331105,-154.82497,-320.46652,2160.056
13.356557,-0.16763166,-1.8704802,0.5145518,0.3899113,-188.24199,-294.78702,2135.501
13.55895,-0.23991686,-2.3552728,0.43469635,0.33558217,-158.81223,-262.91754,2078.7815
13.029043,-0.58500004,-1.7926102,0.5265602,0.39504546,-162.19858,-232.41379,2142.9485
12.905815,-0.07837781,0.97037345,0.10921268,0.20076081,-197.78978,-203.77829,2335.4707
12.819402,-0.114057824,0.9667434,0.043316875,-0.22477028,-234.05147,-208.8753,2323.8677
12.723919,-0.14178191,0.96331257,-0.14064662,0.17929119,-223.78406,-243.08472,2143.976
12.357496,-0.020273244,0.89537203,0.1822055,0.40583143,-279.27542,-255.44882,2245.3245
12.511255,-0.012347929,0.93338746,0.19979662,0.29785347,-250.07664,-273.07858,2271.22
12.230649,0.6764247,-0.5791277,-1.4507911,0.45097998,-228.72977,-328.53925,2186.0889
12.298437,0.023600765,0.8029707,-0.065997764,0.5918829,-285.7164,-206.68094,2224.4338
12.703769,-0.4142169,0.7174856,-0.40579584,0.43637553,-283.91608,-241.61531,2203.7634
13.228001,0.056497253,0.9947636,-0.06735259,0.05212517,-294.56238,-227.88179,2101.9954
13.7901745,-0.15585712,-0.6954093,-0.28205568,0.43594813,-325.99066,-268.44458,2180.58
13.89001,1.3536299E-4,-0.36437786,-0.040235702,0.4330452,-354.88327,-262.1977,2192.7974
13.436152,0.1412327,-0.68068093,0.4671798,0.4185803,-406.28503,-216.75009,2202.3086
