12.434057,-0.6866223,-0.010686591,-1.0088748,0.44873184,-434.9369,-275.09412,1801.5219
12.182375,0.02604569,0.3927242,-0.58507854,0.44295296,-326.92923,-304.54245,1864.0964
12.6759815,-0.07756444,-0.7087287,-0.5951489,0.44124103,-316.8742,-311.86383,1863.1471
12.960111,-0.2076165,-0.83756953,-1.6936456,0.45393074,-299.83414,-326.185,1845.5876
13.330871,-0.7004804,-2.3094845,-0.6995792,0.40559652,-250.06108,-224.25346,1779.4148
13.196474,-0.2946877,-2.2011542,-0.32125446,0.4014188,-210.41708,-285.0915,1804.5583
13.315362,0.056877535,0.9712748,-0.026377147,0.2295526,-178.25894,-307.32455,1988.5277
13.69645,-0.91394866,-2.510076,-0.5459691,0.3820054,-112.419586,-246.80577,1760.5253
13.663984,0.08317119,0.9275875,-0.06728786,0.3579612,-137.36478,-230.00302,1962.8875
13.447455,-0.055393677,0.86007065,0.4896743,0.13201906,-239.24359,-498.36438,2020.9434
13.130048,0.10071656,0.9214305,-0.14027898,0.34805703,-134.2313,-342.8389,1895.6823
12.77733,-0.7591411,-1.6653215,-0.6206983,0.4284128,-116.99013,-145.23947,1866.8446
12.513115,-0.72167003,-1.7032483,-0.6479348,0.42799082,-93.35043,-157.1366,1860.6256
12.548086,-0.3810476,0.19539404,-1.0335416,0.44953513,-60.325794,-337.19244,1650.3175
12.585938,-0.56358695,-1.4571859,-0.7721894,0.43516475,-63.943558,-161.09924,1758.1035
12.355565,-0.37474608,-1.4163028,-0.6191256,0.43316144,-56.090523,-127.190094,1765.7727
12.474309,0.050832536,0.99488366,0.08363022,0.025067087,-105.1067,-184.39934,1874.8335
12.433309,0.07617379,0.9964482,0.03495528,0.0081628375,-76.44664,-185.27461,1871.8937
12.64937,-0.057956785,-1.8357472,-0.66877383,0.42252222,-45.052223,-154.48102,1827.722
12.968296,-0.07999395,-1.932213,-0.68372977,0.41968197,-41.362045,-161.01515,1832.2678
12.549509,0.017858101,0.9513451,0.30703253,0.018830463,-128.04489,-315.47815,2067.2517
12.832427,0.1320548,0.95479965,0.09620261,0.24832267,-39.121536,-224.85695,2001.767
12.4696865,0.025625464,0.9589865,0.0047744373,0.28225073,-103.326675,-272.49362,2051.0312
12.396449,0.005529479,0.95736873,0.013315241,0.28850862,-108.441574,-280.5901,2046.2655
12.3768015,-0.004330944,0.94373983,0.07055596,0.32304507,-122.51144,-283.4049,2074.0627
12.165447,-0.003951637,0.93348104,0.04351598,0.35595465,-120.05486,-279.33844,2057.7954
11.676381,-1.1664805,-0.51384926,0.05312106,0.42772895,-104.63008,-303.37604,2068.2039
11.31446,-0.35205963,-1.2911988,0.02148336,0.4225357,-101.6196,-272.50827,2090.4985
11.666022,0.036630597,0.9632461,0.2555799,-0.07412058,-77.14381,-340.25793,2255.1824
11.748416,0.011377362,0.96870434,0.18759927,0.16213846,-157.12967,-206.76501,2300.125
11.771363,-0.031311207,0.90752244,0.08574113,0.4099648,-138.24796,-200.7974,2147.0803
12.066194,-0.011385695,0.86728185,0.02502858,0.49705744,-134.26697,-189.52547,2115.1477
12.166554,-0.03740023,0.81986594,-0.020344887,0.57097054,-161.8721,-114.79399,2053.2917
12.415009,-0.039703988,0.75782263,0.029890329,0.65056515,-171.09526,-163.8869,2116.5994
12.412198,-0.038752735,0.7783635,0.0020670132,0.62661326,-175.12169,-167.7988,2084.1013
