12.207108,0.0,0.0,0.0,0.43301272,-284.4321,65.651794,2110.418
11.890634,0.0,0.0,0.0,0.43301272,-117.31877,71.446686,2186.5732
12.057931,0.0,0.0,0.0,0.43301272,-124.73775,52.055847,2230.5352
12.345575,0.0,0.0,0.0,0.43301272,-161.54991,73.41235,2301.5398
12.333113,0.0,0.0,0.0,0.43301272,-183.15352,91.98767,2329.3037
12.062518,0.0,0.0,0.0,0.43301272,-189.34802,96.181885,2389.8625
12.577901,0.0,0.0,0.0,0.43301272,-214.21886,73.3042,2427.479
12.705287,0.0,0.0,0.0,0.43301272,-504.7567,18.00592,2341.7231
12.26557,0.0,0.0,0.0,0.43301272,-564.52985,10.963318,2315.815
12.247217,0.0,0.0,0.0,0.43301272,-590.4565,13.877319,2319.3008
12.2498255,0.0,0.0,0.0,0.43301272,-552.88135,17.974731,2323.2573
12.223783,0.0,0.0,0.0,0.43301272,-642.99756,-0.8451843,2237.2937
12.264635,0.0,0.0,0.0,0.43301272,-636.3816,7.2275696,2241.9685
11.975693,0.0,0.0,0.0,0.43301272,-589.50775,35.58371,2233.743
12.434117,0.0,0.0,0.0,0.43301272,-598.82,11.308594,2188.2437
12.154258,0.0,0.0,0.0,0.43301272,-601.18536,39.297318,2115.5662
12.093001,0.0,0.0,0.0,0.43301272,-688.46967,59.569733,2106.5854
12.418503,0.0,0.0,0.0,0.43301272,-704.0842,87.43152,2037.6927
12.995615,0.0,0.0,0.0,0.43301272,-711.08826,57.953857,1993.039
12.096007,0.0,0.0,0.0,0.43301272,-735.41394,55.48738,1945.8646
12.628932,0.0,0.0,0.0,0.43301272,-746.50287,53.44194,1919.2782
12.397377,0.0,0.0,0.0,0.43301272,-757.0934,70.41234,1842.2156
12.645262,0.0,0.0,0.0,0.43301272,-753.18036,51.92099,1743.0518
12.722423,0.0,0.0,0.0,0.43301272,-739.16785,61.184906,1690.3075
12.701944,0.0,0.0,0.0,0.43301272,-708.3986,68.578064,1656.6064
12.784431,0.0,0.0,0.0,0.43301272,-674.73193,33.540222,1647.336
12.614494,0.0,0.0,0.0,0.43301272,-647.15,64.54953,1704.6375
12.548845,0.0,0.0,0.0,0.43301272,-592.31085,18.585876,1670.0997
12.037894,0.0,0.0,0.0,0.43301272,-482.39917,20.9729,1675.1688
11.800224,0.0,0.0,0.0,0.43301272,-462.89264,-50.566772,1662.8663
11.961966,0.0,0.0,0.0,0.43301272,-382.44867,-100.38779,1703.8551
11.812792,0.0,0.0,0.0,0.43301272,-387.4075,26.20491,1650.5365
12.086247,0.0,0.0,0.0,0.43301272,-364.29486,11.8965,1641.8171
11.94751,0.0,0.0,0.0,0.43301272,-267.06726,-79.65015,1711.6277
12.0929365,0.0,0.0,0.0,0.43301272,-265.27917,-133.78024,1706.5013
11.854723,0.0,0.0,0.0,0.43301272,-273.197,-37.829987,1557.3774
11.926457,0.0,0.0,0.0,0.43301272,-216.1087,59.59723,1587.7522
12.643914,0.0,0.0,0.0,0.43301272,-235.25192,-36.993256,1637.4307
12.725138,0.0,0.0,0.0,0.43301272,-183.89282,60.209732,1509.6917
