12.938279,0.7344515,0.40475357,1.8772831,0.25749385,-278.4439,538.6451,2389.1387
13.108709,0.027763858,0.014668592,-0.02181731,0.28202084,-232.07953,514.4319,2088.5571
13.09299,-0.28458467,-0.17451896,0.26704732,0.26241064,-294.0132,584.3437,2127.4153
12.889272,-0.35051155,0.24879634,0.7559065,0.49380895,-338.23666,554.27844,2061.8813
13.099552,-0.5011257,0.32811612,0.5936025,0.5374467,-340.01453,529.4044,2069.0588
12.6637945,0.63081545,0.6838523,0.20202643,0.30594638,-369.0641,598.0809,2373.002
12.559985,-0.41727525,-0.37879586,-0.04704673,0.2677431,-405.2063,599.4845,2136.8718
13.068957,-0.41546497,-0.4047805,-0.0023555295,0.2581876,-399.16898,610.90784,2146.9402
12.989307,-0.9608139,-1.1114262,-0.015764348,0.26763135,-385.61633,618.36957,2321.4778
13.163258,-0.7556099,-0.8002761,-0.024272619,0.26279625,-423.56366,589.20404,2322.5662
12.943706,0.012696737,0.40365764,0.58113265,0.70652956,-425.7937,540.8346,2023.7289
12.752728,-0.3082962,0.14539823,0.6617217,0.6677853,-456.29196,552.3323,2224.1423
13.000639,-0.2666372,0.14125524,0.66860855,0.6796426,-458.1423,585.98096,2244.787
13.528176,0.13951296,0.9376198,1.9451102,0.27826443,-527.0694,587.9532,2249.991
13.759774,0.5006011,1.1750073,1.7677503,0.276185,-531.20984,590.27136,2272.6194
13.569072,0.44011942,1.0320584,1.8416294,0.27243462,-562.7309,573.2284,2274.3267
13.788645,0.027174408,0.4696801,0.650251,0.59651977,-687.2418,553.8706,2212.892
13.617855,0.047844313,0.38936836,0.69726586,0.59993625,-737.6001,586.0748,2213.4875
13.861069,-0.031628527,0.36535966,0.6932788,0.6203841,-745.2495,589.1796,2166.7654
14.185902,-0.10609518,0.3475553,0.66943496,0.6479243,-731.0134,601.09955,2113.3455
14.218673,-0.20973939,0.08756594,2.0562618,0.25928238,-740.9851,600.71826,2079.768
14.223296,-0.09147065,-0.0864569,0.0040149195,0.25672764,-747.5838,597.3664,2064.945
14.597088,-0.11229109,0.128563,2.028681,0.2546924,-730.5843,597.92554,2004.9417
14.429068,-0.1822467,0.086304486,2.0349133,0.25589287,-721.1966,596.2515,1991.9739
14.384701,-0.19944559,0.08418753,2.0336144,0.2559165,-715.3907,585.6066,1974.7203
13.44298,-0.33533573,-0.19886336,2.0402265,0.26006314,-707.9171,580.1247,1966.6852
13.449322,-0.32120803,-0.27710673,1.9667511,0.25152048,-712.1938,572.4579,1933.868
13.785809,0.0106647285,-0.1889623,0.70079714,0.6877957,-698.6965,563.67676,1899.575
13.650377,-0.073814996,-0.2167017,0.6936093,0.6830065,-696.5994,567.8291,1857.4991
13.238566,-0.55546176,-0.60347813,1.8579631,0.25413117,-673.6141,572.90564,1813.93
13.334872,-0.1594192,-0.31117123,2.0410829,0.25950405,-657.5298,560.3503,1824.1724
13.254127,0.022421358,-0.44544125,2.0868866,0.27093592,-639.8126,691.5844,1763.8846
13.056989,-0.25596574,-0.3384485,2.0713701,0.26593348,-630.8471,662.35474,1747.4944
13.056967,-1.241206,-1.139914,1.2654141,0.27292174,-563.76685,606.67505,1709.0027
13.35943,-0.63425183,-0.58543646,0.12681244,0.262409,-510.51315,528.0876,1708.3645
13.243971,-0.5137869,-0.4874128,0.108975336,0.2571661,-487.22293,530.96246,1683.8218
13.040179,-0.5722423,-0.5720496,0.09805062,0.2544376,-454.03656,532.2336,1690.9196
13.121058,-0.52389395,-0.5102357,0.119819015,0.254255,-419.8711,462.63434,1575.5472
13.613994,0.4020211,0.6579426,0.43528438,0.4647774,-354.5746,519.58746,1976.205
13.56137,0.4242012,0.67405415,0.39653337,0.45658043,-321.4061,471.47687,1983.4067
13.531041,0.14716479,0.41285896,0.6190324,0.6516816,-279.49503,372.8462,2008.912
13.622331,-0.15493368,0.030879471,0.7422194,0.6512698,-315.01254,388.01013,2001.0687
13.258559,0.63430876,0.67829716,0.22815251,0.29242396,-258.74274,228.84335,1619.9939
