13.002553,0.0,0.0,0.0,0.43301272,-568.94183,-626.97626,1976.0404
12.833495,0.0,0.0,0.0,0.43301272,-562.47534,-657.1234,1982.3843
12.750994,0.0,0.0,0.0,0.43301272,-574.7785,-669.53687,1960.6934
12.558074,0.0,0.0,0.0,0.43301272,-615.3363,-656.6359,2156.7793
13.110189,0.0,0.0,0.0,0.43301272,-594.09076,-704.3432,2107.7275
13.4211445,0.0,0.0,0.0,0.43301272,-611.6168,-607.31433,2005.9227
12.967511,0.0,0.0,0.0,0.43301272,-571.1535,-502.50766,1828.634
13.162929,0.0,0.0,0.0,0.43301272,-533.69324,-496.5737,1964.7528
12.767404,0.0,0.0,0.0,0.43301272,-556.47156,-493.56784,1902.5273
12.734601,0.0,0.0,0.0,0.43301272,-563.33746,-549.6873,1952.3542
12.42332,0.0,0.0,0.0,0.43301272,-518.597,-541.5726,1949.7642
12.28463,0.0,0.0,0.0,0.43301272,-550.3395,-553.3076,1862.6636
12.619033,0.0,0.0,0.0,0.43301272,-501.0105,-628.46924,1899.5066
13.029793,0.0,0.0,0.0,0.43301272,-397.37756,-615.72107,1939.8438
13.448605,0.0,0.0,0.0,0.43301272,-372.71674,-570.6758,1847.7876
13.930594,0.0,0.0,0.0,0.43301272,-353.6982,-632.61365,1812.0873
14.315365,0.0,0.0,0.0,0.43301272,-337.00165,-704.7103,2029.8535
13.749451,0.0,0.0,0.0,0.43301272,-388.19632,-574.6087,1856.7339
14.057557,0.0,0.0,0.0,0.43301272,-408.49652,-645.22156,2026.6975
14.071069,0.0,0.0,0.0,0.43301272,-432.74908,-535.8095,1718.4707
13.601366,0.0,0.0,0.0,0.43301272,-321.373,-551.85156,2236.5417
13.2122345,0.0,0.0,0.0,0.43301272,-251.33174,-602.9981,1793.177
12.954117,0.0,0.0,0.0,0.43301272,-211.17996,-614.5556,1792.1721
12.280048,0.0,0.0,0.0,0.43301272,-122.65773,-706.95276,1876.6401
12.382643,0.0,0.0,0.0,0.43301272,-115.51962,-768.3705,1889.5927
11.988662,0.0,0.0,0.0,0.43301272,-92.31931,-722.10144,1784.3599
11.434566,0.0,0.0,0.0,0.43301272,-122.13358,-657.8552,1863.7319
11.344645,0.0,0.0,0.0,0.43301272,-122.21603,-660.3438,1873.2451
11.264361,0.0,0.0,0.0,0.43301272,-123.82627,-665.2053,1874.1901
10.742942,0.0,0.0,0.0,0.43301272,-119.6329,-674.23157,1913.4556
10.695152,0.0,0.0,0.0,0.43301272,-198.50656,-623.91077,2101.7405
10.510607,0.0,0.0,0.0,0.43301272,-158.23276,-641.76404,1941.5406
10.513901,0.0,0.0,0.0,0.43301272,-175.98578,-677.3808,1942.3967
10.351705,0.0,0.0,0.0,0.43301272,-174.7944,-698.2637,1955.4299
10.191045,0.0,0.0,0.0,0.43301272,-166.30496,-701.0031,2007.793
10.537948,0.0,0.0,0.0,0.43301272,-200.05984,-651.65326,2041.2294
10.557373,0.0,0.0,0.0,0.43301272,-191.45407,-664.0828,2066.6404
11.388285,0.0,0.0,0.0,0.43301272,-208.02824,-624.68567,2044.5344
12.212278,0.0,0.0,0.0,0.43301272,-206.11285,-574.25696,2031.0537
12.725276,0.0,0.0,0.0,0.43301272,-237.8369,-632.6815,2125.6785
12.735712,0.0,0.0,0.0,0.43301272,-254.15369,-644.9142,2071.5967
12.438553,0.0,0.0,0.0,0.43301272,-250.78735,-530.65643,1998.4407
