22.868446,0.0,0.0,0.0,0.43301272,666.40594,-746.5366,2428.9846
21.77497,0.0,0.0,0.0,0.43301272,653.2354,-752.5741,2434.464
20.688711,0.0,0.0,0.0,0.43301272,665.9314,-747.5502,2439.8074
20.282806,0.0,0.0,0.0,0.43301272,647.67285,-749.40845,2428.225
19.400648,0.0,0.0,0.0,0.43301272,646.93585,-752.35425,2430.0186
18.676197,0.0,0.0,0.0,0.43301272,643.79083,-762.1494,2441.83
18.184464,0.0,0.0,0.0,0.43301272,632.78906,-755.51117,2442.6782
17.550434,0.0,0.0,0.0,0.43301272,615.27325,-775.86487,2447.3289
15.842027,0.0,0.0,0.0,0.43301272,480.1243,-756.83624,2529.178
15.675266,0.0,0.0,0.0,0.43301272,435.01047,-755.8474,2557.8381
15.792569,0.0,0.0,0.0,0.43301272,628.5467,-434.72736,2674.3542
15.965787,0.0,0.0,0.0,0.43301272,611.87897,-465.81195,2683.2246
16.055052,0.0,0.0,0.0,0.43301272,427.83743,-340.05264,2611.9912
16.060226,0.0,0.0,0.0,0.43301272,179.37585,-665.3772,2450.6108
16.204063,0.0,0.0,0.0,0.43301272,153.61154,-710.1421,2427.5903
16.04675,0.0,0.0,0.0,0.43301272,152.29062,-752.6601,2426.2993
15.809615,0.0,0.0,0.0,0.43301272,159.78539,-775.3639,2453.5977
15.554644,0.0,0.0,0.0,0.43301272,116.971664,-753.2915,2435.909
15.743122,0.0,0.0,0.0,0.43301272,87.16464,-761.2349,2414.4373
15.463201,0.0,0.0,0.0,0.43301272,99.5627,-765.14636,2409.4048
15.307447,0.0,0.0,0.0,0.43301272,108.93877,-760.3001,2404.145
15.538805,0.0,0.0,0.0,0.43301272,107.78628,-754.3884,2397.8706
15.283783,0.0,0.0,0.0,0.43301272,115.971954,-754.01196,2398.6326
15.4153805,0.0,0.0,0.0,0.43301272,120.21671,-755.4121,2397.244
14.949367,0.0,0.0,0.0,0.43301272,113.01853,-747.3878,2379.1392
15.025367,0.0,0.0,0.0,0.43301272,121.101845,-744.7882,2391.2734
15.2597,0.0,0.0,0.0,0.43301272,91.29174,-737.74115,2357.2546
14.774027,0.0,0.0,0.0,0.43301272,100.34261,-723.6561,2310.96
14.360343,0.0,0.0,0.0,0.43301272,109.74155,-706.11835,2246.6594
14.041519,0.0,0.0,0.0,0.43301272,105.68885,-698.4054,2155.7188
13.907425,0.0,0.0,0.0,0.43301272,106.350975,-695.492,2078.7908
14.54457,0.0,0.0,0.0,0.43301272,149.59613,-681.0852,2012.2351
14.239744,0.0,0.0,0.0,0.43301272,175.7086,-708.3725,1987.0487
13.7947235,0.0,0.0,0.0,0.43301272,186.55981,-723.4758,1971.9128
13.986488,0.0,0.0,0.0,0.43301272,195.17133,-732.5471,1963.935
14.022596,0.0,0.0,0.0,0.43301272,199.32567,-737.48706,1960.7686
13.782531,0.0,0.0,0.0,0.43301272,182.60564,-743.4512,1957.8282
13.593069,0.0,0.0,0.0,0.43301272,182.5513,-652.0947,1971.8857
13.271962,0.0,0.0,0.0,0.43301272,194.49805,-582.2196,1937.185
13.266264,0.0,0.0,0.0,0.43301272,200.35391,-556.1737,1901.5779
13.04337,0.0,0.0,0.0,0.43301272,270.36383,-551.0145,1872.1548
13.237128,0.0,0.0,0.0,0.43301272,334.20288,-556.8976,1868.8481
13.506407,0.0,0.0,0.0,0.43301272,257.26746,-654.2244,1914.9636
