13.752193,0.52508426,-2.2795606,-0.812716,0.3933996,318.91476,290.36865,2030.1644
14.0317745,0.4007174,-2.4345722,-0.6632347,0.37335795,361.54077,272.51233,2036.324
14.397226,0.13971335,-2.4777617,-0.46067622,0.3293336,373.90564,261.0131,2046.4944
14.678937,0.03928515,-2.2010317,-0.2111279,0.2771273,388.79642,230.16779,2039.471
14.961926,0.008158293,0.7704995,0.048151102,-0.63556653,407.17523,205.28168,2032.7986
15.210937,0.020384848,0.8187335,0.038997658,-0.5724844,431.6193,192.35275,2023.1089
15.404567,0.021954816,0.848584,0.034976017,-0.52744585,448.6113,187.08173,2018.2166
15.607136,0.028901184,0.8694137,0.034389768,-0.4920382,462.14905,181.78012,2016.7476
15.7596,0.039667293,0.8818884,0.037763506,-0.46826598,474.38568,173.05774,2018.4937
15.93871,0.041576017,0.8871368,0.040637117,-0.4578297,485.5177,168.25638,2023.1648
14.927057,0.06368011,0.9215469,0.043321196,-0.38055116,502.20898,157.15894,2036.3068
14.44924,0.07228044,0.9400166,0.056609016,-0.32854158,515.4728,152.57054,2052.2048
14.0563,0.066362515,0.95708305,0.060806785,-0.27548194,533.06604,144.92926,2066.901
14.170086,0.06290745,0.9641145,0.060476784,-0.25073528,543.9754,134.5085,2085.1763
14.314508,0.060255088,0.97605526,0.05167714,-0.20252046,566.08264,125.01112,2135.6482
14.294747,0.08387362,0.98778933,0.048718143,-0.121916234,578.41364,116.83467,2189.081
14.457173,0.08733963,0.9897041,0.04732052,-0.10304499,582.03656,108.6068,2211.129
14.007458,0.08484534,0.99444383,0.03333351,-0.052642968,581.8605,89.994514,2250.2754
13.812742,0.08050104,0.9957519,0.03352306,-0.029556077,578.9403,87.39787,2266.1733
13.68153,0.07276482,0.9962032,0.04300697,0.020848358,577.8385,86.45543,2278.0469
13.654629,0.06125848,0.99468184,0.036615927,0.07425943,576.79675,81.999954,2297.0913
13.612532,0.047679782,0.9911317,0.04536816,0.11543839,572.5541,79.618164,2312.7048
13.265233,0.039777797,0.98952264,0.054740425,0.12753786,566.7769,79.12192,2340.1782
12.961197,-0.0058165086,0.9792484,0.13772519,0.14856063,548.3391,198.93382,2396.2368
12.689237,0.0054649226,0.96194714,0.23457997,0.13999934,544.89404,192.32666,2429.8208
12.802898,0.030661944,0.9590577,0.22450028,0.16990428,539.44763,179.45926,2443.463
12.430038,0.018611887,0.9632639,0.13392852,0.23203234,525.8152,161.79886,2462.108
12.338662,0.01488921,0.96078086,0.085514605,0.26337305,506.24402,150.14246,2479.2197
12.152859,0.006078667,0.92254245,0.1411807,0.3590908,500.4221,219.02217,2500.188
11.863815,0.023548542,0.8091174,0.18206187,0.5582359,472.55695,252.14703,2523.2427
11.704049,0.028518818,0.67602557,0.18074162,0.7137984,405.15457,264.68307,2539.6226
11.745037,0.07060467,1.9664118,0.5326608,0.25636414,370.99426,272.66974,2543.6328
11.783959,0.069080114,2.129972,0.48115814,0.27850598,336.64206,265.68048,2542.4326
11.643226,0.054742478,2.2040088,0.44917187,0.29017368,305.153,260.19122,2537.036
11.485155,0.080744624,2.3184946,0.43894294,0.31853774,272.5711,254.52533,2526.811
11.352122,0.118010275,2.335743,0.44808313,0.3374476,247.9184,264.8236,2520.247
11.219269,0.14037229,2.2526617,0.48819822,0.35913366,230.99228,269.79727,2511.3872
11.338509,0.1290865,2.0203457,0.5497398,0.37912825,215.04105,274.07562,2505.0078
11.341304,0.10946189,1.7768102,0.5805944,0.3911221,205.5635,271.92438,2496.5005
11.446151,0.0800925,1.3862138,0.6111763,0.40315163,195.03409,269.9475,2482.3635
11.60558,0.046846393,1.1512139,0.6259218,0.40785486,180.85477,275.83807,2471.3638
11.79905,-0.038234774,0.78960794,0.65122557,0.4125002,169.23767,278.25412,2461.2212
12.325824,-0.11239438,0.49818692,0.6649884,0.41481376,157.23538,287.01392,2453.1558
12.542175,-0.2085782,0.057814114,0.5625636,0.41947955,132.14395,273.90375,2447.581
12.655388,-0.23250653,-0.08325439,0.48938817,0.4214632,117.04903,272.90234,2434.293
12.716462,-0.22221486,-0.19790812,0.45243368,0.42229742,107.801186,272.83606,2418.4312
