15.109779,0.6566834,-0.0439595,-0.33548018,0.4381765,-25.78288,861.0041,2597.8499
15.118429,0.77915955,0.24809015,-0.25198433,0.43640333,-30.82145,858.71277,2606.5708
15.440155,0.8566964,0.15617351,-0.25573438,0.43613666,-30.761034,857.0177,2613.669
15.677117,0.813545,0.18011399,-0.25912705,0.43640852,-31.800146,856.7837,2614.6936
15.930445,0.66148156,-0.04742648,-0.24804929,0.4365251,-32.717514,856.35547,2614.6804
16.065865,0.4999345,-0.1368077,-0.4125734,0.43987307,-20.818893,860.29504,2585.1216
16.214487,0.21703158,0.18371935,-0.4288387,0.44095895,-9.833591,867.31824,2539.4324
16.307909,0.07371694,0.045723673,-0.37980393,0.44029418,-8.990704,866.7533,2516.6091
16.382599,-0.2030626,0.09149279,-0.30447918,0.43873817,-11.263275,862.1722,2478.5662
16.380493,-0.39231423,0.012185198,-0.33582276,0.4390709,-8.917631,858.84283,2462.5205
16.293627,-0.7069346,0.17724442,-0.40986326,0.43885624,1.6986427,851.3513,2418.887
15.76541,-1.1774808,-0.21711597,-0.5970313,0.44040272,23.867807,810.2958,2350.2573
15.980493,-1.5949445,-0.20459396,-0.5086476,0.43542358,30.271608,776.98016,2284.4775
15.874373,-1.9011323,-0.11854783,-0.58328027,0.4327254,34.332825,746.06226,2258.4583
15.723351,-2.1436117,-0.045795582,-0.7821405,0.43168107,46.485474,718.1067,2228.85
15.406248,-2.2686155,-0.23243764,-0.7299953,0.4296144,53.872593,670.42615,2199.6624
15.278202,-2.6652424,-0.1447901,-0.7587939,0.41892484,71.9435,583.8368,2140.1555
15.417578,-2.6262484,-0.11739303,-0.6686654,0.41851348,75.22388,556.4425,2131.5942
15.578653,-2.5961592,-0.047217853,-0.6821275,0.41899917,75.70512,547.57764,2127.6782
15.719048,-2.4976635,-0.16862665,-0.62612486,0.42215633,76.35237,538.4828,2124.1997
15.8445,-2.3469567,0.051915012,-0.7370758,0.4258567,77.21428,527.5112,2119.9114
15.72611,-2.8677175,-0.03730142,-0.80753016,0.40792602,88.051315,422.62585,2081.9272
15.554083,-2.307661,0.24020685,-0.9310847,0.42745402,67.27529,379.8238,2259.9753
15.086349,-1.8845292,0.25884056,0.49802724,0.403864,-46.864452,400.23114,2299.469
15.295173,-2.8238103,-0.88292354,-0.054705326,0.3948413,76.50966,361.6732,2099.2246
15.164011,-2.848919,-0.6918779,6.910551E-4,0.39309624,52.470936,356.37872,2120.8452
14.990199,-2.8998117,-0.19282717,-0.29809657,0.39719588,54.05213,363.1066,2125.7505
15.182386,-1.1154954,0.36435968,1.2715034,0.38616356,-55.12644,390.4304,2306.8816
15.352931,-2.6127677,-0.16264617,0.20743957,0.39706933,-0.7077284,381.31598,2221.1409
15.651351,-2.8318076,-0.10133196,-0.6124355,0.40815675,69.95169,433.16504,2113.1108
15.884205,-2.8517878,0.027860496,-0.6131872,0.40439638,72.54834,480.78845,2116.7805
16.07144,-2.5865874,0.28438586,-0.74679404,0.41511938,70.9693,551.6483,2163.4846
16.265913,-2.2987156,-0.07572357,-0.6618782,0.42687657,60.597454,643.0645,2208.945
16.361979,-2.1885345,0.17614114,-0.6833739,0.4271404,45.149517,712.7362,2260.6265
16.43402,-1.6723853,-0.008447018,-0.62813497,0.43585724,39.671906,738.8694,2307.1008
16.462883,-1.690755,-0.12675156,-0.54205096,0.4347243,32.044544,758.6045,2328.3438
16.402596,-0.6826493,-0.098094314,-0.417467,0.43977267,18.990582,830.2184,2406.0718
16.404646,-0.6189651,-0.023495559,-0.4044227,0.43968612,15.155785,843.9958,2429.6775
15.940693,-0.35122067,-0.089862525,-0.24729648,0.43758678,1.8058853,847.6737,2460.722
15.489955,-0.03853955,0.06097687,-0.24536595,0.43783095,-9.711233,861.2737,2506.7852
15.023844,0.49702817,0.24955781,-0.2894828,0.43796518,-20.556305,860.3655,2545.2175
14.728342,0.33872604,0.046895005,-0.35275835,0.43953586,-27.507702,860.8911,2563.8223
14.546391,0.5326685,0.034256898,-0.3398037,0.43882757,-33.7064,862.5143,2575.7805
14.289127,0.76894915,-0.030064829,-0.18824548,0.43494475,-48.854538,858.3898,2596.8892
