13.696852,-1.006916,0.30243748,-0.54331696,0.4387255,-64.677216,973.0167,2206.6968
14.252865,0.8428662,0.29372156,-0.9237039,0.44707865,-25.385513,1014.1741,2394.8938
14.731748,-0.79674274,0.23635319,-1.0852865,0.44841602,-46.300156,972.97943,2257.5674
14.940947,-0.93540055,0.31532812,-0.95021075,0.4453678,-57.569023,981.55774,2243.6638
15.10014,-1.0649457,0.26295447,-1.0442004,0.44607309,-46.77247,979.1946,2232.9014
14.257362,1.9136004,0.42998016,0.0117731,0.42136443,-129.21823,902.2796,2486.74
14.635445,0.16842249,0.33508036,-0.3503001,0.43922496,-104.58193,964.09656,2362.8208
14.227369,0.14994578,0.16467033,-0.19923642,0.43683872,-102.27025,960.011,2368.7117
14.051275,-1.20089,0.06174304,0.035379525,0.42736533,-125.97809,942.0944,2252.4688
14.302337,-0.65218383,0.2286027,-0.14746551,0.4339571,-111.620155,960.0774,2275.874
13.796857,-0.6172116,-0.4322464,-0.32426396,0.43789718,-78.92366,992.6869,2261.4128
13.890242,-0.51472044,-0.22289145,-0.36278433,0.43929318,-78.66614,989.39343,2254.2856
14.359934,-0.42549267,-0.017949568,-0.25186777,0.43748012,-86.1994,980.4596,2245.2388
14.174992,-0.24180198,0.13404383,-0.30282983,0.43856344,-88.09369,957.71204,2226.7195
14.118472,-2.2901804,-0.017812485,-0.23545213,0.4181806,-91.7363,801.6732,2055.667
13.526163,-0.3059916,0.19599944,0.620374,0.6950463,-330.58698,540.62415,2152.8035
13.860833,-2.739975,0.109465845,-0.47066233,0.40641123,-68.029396,638.243,1962.8708
13.816403,-2.644965,-0.99637,0.21122998,0.39420086,-61.367126,596.2468,1940.7864
13.907249,-2.800916,-0.389486,-0.027709981,0.39768553,-73.550064,561.3499,1917.0181
14.182572,-2.854134,-0.34605408,-0.037972525,0.39399537,-73.838326,559.9391,1917.0533
13.987132,-2.8093467,0.2998527,-0.5889871,0.39905176,-73.05101,557.14954,1922.3486
14.013024,-2.590738,0.48769528,-1.0547825,0.35739174,-75.72034,579.24524,1945.9081
13.898442,-2.8735354,0.36236382,-0.8565253,0.38642347,-75.14235,591.9927,1956.9113
13.732479,-2.8146892,0.39721134,-0.72795576,0.3967966,-84.137566,632.77985,1964.3854
13.158009,-2.0991118,0.3852907,-0.1788559,0.41611075,-119.60641,765.80176,2040.7651
13.337268,-2.008199,0.34757656,-0.4670209,0.4247067,-106.17405,784.72705,2053.9622
13.66695,0.04280249,0.24540976,-0.13547647,0.43542513,-131.69087,967.9481,2244.5005
13.934802,-0.3294943,0.22141612,-0.24130587,0.43697432,-124.54327,967.958,2228.6074
13.990112,-0.8689322,0.23791616,-0.18995517,0.43357137,-133.81989,934.98895,2201.5896
13.378341,-1.32754,0.16345392,0.2608919,0.42021388,-171.70541,961.4551,2171.1248
