12.780711,0.13539863,-0.16166042,0.68836796,0.6940337,-320.46436,332.16382,2337.7756
12.918955,0.13471757,-0.16819416,0.689155,0.69182897,-309.82205,333.1493,2336.4287
13.316351,0.12818955,-0.1643555,0.6831545,0.69989616,-297.42407,330.64804,2340.0713
14.10404,0.10721919,-0.1565807,0.68531704,0.703084,-299.05203,348.87714,2343.0486
14.65483,0.0792219,-0.1349533,0.6822246,0.71419966,-301.4836,365.39005,2347.734
15.111307,0.04455949,-0.12101858,0.69100696,0.71125126,-300.8758,353.18115,2339.2097
14.880396,0.033460677,-0.10861675,0.6942385,0.71071494,-304.8887,354.62823,2334.1274
14.910644,0.015841134,-0.09053629,0.7095888,0.69859564,-310.44263,344.08557,2329.2498
15.200284,0.0034818796,-0.0682339,0.7071973,0.7037072,-306.90942,368.2548,2325.0166
14.592044,-0.122545734,-0.07564052,2.0120437,0.2521734,-304.88687,374.95453,2317.4382
14.492981,-0.20203748,0.018138295,2.0008698,0.25139704,-305.978,363.79773,2312.287
13.842771,-0.09907832,0.028823065,0.70832443,0.6983045,-306.98215,342.47455,2311.9253
13.891275,-0.10393428,0.038762186,0.71480465,0.69047046,-299.86984,297.5507,2331.1743
14.010326,-0.087776005,0.035847973,0.72522974,0.6819473,-296.67798,256.11566,2343.8806
14.3966875,-0.16390605,-0.044542503,0.7270096,0.6652878,-295.95358,249.51685,2346.1023
14.204879,-0.1603774,-0.036756765,0.72538745,0.6683869,-293.42365,242.81036,2345.4683
14.844966,-0.17079116,-0.038699333,0.72579896,0.6652432,-294.61148,243.62,2341.056
15.052254,0.28900364,-0.32831547,0.76310605,0.47576782,-205.25485,307.20056,2159.7063
14.129059,0.23756526,-0.26988012,0.7672645,0.531068,-194.31528,205.06754,2172.6282
13.759773,0.2149482,-0.24418662,0.766906,0.55319583,-209.5635,230.54028,2173.337
13.547476,0.17546664,-0.19933456,0.76334196,0.58888584,-239.07445,273.57614,2195.8364
14.116516,0.14285272,-0.16228433,0.7577356,0.61570567,-270.38474,296.17752,2223.338
14.151077,0.12880442,-0.14632507,0.7546101,0.62654763,-269.46542,324.61127,2238.3987
14.409606,0.10461335,-0.1188434,0.74825364,0.6442429,-265.51746,349.22833,2260.5554
14.093618,0.08488677,-0.096433476,0.7421751,0.6577773,-266.45197,365.70447,2291.7524
13.491831,0.07644705,-0.086845756,0.73933274,0.6633257,-270.31793,372.01617,2312.5193
13.187685,0.092453204,-0.16779815,0.72505975,0.66150194,-278.86368,433.21497,2323.872
13.552467,0.07259059,-0.22227883,0.7002169,0.67455107,-301.66855,363.69662,2345.2703
14.22168,0.054861702,-0.23686738,0.68871534,0.68304855,-316.09583,346.7324,2351.086
