15.123682,0.7532924,1.2923725,0.5656213,0.40800753,47.82588,-246.37706,2491.9712
14.977895,0.73142135,1.2577741,0.5764425,0.40837476,46.221123,-249.13293,2484.9414
15.378257,0.7534207,1.2794696,0.56422335,0.40830472,43.712368,-251.40363,2494.4202
15.169171,0.7328496,1.2921035,0.5648021,0.40806744,44.501778,-253.26587,2489.4033
14.553594,0.6769597,1.3888164,0.5865293,0.40535465,40.38361,-257.70923,2487.1135
14.261692,0.69115186,1.3685458,0.571179,0.40630051,41.7003,-266.08963,2489.2515
13.670151,0.79418147,1.3303034,0.62666255,0.4051986,41.297028,-285.02274,2505.9937
13.248994,0.7996789,1.3538432,0.62982845,0.40457213,38.19505,-294.91443,2499.2632
12.945176,0.8334099,1.3459898,0.6382386,0.40439436,40.656235,-294.21234,2506.7952
12.809344,0.86239034,1.4300807,0.63967323,0.40233037,37.36504,-300.17252,2505.0876
13.714126,0.86317456,1.4150412,0.6599965,0.4019921,43.474182,-295.77844,2503.1936
13.617283,0.90038836,1.4351115,0.68042195,0.40067735,46.753773,-309.98563,2502.887
13.811055,0.95489293,1.4477122,0.65821946,0.40097252,49.418575,-327.59387,2502.342
14.00999,0.9646744,1.4466181,0.673351,0.40042758,51.217823,-327.47974,2499.357
13.473295,0.96721804,1.4901857,0.66654915,0.39952233,54.936882,-332.80524,2502.655
13.502207,0.96962774,1.514028,0.655264,0.39927074,55.85043,-330.32303,2501.241
13.260437,0.9541989,1.5422399,0.6653577,0.39815342,57.685734,-340.0905,2491.3423
13.330305,0.97875416,1.5485989,0.6762414,0.39747304,58.238407,-339.81213,2500.5981
13.299683,0.99351245,1.5588236,0.69997644,0.39620674,59.674095,-348.0896,2501.0105
13.4484215,1.0164759,1.5491526,0.7171055,0.3957411,53.992043,-377.76428,2488.7222
13.275899,1.0370886,1.5362928,0.7197223,0.39593247,58.97597,-361.41965,2497.1892
13.323501,1.0503794,1.5536569,0.7232447,0.3952045,62.383102,-361.3822,2496.2922
13.203107,1.0000414,1.5752654,0.71109074,0.3952388,61.157894,-337.85495,2500.7644
12.825514,0.97434366,1.5441993,0.7177128,0.3960421,50.99788,-338.99014,2493.5088
12.573409,0.97899985,1.5158291,0.6877791,0.3979896,52.194782,-337.1441,2493.6555
12.653577,0.96894073,1.5084195,0.69340503,0.39802715,52.76087,-326.4751,2494.7053
12.839693,0.8680186,1.5223538,0.64045656,0.39987323,51.606716,-307.0656,2487.129
13.826067,0.81038636,1.5696251,0.6192671,0.3993827,51.840805,-300.40387,2476.8357
14.591261,0.7336299,1.5446308,0.59627175,0.4010046,50.72077,-294.27075,2478.8567
15.125988,0.7171187,1.5320164,0.59319603,0.4014765,51.10863,-282.57428,2471.0593
15.631639,0.73401195,1.5693314,0.6045483,0.39999732,45.097725,-275.85547,2472.167
16.049492,0.6261287,1.6196349,0.5850611,0.3991373,45.91606,-262.94135,2468.2273
16.440025,0.6265592,1.5919317,0.615074,0.39893192,41.648087,-260.39874,2481.4934
16.706945,0.64609873,1.5420562,0.598609,0.40101224,51.6673,-250.99426,2484.5078
16.295326,0.65448,1.5708629,0.61092854,0.39973733,42.719894,-257.50317,2482.3687
16.585308,0.65184003,1.5366495,0.59819734,0.40118217,44.65399,-242.39465,2481.0818
