15.084358,0.0,0.0,0.0,0.43301272,183.34451,-0.43164062,2446.312
15.275839,0.0,0.0,0.0,0.43301272,184.61784,-8.603851,2444.2224
15.2153,0.0,0.0,0.0,0.43301272,179.8052,-20.97696,2444.2263
15.48733,0.0,0.0,0.0,0.43301272,180.98703,-17.246735,2436.586
15.604098,0.0,0.0,0.0,0.43301272,180.21156,-5.2223206,2446.4705
15.373065,0.0,0.0,0.0,0.43301272,179.4543,0.972229,2443.4473
14.864063,0.0,0.0,0.0,0.43301272,180.24826,4.0961304,2443.8833
14.350046,0.0,0.0,0.0,0.43301272,180.22401,7.148773,2451.0332
13.892125,0.0,0.0,0.0,0.43301272,179.31921,8.812897,2452.561
13.463693,0.0,0.0,0.0,0.43301272,176.09258,3.915863,2490.4697
13.316156,0.0,0.0,0.0,0.43301272,172.32448,-19.117065,2473.524
13.300443,0.0,0.0,0.0,0.43301272,167.51585,-19.176392,2475.7402
12.877598,0.0,0.0,0.0,0.43301272,168.83594,-15.978821,2490.6213
13.652497,0.0,0.0,0.0,0.43301272,167.9747,-11.415649,2500.9932
13.949453,0.0,0.0,0.0,0.43301272,163.21321,17.305222,2395.8164
14.229671,0.0,0.0,0.0,0.43301272,179.76233,53.65901,2810.1755
14.454185,0.0,0.0,0.0,0.43301272,167.0903,41.188828,2776.2317
14.766151,0.0,0.0,0.0,0.43301272,163.59465,67.20647,2680.626
14.992849,0.0,0.0,0.0,0.43301272,171.15689,78.49448,2535.0151
14.895894,0.0,0.0,0.0,0.43301272,139.80867,527.0254,2262.4172
14.171744,0.0,0.0,0.0,0.43301272,67.26283,444.27417,1983.0479
13.983741,0.0,0.0,0.0,0.43301272,159.66934,450.86465,2231.2876
13.829892,0.0,0.0,0.0,0.43301272,199.56833,377.1094,2226.03
14.128963,0.0,0.0,0.0,0.43301272,138.62158,361.43286,1971.5034
14.418755,0.0,0.0,0.0,0.43301272,32.856155,369.93127,1828.4357
14.6366205,0.0,0.0,0.0,0.43301272,43.43567,362.18298,1925.8759
14.877933,0.0,0.0,0.0,0.43301272,108.41553,315.92633,2257.0693
15.065211,0.0,0.0,0.0,0.43301272,46.10859,378.10068,2161.145
15.35804,0.0,0.0,0.0,0.43301272,11.550728,323.8886,1961.9
15.463435,0.0,0.0,0.0,0.43301272,-180.75232,376.0497,2256.6365
14.488806,0.0,0.0,0.0,0.43301272,39.15613,356.26218,2183.9514
14.966638,0.0,0.0,0.0,0.43301272,40.23178,248.74078,2225.6907
15.143887,0.0,0.0,0.0,0.43301272,167.10529,-44.128952,2420.5042
15.318258,0.0,0.0,0.0,0.43301272,154.14561,19.171448,2428.5244
15.461955,0.0,0.0,0.0,0.43301272,158.80576,8.971222,2434.6895
15.618468,0.0,0.0,0.0,0.43301272,189.4732,-19.716156,2528.9146
15.65372,0.0,0.0,0.0,0.43301272,187.18228,-34.332886,2520.148
15.843671,0.0,0.0,0.0,0.43301272,187.24544,-31.598602,2502.1704
15.808492,0.0,0.0,0.0,0.43301272,175.76862,-22.88446,2479.1604
16.015215,0.0,0.0,0.0,0.43301272,169.51729,0.4100952,2479.6152
16.097239,0.0,0.0,0.0,0.43301272,179.08478,-9.074219,2463.1758
