16.440512,0.0,0.0,0.0,0.43301272,-3.5742722,93.50336,2270.3374
16.553394,0.0,0.0,0.0,0.43301272,11.142107,95.054504,2281.8044
16.688475,0.0,0.0,0.0,0.43301272,18.805897,88.690125,2273.0881
16.244427,0.0,0.0,0.0,0.43301272,29.159426,86.55765,2257.5398
15.799295,0.0,0.0,0.0,0.43301272,33.625275,85.12363,2239.24
15.468357,0.0,0.0,0.0,0.43301272,41.0129,74.52902,2194.7463
15.242815,0.0,0.0,0.0,0.43301272,44.644417,64.40085,2165.9243
15.29097,0.0,0.0,0.0,0.43301272,41.23981,2.9146423,2114.3853
15.305924,0.0,0.0,0.0,0.43301272,43.32904,-40.71057,2083.2886
14.79657,0.0,0.0,0.0,0.43301272,69.689316,-103.94504,2098.7659
14.929249,0.0,0.0,0.0,0.43301272,73.65593,-130.36127,2117.6978
14.784831,0.0,0.0,0.0,0.43301272,89.53169,-151.41489,2141.339
14.960314,0.0,0.0,0.0,0.43301272,82.8153,-145.19275,2154.7927
14.779653,0.0,0.0,0.0,0.43301272,79.368195,-149.57278,2161.4106
14.443039,0.0,0.0,0.0,0.43301272,81.92582,-165.25482,2182.4644
14.607933,0.0,0.0,0.0,0.43301272,67.79994,-87.92267,2128.9868
15.093584,0.0,0.0,0.0,0.43301272,61.42339,-29.80429,2148.4941
15.284624,0.0,0.0,0.0,0.43301272,53.725555,-2.291809,2160.9253
14.597208,0.0,0.0,0.0,0.43301272,43.726208,36.998566,2224.8464
14.527883,0.0,0.0,0.0,0.43301272,30.021818,73.145935,2278.3113
14.072161,0.0,0.0,0.0,0.43301272,35.81716,76.727875,2304.4841
