13.973862,0.0,0.0,0.0,0.43301272,-277.85367,77.34915,2246.7285
14.428334,0.0,0.0,0.0,0.43301272,-292.8181,82.86905,2289.37
14.039887,0.0,0.0,0.0,0.43301272,-297.19662,80.27435,2306.4648
13.8268585,0.0,0.0,0.0,0.43301272,-302.93033,76.12387,2314.7556
14.395143,0.0,0.0,0.0,0.43301272,-306.1624,73.43179,2325.7378
14.550669,0.0,0.0,0.0,0.43301272,-311.08932,73.75284,2337.342
14.7292795,0.0,0.0,0.0,0.43301272,-311.87326,69.26367,2339.3328
14.593038,0.0,0.0,0.0,0.43301272,-315.15512,69.036865,2337.0347
14.525686,0.0,0.0,0.0,0.43301272,-318.7587,73.157715,2333.9453
13.880943,0.0,0.0,0.0,0.43301272,-317.2511,77.18942,2309.1133
13.744568,0.0,0.0,0.0,0.43301272,-318.7346,74.96652,2291.352
13.224526,0.0,0.0,0.0,0.43301272,-302.82712,63.421112,2238.8076
13.226244,0.0,0.0,0.0,0.43301272,-295.08948,49.90338,2208.1323
13.185935,0.0,0.0,0.0,0.43301272,-291.08417,38.70343,2180.5786
12.944337,0.0,0.0,0.0,0.43301272,-288.1475,9.900665,2127.1519
13.173909,0.0,0.0,0.0,0.43301272,-283.7053,-31.167755,2089.9902
13.618537,0.0,0.0,0.0,0.43301272,-283.48297,-43.931793,2083.8633
13.288415,0.0,0.0,0.0,0.43301272,-275.60806,-95.44678,2086.671
13.519773,0.0,0.0,0.0,0.43301272,-235.53082,-145.49167,2076.068
13.737243,0.0,0.0,0.0,0.43301272,-227.02504,-166.569,2081.0857
13.322953,0.0,0.0,0.0,0.43301272,-50.141388,34.996536,1831.4598
13.271119,0.0,0.0,0.0,0.43301272,-2.502205,247.35971,1673.7302
13.345581,0.0,0.0,0.0,0.43301272,-11.567844,831.4774,1683.9668
13.532754,0.0,0.0,0.0,0.43301272,-18.246525,842.59247,1680.5717
13.1085,0.0,0.0,0.0,0.43301272,-6.5715866,580.6826,1674.0131
12.699678,0.0,0.0,0.0,0.43301272,-28.14241,498.19067,1720.2397
13.40435,0.0,0.0,0.0,0.43301272,-76.524185,364.13654,1828.5833
13.553005,0.0,0.0,0.0,0.43301272,-98.31747,315.0578,1885.0706
13.084564,0.0,0.0,0.0,0.43301272,-140.66882,238.48143,1989.0293
