14.930169,1.592987E-9,1.1607785E-9,-3.464101,0.43301263,41.408447,696.7531,2268.735
14.320858,1.0195119E-9,7.428985E-10,-3.464101,0.43301263,38.551277,700.8263,2308.9795
14.605196,8.1560975E-10,5.943189E-10,-3.464101,0.43301263,36.624187,700.6183,2326.115
14.614588,5.2199034E-10,3.8036427E-10,-3.464101,0.43301263,32.59905,704.7337,2351.841
14.789659,4.1759238E-10,3.0429143E-10,-3.464101,0.43301263,29.668407,699.01404,2360.585
14.460945,2.6725921E-10,1.9474654E-10,-3.464101,0.43301263,20.783024,701.08826,2369.8857
14.476753,1.7104593E-10,1.2463783E-10,-3.464101,0.43301263,16.632528,701.7886,2365.6443
14.696906,1.3683676E-10,9.9710275E-11,-3.464101,0.43301263,16.511763,707.6192,2366.3052
14.298796,8.757556E-11,6.38146E-11,-3.464101,0.43301263,19.796892,707.5575,2348.1863
14.353656,5.604837E-11,4.084135E-11,-3.464101,0.43301263,21.978361,710.7644,2322.413
14.689759,3.5870973E-11,2.6138479E-11,-3.464101,0.43301263,17.807922,709.14343,2284.8706
14.674304,2.8696781E-11,2.0910778E-11,-3.464101,0.43301263,18.417309,707.31616,2265.9812
14.117354,1.8365942E-11,1.3382904E-11,-3.464101,0.43301263,22.763071,689.7667,2210.5479
14.036752,1.4692761E-11,1.0706325E-11,-3.464101,0.43301263,23.379536,677.9776,2184.3823
14.589771,9.403368E-12,6.852049E-12,-3.464101,0.43301263,27.942581,651.2338,2150.6357
14.228308,6.018157E-12,4.385313E-12,-3.464101,0.43301263,32.84536,620.07196,2112.8127
14.438693,3.851622E-12,2.806601E-12,-3.464101,0.43301263,45.53527,575.8229,2090.2888
14.313889,3.081298E-12,2.2452808E-12,-3.464101,0.43301263,41.581753,545.86194,2098.3774
14.204291,1.9720313E-12,1.4369803E-12,-3.464101,0.43301263,65.11603,523.52844,2152.5264
13.836898,1.5776253E-12,1.1495844E-12,-3.464101,0.43301263,74.68683,504.95398,2125.2358
13.810313,1.2621007E-12,9.196677E-13,-3.464101,0.43301263,77.99365,506.16116,2118.1091
14.342592,8.0774466E-13,5.885875E-13,-3.464101,0.43301263,80.93735,518.1887,2111.3713
13.79639,5.1695676E-13,3.7669612E-13,-3.464101,0.43301263,80.69946,555.0321,2135.6375
13.715951,4.1356548E-13,3.0135698E-13,-3.464101,0.43301263,79.028496,572.70044,2155.5632
13.6037245,2.64682E-13,1.9286851E-13,-3.464101,0.43301263,66.401085,623.2179,2199.7786
14.350596,1.6939652E-13,1.2343589E-13,-3.464101,0.43301263,56.763184,659.6919,2242.8767
14.79221,1.0841381E-13,7.899899E-14,-3.464101,0.43301263,45.31046,690.1931,2284.5933
