13.435568,-0.1779081,-0.06657885,2.058616,0.25896913,-195.07242,580.3686,2514.5742
13.435275,-0.2838744,-0.19562939,2.0578897,0.26154485,-196.2619,576.54767,2518.1062
14.083799,-0.03884646,0.109434485,2.0240204,0.25353432,-209.69478,577.7335,2533.8552
13.818885,-0.063758545,0.08991501,2.0584242,0.258242,-199.79613,577.4358,2516.8127
13.661692,-0.07279445,0.12570345,2.0865276,0.2628389,-193.55898,578.9586,2507.0098
13.867284,-0.2972576,0.25694638,2.075543,0.26659626,-179.29118,569.69617,2461.665
14.552419,-0.40608257,0.3085347,2.04417,0.265771,-174.10985,561.2622,2435.452
14.507357,-0.3593227,0.2850991,2.0547764,0.26545888,-170.16237,557.5658,2427.8196
14.577914,-0.34680465,0.31224155,2.0771847,0.26982072,-162.58365,545.8327,2389.9294
14.694423,-0.86117476,0.17489415,1.9041554,0.2624482,-161.09334,501.18573,2352.515
14.890636,-0.46461567,0.18057743,0.61608785,0.609885,-158.34492,491.02982,2336.1003
14.397946,-0.45448563,-0.05505942,-1.009008,0.31071603,-161.18294,474.63232,2353.016
13.729056,-1.2715265,-0.44350567,1.0850776,0.2630721,-127.21956,439.66827,2308.3694
14.012985,-0.8936526,-0.77591485,0.4092189,0.2630298,-122.474396,396.38782,2302.031
13.6141,-1.0210644,-1.1340425,0.099348776,0.26892236,-136.73975,379.9513,2321.3423
13.447548,-0.10818471,0.66462374,-0.3659077,-0.642404,-136.57452,315.95435,2302.3677
13.51844,-0.8398763,-0.8080578,-0.8127992,0.30948752,-134.8699,355.7717,2343.1292
13.8422165,0.28206113,-0.5825986,0.60742533,0.4604941,-133.91104,285.28522,2359.3855
13.652189,-0.3048923,0.62612265,-0.5579531,-0.4513307,-133.72095,224.81552,2389.1162
14.158289,-0.047698826,0.73802006,-0.16283607,-0.6530968,-138.84058,271.42773,2382.3916
14.303462,-0.031852204,0.8363781,-0.20339224,-0.5080243,-125.01071,326.97012,2342.5396
14.599715,-0.339439,0.3015239,0.5616476,0.69167656,-157.55905,216.30707,2446.7283
14.956575,-0.51920676,0.33927357,1.9838774,0.2611684,-139.3981,355.54095,2342.0146
14.989886,-0.61475474,-0.26146677,1.885597,0.25083047,-184.8572,274.47754,2471.128
15.33649,-0.8714409,-0.16673627,1.8515066,0.25729173,-167.02853,456.48523,2403.3074
15.09295,-0.44908094,0.34872243,1.9833558,0.25895137,-178.99196,499.2522,2419.4019
14.744843,-0.37624657,0.4516799,1.9439095,0.254579,-181.30249,522.72986,2434.8354
14.858089,-0.20670201,0.3561652,1.972168,0.25205907,-194.82343,558.1998,2474.85
15.0389385,-0.2865854,0.22260372,2.022822,0.2574815,-196.90604,564.35583,2479.2495
15.330822,-0.43200698,-0.027147952,2.0587447,0.26398408,-196.19902,567.60693,2486.0833
15.425831,-0.39835745,-0.042092323,2.0567625,0.26276872,-196.30138,571.7698,2488.928
15.667699,-0.41801968,0.10617725,2.0390668,0.2613592,-196.23843,571.751,2497.4143
15.908437,-0.38237423,-0.018827265,2.0509508,0.2614949,-198.69432,566.8166,2511.353
15.992108,-0.072632775,-0.28034633,2.0510507,0.25973594,-213.21056,571.4975,2534.8748
16.080961,-0.14403528,-0.30996147,2.0525675,0.26102555,-209.62991,571.4528,2532.2483
