16.226063,-0.36293232,-0.48765382,-3.4351761,0.43798298,99.546555,584.0244,2524.783
16.156733,-0.13688289,-0.3170073,-3.480818,0.44030577,89.89757,588.074,2537.1614
15.815476,-0.10829023,-0.37281203,-3.4746573,0.44101033,88.41912,575.40186,2542.1375
15.305897,-0.067566484,-0.23261186,-3.4871778,0.43862334,90.28538,559.3982,2530.8628
15.068404,-0.053521294,-0.1842583,-3.4871926,0.43764073,96.32977,585.46234,2542.7717
15.504134,-0.033742417,-0.1161654,-3.4831328,0.43610287,101.263374,604.3304,2538.84
15.854053,-0.021377616,-0.07359696,-3.478017,0.43504277,103.81121,605.03076,2519.7935
16.18283,-0.01359057,-0.046788413,-3.4737158,0.43433332,109.82839,582.48267,2481.7366
16.394192,-0.00866016,-0.02981443,-3.470544,0.43386665,117.428986,564.6061,2448.6807
16.435734,-0.0055268677,-0.019027408,-3.4683435,0.43356282,128.72269,535.5405,2410.297
16.342928,-0.0035307524,-0.012155357,-3.4668648,0.43336624,133.703,507.1769,2379.1719
15.98553,-0.0028227633,-0.009717956,-3.4663262,0.43329597,137.89923,483.3531,2356.0288
15.45468,-0.0018048702,-0.006213647,-3.4655378,0.43319434,144.27243,430.41833,2315.1807
15.657337,-0.0014434124,-0.0049692513,-3.4652538,0.4331581,148.51062,398.09384,2299.83
16.020496,-9.2333776E-4,-0.0031787856,-3.4648426,0.43310586,152.62471,356.04602,2277.32
16.149834,-5.907531E-4,-0.002033793,-3.464577,0.43307236,153.74054,308.28094,2265.9526
16.4176,-3.78007E-4,-0.0013013692,-3.4644067,0.4330509,157.87558,283.7098,2250.8523
16.09879,-2.4189378E-4,-8.327705E-4,-3.464297,0.43303716,159.76663,263.93253,2247.9092
15.513553,-1.9350629E-4,-6.6618633E-4,-3.4642584,0.43303224,161.28323,256.4674,2246.9985
15.649946,-1.2383597E-4,-4.2633145E-4,-3.464201,0.43302518,165.68713,243.46022,2242.766
15.658797,-7.925175E-5,-2.7284087E-4,-3.4641657,0.4330207,168.4855,260.72388,2246.4011
15.722991,-5.0719766E-5,-1.7461351E-4,-3.4641426,0.43301782,168.28662,293.49863,2262.5295
15.340812,-4.057543E-5,-1.396895E-4,-3.4641342,0.43301678,168.43454,331.865,2281.7188
14.892415,-3.2460095E-5,-1.11750756E-4,-3.4641275,0.43301594,165.66571,376.04514,2309.1514
14.793825,-2.0774241E-5,-7.151971E-5,-3.4641178,0.43301472,159.18867,444.61145,2359.201
14.573951,-1.6619331E-5,-5.7215548E-5,-3.4641147,0.43301433,155.47586,475.73822,2385.574
14.486708,-1.0636314E-5,-3.6617756E-5,-3.4641097,0.4330137,149.57451,528.7233,2433.1287
14.259716,-8.509036E-6,-2.9294151E-5,-3.4641082,0.43301353,145.74187,552.3805,2461.331
14.149219,-6.8072172E-6,-2.3435283E-5,-3.4641068,0.43301335,141.15213,568.46075,2482.4702
14.3762455,-4.3566097E-6,-1.4998549E-5,-3.4641047,0.43301308,133.98058,593.96515,2515.35
14.480644,-3.4852856E-6,-1.199883E-5,-3.464104,0.433013,130.33505,600.2932,2526.5986
14.646095,-2.2305805E-6,-7.679244E-6,-3.4641027,0.43301284,123.13738,615.48535,2556.2515
15.107947,-1.4275709E-6,-4.9147147E-6,-3.4641025,0.4330128,115.9219,618.7495,2575.761
14.687186,-1.1420565E-6,-3.9317706E-6,-3.4641018,0.43301272,112.33524,620.6485,2588.3665
14.346103,-9.136453E-7,-3.1454165E-6,-3.4641018,0.43301272,106.719986,616.94415,2593.621
14.145988,-5.8473285E-7,-2.0130665E-6,-3.4641013,0.43301266,98.93075,615.4181,2605.2708
