13.751027,-0.26230195,0.3637016,-0.52541363,0.44160306,-111.23416,665.0427,2351.4307
14.068807,0.053253148,0.6143888,-0.5411021,0.44101545,-113.46688,664.5045,2356.3308
14.328084,0.21089487,0.64199126,-0.9472156,0.44716424,-117.30142,663.24457,2359.2974
14.460132,-0.2807069,0.44811776,-0.75314975,0.44472846,-117.94326,677.0409,2353.0762
14.030425,-0.19609348,0.45040897,-0.7673416,0.4451486,-119.5064,671.8138,2351.4277
13.721798,-0.28280923,0.4107784,-0.80128133,0.44564998,-119.93632,676.96387,2342.245
13.95385,-0.20206468,0.5013324,-1.1700436,0.4503155,-110.10741,677.24304,2318.7612
13.695435,-0.30345863,0.33641037,-0.930694,0.44781196,-99.46833,675.6047,2303.0774
14.01981,-0.82231516,0.19760662,0.3830298,0.4212015,-101.962906,655.58673,2274.0857
14.02838,-0.85238874,0.0149471685,0.17503642,0.42684546,-93.69203,647.30164,2254.5327
13.532068,-2.4554849,0.13967226,-0.5057298,0.41770428,-90.152336,618.6382,2210.3833
13.355421,1.9468666,-0.353581,-0.83381116,0.43205136,-75.63815,560.9956,2241.4739
13.369559,-2.7321353,0.06785221,-0.32256395,0.40408495,-66.523056,552.99756,2200.64
13.560811,-2.6966326,-0.17676303,-0.1333175,0.40442848,-53.899246,499.56488,2206.771
14.0530405,-2.849415,0.2830813,-0.5837244,0.39565033,-64.42589,478.20932,2200.1433
14.006779,-2.816145,0.063532256,-0.3484367,0.39982495,-54.358757,447.3833,2123.3435
13.839366,-2.5734725,-1.0608667,0.55060846,0.3792517,-43.92624,414.85657,2201.9297
13.802095,-2.7669525,-0.38596556,0.09742894,0.3952063,-46.493546,426.77777,2167.057
13.300077,-2.7662933,0.08913618,-0.28416744,0.40067735,-57.299286,449.4308,2162.6067
13.071001,-2.6984875,0.08858282,-0.16802125,0.4011537,-37.072754,507.0346,2140.4663
13.517549,-2.719661,0.16110212,-0.19608839,0.39917764,-37.582813,533.7387,2175.9148
13.148292,-2.044615,0.45167536,-0.8313663,0.4287942,-43.55038,582.3589,2194.3005
13.073672,-2.4267666,0.35964575,-0.55555683,0.4158344,-50.481766,608.094,2206.816
12.940615,-0.016736256,0.3568132,-0.13851227,0.43504328,-45.047047,627.10516,2230.456
12.8701,-0.34874696,0.3834862,-0.13983831,0.43420428,-46.429504,638.99304,2249.2144
12.9698,-0.568588,0.3084564,-0.17926909,0.43455797,-51.812588,667.04553,2257.882
12.71299,-1.0925479,0.036794145,-0.392397,0.43687022,-74.87456,691.1794,2292.3484
13.27264,-0.87763923,0.3629321,-0.60625136,0.44023737,-103.788925,701.9,2282.7554
