13.119786,-0.054362282,-0.47855914,0.6116582,0.62761456,-371.02127,303.72174,2391.1228
13.762127,-0.039162565,-0.5097761,0.58233696,0.6320429,-370.99246,317.696,2392.271
14.023293,0.10484009,-0.51986134,0.58312696,0.61539876,-368.73785,322.92664,2390.809
14.3643055,0.2551933,-0.53738683,0.5539783,0.58240867,-362.66364,327.75632,2388.6685
14.822502,-0.33232722,0.57271516,-0.5130874,-0.546166,-360.91226,348.18488,2383.1692
14.601428,-0.34669748,0.62891555,-0.4772329,-0.50647295,-370.44934,367.5885,2379.5854
14.323359,-0.37272015,0.671698,-0.43847966,-0.46651593,-379.72543,379.3014,2374.269
14.084513,-0.42565626,0.718676,-0.37678623,-0.40044183,-389.35544,375.6455,2373.633
13.713586,-0.4759645,0.7572378,-0.30952212,-0.3228696,-390.67377,380.82278,2367.3152
13.529377,-0.5144086,0.77460045,-0.24905428,-0.2708318,-392.33145,386.40717,2363.6638
13.453812,-0.5617672,0.7894959,-0.15469411,-0.19283023,-387.8559,405.61505,2365.6934
14.062002,-0.5781532,0.7926268,-0.108277924,-0.16049157,-387.47238,418.9043,2363.1584
13.985318,-0.5794725,0.7808442,-0.12867278,-0.19477451,-386.2487,418.9602,2361.5845
14.659477,-0.54167074,0.7833996,-0.1888004,-0.23923296,-396.04465,410.22018,2361.65
15.220771,-0.49774686,0.7758206,-0.26134345,-0.28644356,-400.78137,390.32062,2376.156
15.742301,-0.46195194,0.7348247,-0.34587136,-0.35637912,-392.93768,371.32428,2385.5354
15.501222,-0.3959543,0.6433536,-0.4479342,-0.47819582,-373.9929,374.09384,2391.3645
15.917041,-0.35698423,0.5850809,-0.50252205,-0.52698594,-364.99945,347.03595,2389.575
16.061935,-0.32602403,0.5644817,-0.5229619,-0.54916275,-366.0005,335.01462,2384.7903
15.750909,0.27036676,-0.53550035,0.5538841,0.5773679,-364.98035,320.50143,2381.7585
16.117176,0.2043558,-0.5149857,0.57047564,0.6062887,-370.24692,316.8737,2379.4475
