13.488173,0.6539127,0.3463257,0.18593858,0.42756996,-1.0612965,-245.47464,2704.675
13.740326,0.638927,0.40003392,0.14669557,0.42836025,2.7505398,-253.37958,2704.696
13.606157,0.6246277,0.41311646,0.15872644,0.428086,2.38484,-254.58272,2697.2185
13.674547,0.62550545,0.37504256,0.18423063,0.42761943,-1.6190205,-253.1901,2697.7405
13.791163,0.5835781,0.33166322,0.1887632,0.4277458,-3.3894577,-246.71732,2700.1035
13.826925,0.63953316,0.4137996,0.20834698,0.42690405,-3.6459084,-249.37354,2706.1875
13.2610445,0.6531336,0.45010728,0.19527239,0.4270396,-2.3313522,-256.99774,2708.3604
12.926742,0.6677668,0.39375862,0.20227064,0.42702383,1.3929157,-253.99374,2700.577
13.009075,0.6508044,0.36094314,0.2129308,0.42692047,-0.37088203,-254.91891,2702.323
12.691167,0.6093908,0.3172701,0.22029889,0.42697793,-1.708004,-255.99986,2699.2754
12.470604,0.6282679,0.3109428,0.19201162,0.42758763,-0.40428352,-255.5507,2703.6626
12.70908,0.6234541,0.25259632,0.17726082,0.42803463,2.1299477,-257.60162,2696.9287
12.964774,0.6314748,0.15222093,0.1552012,0.42856672,3.7587328,-249.21233,2696.4495
12.665025,0.7199512,0.124109894,0.17475979,0.42776597,0.31327724,-250.1326,2710.1646
12.5498,0.76583034,0.13053471,0.148246,0.42817068,3.044711,-254.91498,2711.702
12.286149,0.7333809,0.11267034,0.17215279,0.42775804,-0.6334095,-260.0159,2713.9465
12.073808,0.7168925,0.08177021,0.15725036,0.4281361,-0.17411041,-261.70233,2709.6914
12.044493,0.7313684,0.091032505,0.18897507,0.42735916,-2.966445,-261.24976,2710.6343
12.154484,0.71566725,0.07987552,0.18039352,0.42761204,-3.9169688,-259.51398,2700.8506
11.898299,0.6943052,0.15700923,0.18159428,0.42773083,-5.011528,-257.02045,2702.2725
11.809371,0.6463686,0.19871241,0.14047807,0.42883536,-0.80393314,-252.6902,2699.379
12.251099,0.67745787,0.18030854,0.16109508,0.42826346,-0.25413132,-247.69073,2703.2715
12.653076,0.67669684,0.16833438,0.15437193,0.4284193,-1.314045,-244.39746,2701.289
12.7451935,0.66382533,0.19751334,0.14528123,0.42866588,0.18590164,-245.41068,2710.1865
12.561615,0.69149756,0.18068154,0.12218152,0.42908362,1.0480862,-245.81842,2708.6846
12.51743,0.6920894,0.1803115,0.13843273,0.42871818,2.2836857,-244.68875,2706.7031
11.883124,0.6675326,0.18438184,0.15465134,0.42844555,-2.190508,-240.58047,2698.8428
12.312728,0.6574663,0.18833496,0.1731155,0.42806295,-2.2659035,-244.04915,2707.8965
12.15527,0.63485736,0.22862898,0.15739782,0.42847347,-0.5844364,-243.80917,2705.7144
12.352985,0.67313445,0.22857708,0.172988,0.42798683,-2.6298752,-242.18565,2703.5593
12.982944,0.6708944,0.2114499,0.19057903,0.4276046,-2.3824978,-241.12129,2703.2524
13.280168,0.66513,0.22583404,0.24999902,0.42623383,-7.8075514,-240.96107,2706.4563
13.692913,0.6679264,0.22365911,0.20573103,0.42725846,-5.7738533,-240.76883,2703.687
13.445339,0.6072141,0.24116345,0.16268007,0.42843065,-1.2617435,-235.2213,2695.781
13.331127,0.6324882,0.20393316,0.16006614,0.42843968,3.6891928,-244.02588,2705.789
13.377558,0.6843343,0.18600227,0.17384163,0.42794675,-0.12549114,-251.51079,2706.8892
13.616538,0.66494846,0.12625958,0.17075127,0.42808282,2.6578884,-256.63934,2698.7183
14.439108,0.6955614,0.04076131,0.18370654,0.42756623,-2.0669947,-255.07219,2702.078
15.073855,0.75006115,0.03635656,0.15779969,0.42790017,-0.27304316,-248.62727,2709.3052
15.394546,0.74679786,0.10169085,0.17942114,0.427521,-8.69594,-249.21378,2706.943
15.454491,0.7071158,0.15663897,0.15715685,0.4282351,-5.0077105,-237.67763,2699.6426
15.521693,0.6423441,0.16150305,0.19745193,0.42756587,-3.8349957,-256.46747,2699.8127
15.182793,0.60098064,0.17769104,0.17451958,0.4282301,-3.623497,-255.61172,2698.957
15.253055,0.5807628,0.27163997,0.18964837,0.4278542,-4.7518578,-251.61368,2700.6804
15.488795,0.6278099,0.5032692,0.19777367,0.42682853,-12.517638,-247.01447,2706.8481
15.116063,0.6758061,0.41925833,0.2015665,0.42693555,-0.6975899,-246.5544,2699.565
14.605919,0.6489448,0.42393693,0.20407657,0.42694184,0.76522446,-246.09567,2702.3389
14.543967,0.63636637,0.39358658,0.19350272,0.42732072,1.2265282,-247.09262,2700.6257
