15.204966,0.0,0.0,0.0,0.43301272,-492.3989,67.90416,2211.3303
15.273092,0.0,0.0,0.0,0.43301272,-484.93304,85.62396,2189.855
15.683527,0.0,0.0,0.0,0.43301272,-477.13797,153.29523,2151.7375
15.43858,0.0,0.0,0.0,0.43301272,-471.25772,255.36807,2132.5024
15.247344,0.0,0.0,0.0,0.43301272,-467.63165,311.7252,2127.3062
14.2523,0.0,0.0,0.0,0.43301272,-452.4743,394.94604,2126.6409
13.697764,0.0,0.0,0.0,0.43301272,-445.0855,523.9668,2165.2795
13.660686,0.0,0.0,0.0,0.43301272,-437.25272,570.6395,2188.8271
14.195735,0.0,0.0,0.0,0.43301272,-430.46722,636.61255,2234.2632
14.2823925,0.0,0.0,0.0,0.43301272,-425.9289,647.6191,2223.1113
14.304776,0.0,0.0,0.0,0.43301272,-425.84198,635.019,2204.7637
14.076405,0.0,0.0,0.0,0.43301272,-431.908,574.2132,2155.856
14.05035,0.0,0.0,0.0,0.43301272,-433.10046,525.7124,2124.0024
13.618319,0.0,0.0,0.0,0.43301272,-429.5643,399.9763,2083.3906
13.637245,0.0,0.0,0.0,0.43301272,-421.8152,328.76257,2088.6245
13.317212,0.0,0.0,0.0,0.43301272,-414.85025,197.70026,2109.0498
13.353924,0.0,0.0,0.0,0.43301272,-415.01187,143.20987,2129.4602
12.897391,0.0,0.0,0.0,0.43301272,-422.2392,77.39201,2230.5588
12.889677,0.0,0.0,0.0,0.43301272,-424.6273,64.04544,2273.0408
12.629296,0.0,0.0,0.0,0.43301272,-424.236,54.78067,2299.5217
