30.507677,-0.8904375,-0.026809873,-3.265591,0.45083106,10.303505,594.61066,2401.4487
28.505613,-0.8350478,-0.08274729,-3.3052738,0.4502181,-3.8376527,580.5001,2419.7046
26.699522,-0.5799654,-0.017045533,-3.355802,0.4516121,-29.339848,569.45764,2444.1763
23.637253,-0.35053438,-0.23576292,-3.3764222,0.45244163,-59.680717,570.8906,2444.7625
22.457834,0.19319053,-0.34392068,-3.4460468,0.44678926,-65.3182,578.88556,2451.0088
21.553213,-1.2359859,1.63628,-2.3028882,0.38751084,-60.098263,581.9774,2476.3594
20.561346,0.22358528,-0.70121247,-3.3791163,0.44107264,-47.858772,580.03357,2447.895
19.549694,0.47713226,-0.986094,-3.233589,0.43292078,-46.49969,580.2707,2432.192
18.78044,0.8550209,-0.70067877,-3.2399702,0.43697596,-37.6217,593.1517,2447.1758
18.233133,1.0674057,-0.80290115,-3.121423,0.43092656,-34.68515,592.6486,2453.4697
17.595514,1.4810266,-0.3688575,-3.05599,0.4311902,-15.649841,569.1328,2450.7593
16.892231,1.3962047,-0.3836369,-3.1012092,0.43341574,-18.754856,578.4769,2455.6082
16.37875,0.99312776,-0.43601176,-3.2727387,0.4379463,-16.434399,599.3827,2439.916
16.11894,0.97855884,-0.15296663,-3.3230593,0.44163612,-17.292448,597.0754,2444.2402
15.860119,0.7304241,-0.3292469,-3.3620806,0.44407803,-19.634703,586.9541,2418.2476
14.769609,0.06319747,-0.052434266,-3.4698806,0.44870594,-19.752022,590.61707,2424.5598
14.422563,-0.06608097,0.18002841,-3.4807088,0.4464884,-8.689095,580.2888,2430.6318
14.208211,-0.03332315,-0.0046935445,-3.4974852,0.4450805,-15.098292,581.3751,2427.251
13.471223,-0.5516878,0.3253447,-3.4194348,0.44221485,-21.781162,573.60846,2423.9944
13.300813,-0.59379303,0.25676805,-3.4233363,0.44145086,-23.656872,576.90625,2422.7893
13.254204,-0.5947346,0.2388286,-3.4258995,0.44128457,-26.38469,577.2195,2423.628
12.610471,-0.55676764,0.17992453,-3.4401937,0.44176015,-25.127808,579.7486,2428.256
