12.796466,-1.032623,1.4551433,-2.6737163,0.40366367,219.99373,675.9592,2716.704
12.424899,-1.138134,1.4318067,-2.6268148,0.4018217,215.7126,664.4144,2709.6428
12.548455,-1.1247395,1.4424031,-2.6300254,0.4024282,214.62526,671.4018,2716.8147
12.507555,-1.1025288,1.4537796,-2.6382,0.40326616,214.22629,674.13824,2721.1167
12.327851,-1.0167116,1.4835185,-2.6500685,0.4019827,217.47072,678.04114,2724.0662
12.488758,-0.9557481,1.4843438,-2.685169,0.40331957,218.2496,672.9415,2723.116
12.236449,-0.7252483,1.3405249,-2.9441085,0.4185258,217.61478,670.0516,2721.3352
12.364808,-0.68307054,1.3530928,-2.9536998,0.42025065,216.61136,667.99084,2720.0737
12.247719,-0.63062423,1.4119788,-2.9272768,0.419338,217.74353,678.80237,2728.4233
12.209165,-0.54585624,1.4367313,-2.935616,0.4198065,218.67603,677.6736,2728.3586
12.361888,-0.52279586,1.4229771,-2.9545174,0.42171645,217.07216,668.60406,2716.5945
12.528506,-0.3685711,1.4342355,-2.985572,0.42463106,217.90094,674.3349,2719.8135
12.694917,-0.3792222,1.4603666,-2.9603422,0.4253908,218.94516,676.5105,2720.5369
11.708678,-0.17425653,1.4282568,-3.0183165,0.429385,220.40729,676.29126,2724.8132
12.002008,-0.114486784,1.3658248,-3.060134,0.43299234,220.26099,673.77594,2720.305
12.537489,-0.08721173,1.3693287,-3.0579076,0.43348664,220.0128,676.6306,2721.0566
12.662766,-0.18193178,1.2177129,-3.1266515,0.43773928,217.86119,685.3495,2714.3843
12.945159,-0.18074636,1.2105024,-3.1316018,0.43782675,217.8269,686.9796,2710.6396
12.8053665,-0.17257199,1.1127244,-3.1775963,0.44039294,215.57597,688.28357,2700.2307
12.523203,-0.13228723,1.094349,-3.1857007,0.44135562,214.7624,685.7381,2697.6228
12.341824,-0.10275129,1.0966071,-3.1839461,0.4417151,213.40681,687.7802,2701.4216
12.273978,-0.10036884,1.0761762,-3.1923826,0.44219622,212.3053,685.55,2700.8218
12.068435,-0.037397992,1.0583706,-3.2068594,0.44267994,211.88339,686.4947,2704.7805
12.068909,-0.021930827,1.0351486,-3.2082653,0.4437899,214.60657,676.66785,2701.4978
12.341001,-0.06949235,1.0488927,-3.2030592,0.44310468,215.66035,675.5859,2702.3955
12.41244,-0.100396335,1.0314177,-3.205712,0.4434371,216.7151,674.86096,2700.9976
12.645274,-0.098659895,1.0026137,-3.228572,0.44324267,213.11938,682.8428,2696.9768
13.025629,-0.13515516,0.95201874,-3.2410033,0.44426006,212.63025,675.22534,2686.7947
12.968153,-0.22782421,1.023828,-3.1889718,0.4433355,217.649,670.75354,2693.0576
12.983048,-0.27357984,1.1279008,-3.1543815,0.43965694,220.98059,676.4718,2697.7139
13.2200985,-0.32426488,1.1313264,-3.1516044,0.4386349,223.17706,682.4922,2702.6675
13.2343025,-0.27571058,1.2033261,-3.1275284,0.43680605,224.30998,679.2842,2703.0552
13.610496,-0.30537304,1.2057487,-3.1254752,0.43607172,223.70483,683.2681,2701.4597
14.126377,-0.42763862,1.1559184,-3.1103053,0.43806165,224.53436,680.38586,2700.8723
14.065619,-0.31998366,1.3077325,-3.0538437,0.43446308,224.87733,681.218,2712.2437
