12.796466,0.0,0.0,0.0,0.43301272,187.55899,-626.2798,2615.8418
12.424899,0.0,0.0,0.0,0.43301272,184.10822,-625.6215,2621.9783
12.548455,0.0,0.0,0.0,0.43301272,187.06192,-627.03577,2621.5232
12.507555,0.0,0.0,0.0,0.43301272,187.68953,-634.4386,2623.1204
12.327851,0.0,0.0,0.0,0.43301272,191.23343,-632.9977,2632.1204
12.488758,0.0,0.0,0.0,0.43301272,191.01285,-638.97424,2626.3057
12.236449,0.0,0.0,0.0,0.43301272,186.66565,-635.88855,2624.7036
12.364808,0.0,0.0,0.0,0.43301272,183.63405,-638.77026,2624.7302
12.247719,0.0,0.0,0.0,0.43301272,183.35576,-630.1314,2623.131
12.209165,0.0,0.0,0.0,0.43301272,187.74866,-634.25665,2619.0237
12.361888,0.0,0.0,0.0,0.43301272,179.98914,-645.9657,2630.049
12.528506,0.0,0.0,0.0,0.43301272,187.484,-625.34064,2626.7822
12.694917,0.0,0.0,0.0,0.43301272,190.37308,-631.80237,2620.9194
11.708678,0.0,0.0,0.0,0.43301272,184.70724,-630.6485,2627.774
12.002008,0.0,0.0,0.0,0.43301272,175.25296,-628.7303,2628.1482
12.537489,0.0,0.0,0.0,0.43301272,175.46019,-627.1716,2630.7678
12.662766,0.0,0.0,0.0,0.43301272,178.99199,-626.9985,2619.204
12.945159,0.0,0.0,0.0,0.43301272,183.32607,-629.44775,2618.4236
12.8053665,0.0,0.0,0.0,0.43301272,186.74896,-632.0639,2617.107
12.523203,0.0,0.0,0.0,0.43301272,186.98099,-640.4569,2625.717
12.341824,0.0,0.0,0.0,0.43301272,189.2697,-637.56415,2625.9976
12.273978,0.0,0.0,0.0,0.43301272,184.71323,-639.0182,2608.6584
12.068435,0.0,0.0,0.0,0.43301272,185.70064,-635.26904,2618.6638
12.068909,0.0,0.0,0.0,0.43301272,194.36284,-647.7657,2630.6848
12.341001,0.0,0.0,0.0,0.43301272,191.6326,-635.91254,2624.5376
12.41244,0.0,0.0,0.0,0.43301272,192.33243,-639.386,2627.857
12.645274,0.0,0.0,0.0,0.43301272,184.07642,-636.692,2621.818
13.025629,0.0,0.0,0.0,0.43301272,189.01543,-645.0205,2622.2969
12.968153,0.0,0.0,0.0,0.43301272,197.61864,-638.5503,2627.0227
12.983048,0.0,0.0,0.0,0.43301272,196.59517,-627.82135,2621.7112
13.2200985,0.0,0.0,0.0,0.43301272,192.12534,-638.97986,2623.3792
13.2343025,0.0,0.0,0.0,0.43301272,187.76373,-635.4053,2625.9417
13.610496,0.0,0.0,0.0,0.43301272,190.0874,-629.4252,2626.6907
14.126377,0.0,0.0,0.0,0.43301272,189.2553,-636.1001,2618.178
14.065619,0.0,0.0,0.0,0.43301272,187.15422,-632.6608,2622.012
