11.940369,0.0,0.0,0.0,0.43301272,-55.01935,-653.3142,2373.8252
11.928835,0.0,0.0,0.0,0.43301272,-53.516865,-651.6338,2369.88
11.717067,0.0,0.0,0.0,0.43301272,-50.61083,-656.72534,2372.8528
12.7364435,0.0,0.0,0.0,0.43301272,-54.019615,-650.3021,2374.9695
13.200452,0.0,0.0,0.0,0.43301272,-54.459408,-649.47125,2374.846
13.087279,0.0,0.0,0.0,0.43301272,-54.78898,-652.91974,2368.1177
13.102605,0.0,0.0,0.0,0.43301272,-54.186295,-654.82385,2369.4326
12.987381,0.0,0.0,0.0,0.43301272,-53.846867,-656.9427,2369.454
12.696368,0.0,0.0,0.0,0.43301272,-57.10142,-654.1848,2369.1963
12.973404,0.0,0.0,0.0,0.43301272,-59.08058,-650.7185,2368.4348
13.241564,0.0,0.0,0.0,0.43301272,-53.728283,-655.62445,2370.8728
13.432443,0.0,0.0,0.0,0.43301272,-52.28458,-656.3559,2376.2776
13.567681,0.0,0.0,0.0,0.43301272,-48.69146,-654.64746,2373.5347
13.592273,0.0,0.0,0.0,0.43301272,-55.113537,-656.30554,2374.1948
13.745001,0.0,0.0,0.0,0.43301272,-52.975155,-655.01056,2373.7432
13.558517,0.0,0.0,0.0,0.43301272,-53.092068,-660.48425,2377.215
13.431737,0.0,0.0,0.0,0.43301272,-45.026497,-652.44446,2375.3872
13.659672,0.0,0.0,0.0,0.43301272,-48.646305,-655.6216,2374.4712
13.909373,0.0,0.0,0.0,0.43301272,-52.44018,-655.87885,2375.0688
14.049467,0.0,0.0,0.0,0.43301272,-51.789917,-652.3976,2371.2156
14.093914,0.0,0.0,0.0,0.43301272,-53.15549,-650.83624,2375.1094
14.1882515,0.0,0.0,0.0,0.43301272,-51.5676,-650.74084,2375.9348
14.008624,0.0,0.0,0.0,0.43301272,-54.264507,-655.4994,2370.9885
