14.286238,-0.02508847,0.24584095,-0.16760461,0.43600732,-241.00821,558.705,2487.073
13.937131,-0.035356257,0.2906858,-0.16529888,0.4358069,-254.07553,555.8492,2483.9983
13.662356,-0.07707224,0.25392,-0.17478254,0.436068,-262.0863,556.4351,2486.4941
13.570374,0.07575345,0.43438274,-0.21136987,0.43619645,-269.239,557.7467,2474.9314
13.540423,0.028514516,0.17130372,-0.19578615,0.43676516,-269.40768,562.902,2480.4106
13.270972,0.22796139,-0.021503009,0.042433746,0.43194488,-249.73587,575.8327,2466.1785
13.048845,0.31394285,0.029616445,0.124860205,0.43005767,-239.97154,584.3316,2463.0781
13.028,0.4969588,-0.032837085,0.20639528,0.4276706,-222.94096,580.74963,2452.3806
13.09729,0.58320624,0.030893117,0.1408822,0.4289693,-217.99944,583.6124,2451.218
12.760993,0.6301681,0.47226986,0.14503175,0.4281627,-208.6174,558.0628,2446.3284
12.569256,0.8588895,0.30262458,0.054208227,0.4297998,-198.32628,545.42114,2428.0676
12.367475,0.801226,0.84989303,0.110051095,0.42608556,-188.28772,567.438,2437.6301
12.275012,0.6148849,0.949332,0.008336239,0.42774156,-184.84874,556.2091,2449.5088
12.380391,0.9226183,0.6276252,-0.0153056495,0.4300005,-186.1823,566.78735,2421.3652
12.670353,0.7548105,0.89298594,0.05250378,0.4271039,-179.29669,579.84937,2434.0793
13.50248,0.90046144,0.33889505,0.062196,0.42938378,-170.25417,551.5797,2408.8555
14.220463,0.69998944,0.1060303,0.0029245766,0.43160862,-174.71436,570.8722,2431.6658
14.809411,0.6384669,0.38013244,-0.08864061,0.43345493,-188.37328,565.9174,2438.7805
15.006968,0.7741156,0.2941446,-0.21754695,0.4357231,-200.08014,580.4056,2430.501
15.232769,0.7489674,0.3487293,-0.17837262,0.4349687,-197.1248,584.928,2433.8325
15.391725,0.82014763,0.34508324,-0.18793428,0.43489522,-197.71658,593.30865,2430.1914
15.567803,0.7817659,0.40036583,-0.1581238,0.43433806,-197.41495,592.5774,2433.4746
15.706603,0.63483715,0.34240907,-0.20862834,0.43592823,-201.8985,578.01086,2443.1436
15.968091,0.6836476,0.15514591,-0.18016288,0.43541002,-199.1781,563.75586,2435.5427
16.201765,0.78931224,0.42318565,-0.23980564,0.43583715,-204.50235,582.6467,2430.3623
16.398315,0.6888685,0.39694905,-0.18025964,0.43508783,-199.22581,577.7623,2438.7546
