14.491239,0.15644257,-2.428919,-0.03408915,0.32774764,-94.67762,132.95982,2399.677
14.480366,0.1380276,-2.426086,-0.014623641,0.3266145,-94.11569,134.82678,2401.219
14.431668,0.19053032,-2.4334266,-0.03959426,0.33367983,-92.060616,136.55435,2400.2178
14.524581,0.15233757,-2.4432817,-0.03218533,0.33840874,-91.50284,130.71101,2399.0132
14.793188,0.13770472,-2.4362233,-0.0014987387,0.33448616,-92.53495,132.63007,2397.7136
14.907845,0.13643503,-2.4369435,0.008332125,0.33839762,-94.312485,132.03784,2393.7493
14.589815,0.14492169,-2.4328566,0.010214336,0.33510646,-96.85694,109.88977,2395.8733
14.756222,0.1407126,-2.429183,0.014655922,0.33200166,-96.93112,100.61786,2394.84
14.549105,0.04624988,-2.4273643,0.1010239,0.3345383,-101.93508,120.34738,2381.2756
14.298486,0.059710246,-2.443772,0.0296736,0.3357758,-90.940506,130.46893,2389.0613
14.229304,0.031759735,-2.435736,0.083416566,0.33694723,-97.060196,129.44028,2384.2397
14.364251,0.063299455,-2.4287572,0.0920805,0.34009302,-102.473526,119.08316,2384.895
14.473025,0.08727187,-2.427419,0.081393614,0.33820972,-104.18092,118.086395,2388.7195
14.261337,0.083211705,-2.4195118,0.060534302,0.3264326,-102.23157,118.65253,2393.8567
14.581534,0.08458609,-2.4292727,0.039807405,0.32933724,-102.19666,118.80417,2392.8425
14.529264,0.064971514,-2.430937,0.06591895,0.3323825,-102.20234,122.163895,2389.5059
14.484215,0.054373644,-2.4318233,0.079918735,0.3350248,-102.957085,127.56856,2386.8865
14.669792,0.103041835,-2.4140456,0.11510761,0.34255487,-111.9703,130.39896,2397.7764
14.18067,0.07602482,-1.2095504,0.18929712,0.41848326,-112.38927,117.42584,2391.1536
14.131406,0.09552803,-1.2859879,0.17303418,0.41729045,-112.254234,111.55821,2388.7153
14.0392275,0.050789785,-1.3691877,0.18373637,0.41547897,-113.285545,112.68834,2393.1772
14.214927,0.12192506,-1.120543,0.1618943,0.420526,-110.415276,106.44635,2401.1218
14.299668,0.08386793,-1.1969627,0.19123477,0.4186294,-109.472755,106.10155,2403.5923
14.080605,0.07178497,-1.3265661,0.14694142,0.41723973,-97.327385,74.43878,2400.1553
13.680475,0.08725317,-1.3000891,0.15706849,0.4174521,-100.37803,90.47885,2400.407
13.302245,0.083933696,-1.3098164,0.16263513,0.4171259,-99.102135,108.39494,2401.7703
13.380358,0.11113739,-1.3896452,0.14137095,0.4157487,-99.90829,106.81593,2404.946
13.808183,0.13016558,-1.2438792,0.11747704,0.41933134,-98.94693,111.67436,2399.5605
14.108977,0.12665063,-1.2730649,0.11825524,0.41875473,-98.9313,111.81348,2400.7449
