15.296685,0.68229365,-0.011987013,-0.026424639,0.4321158,-86.94969,384.97705,2469.4302
15.158643,0.66593134,-0.011972775,-0.02410642,0.4321365,-87.46999,385.93304,2470.643
15.412754,0.6627782,0.033255022,-0.025978701,0.43227467,-89.14352,386.28696,2473.093
15.428483,0.67426956,0.08291915,-0.027515583,0.43232745,-90.2836,384.29437,2472.7458
14.697712,0.68001133,0.11955456,-0.010390597,0.43197763,-92.56264,383.6607,2475.0732
14.9801655,0.71400905,0.13259941,-0.008167213,0.4318044,-94.09059,385.26248,2475.9014
14.334047,0.74278945,0.09591664,-0.003725854,0.43155965,-97.37746,386.15265,2475.9634
14.260652,0.7060804,0.13541146,-0.0013245083,0.4316936,-97.636566,381.07428,2473.2075
14.29175,0.6107112,0.32275325,0.008036453,0.4316681,-96.591095,382.5859,2471.6504
14.233411,0.6431743,0.3874945,0.0034998893,0.4315126,-99.27995,378.7021,2467.9648
14.557988,0.66267335,0.4002396,-0.00529947,0.43160573,-99.69509,378.99576,2467.5972
14.692893,0.72518903,0.31196404,-0.018211875,0.43187633,-101.11635,382.5498,2469.656
14.525954,0.75586426,0.2088926,-0.03665794,0.43224198,-103.77789,385.85428,2472.6675
14.596469,0.7593746,0.17551193,-0.046569772,0.43243474,-104.99142,388.47412,2473.3682
14.367668,0.75422114,0.18286587,-0.07025805,0.43294472,-105.31372,391.33948,2475.2544
14.421779,0.7437751,0.21433602,-0.07138372,0.43300503,-105.09126,392.3739,2476.9497
14.508608,0.7307524,0.17561176,-0.07512625,0.43313858,-105.10855,392.11896,2479.2217
14.653806,0.73386276,0.17492858,-0.08904674,0.4334096,-105.92018,390.68665,2479.7588
14.449988,0.71957517,0.17822075,-0.090717345,0.43349975,-105.08277,390.48358,2480.6436
14.352181,0.7059706,0.16397339,-0.090300106,0.43354264,-105.18222,395.49533,2484.1206
