14.174812,0.371176,0.2225863,0.11422207,0.43009505,-216.1022,343.5531,2441.1514
14.344248,0.31607205,0.037393842,0.056673277,0.43153998,-221.03291,353.2101,2445.169
13.932136,0.2731744,0.09381856,0.09211093,0.4308502,-221.58104,343.2306,2450.7778
14.239587,0.2659418,0.060827028,0.06775995,0.43139076,-224.0001,336.28094,2450.2244
14.054985,0.22930337,0.1324735,0.09268336,0.43086642,-223.0103,333.71237,2457.992
13.66365,0.22799219,0.13710152,0.08297643,0.43107376,-223.42938,332.0821,2459.206
13.295179,0.277588,0.13991779,0.110834934,0.4304083,-224.56708,330.5149,2460.3591
13.107907,0.2710573,0.17367956,0.11496462,0.4302888,-223.63116,330.45184,2461.5706
13.05666,0.29171088,0.16254985,0.111111216,0.43036154,-222.70677,330.58282,2461.2595
12.954482,0.30644438,0.17824653,0.10112496,0.4305419,-219.59836,331.08453,2458.0962
13.295797,0.36614496,0.22944158,0.039770693,0.43170303,-210.76764,327.93674,2451.0974
13.3115225,0.4070684,0.30896226,-0.005749731,0.43243226,-208.03656,330.32837,2450.4907
13.148744,0.38645044,0.28709158,0.009431434,0.43219838,-208.38058,330.98053,2452.0823
12.886812,0.37561795,0.2967274,0.026678547,0.43182653,-208.75269,330.8374,2454.6738
12.6101265,0.38348678,0.29705396,0.030206801,0.43173963,-208.05084,331.15268,2454.4937
12.440502,0.522666,0.038633943,0.10296278,0.4300247,-206.85744,345.60632,2457.3086
12.258949,0.55584264,-0.045949616,-0.013299769,0.43226022,-207.4888,381.71472,2469.1863
12.152995,0.5033355,-0.110183775,-0.07823602,0.4336169,-207.42053,399.82465,2475.8872
11.377597,0.53745073,-0.13484238,-0.10961878,0.4340554,-209.13715,412.14032,2478.7104
11.189596,0.5590153,-0.13896006,-0.108134985,0.43393126,-211.30005,414.9452,2479.4512
10.949529,0.51360923,-0.19802651,-0.1036379,0.43379593,-211.4886,411.57358,2478.8613
