13.326552,0.27863988,-0.50092196,2.0227852,0.2661356,-145.88327,199.28104,2647.7825
13.275753,0.23927312,-0.5078956,2.0208306,0.26521704,-148.95673,203.65155,2652.8918
12.992418,0.21856245,-0.50403345,2.0234392,0.2650353,-149.98227,206.82648,2656.4402
12.976417,0.22730792,-0.4819391,2.0515878,0.2690771,-140.98996,206.41412,2653.2395
12.721615,0.20006894,-0.49785054,2.0516028,0.26929083,-141.04547,208.23804,2652.598
12.821733,0.188022,-0.50100607,2.0489984,0.2687334,-142.52408,208.11655,2651.7822
12.664517,0.17390275,-0.48568222,2.053354,0.26849926,-144.26067,209.55399,2646.3872
12.827871,0.13490646,-0.4177043,2.0970883,0.27294728,-132.98163,233.77481,2632.353
13.754976,0.09880162,-0.35103643,2.1459057,0.28019226,-118.64429,232.51721,2610.7314
14.531877,0.044320572,-0.29561085,2.1700377,0.28338292,-106.7671,250.92197,2594.2986
15.002145,0.09903262,-0.5563234,1.978733,0.2586245,-165.54178,202.87933,2618.7441
14.874908,0.08534334,-0.49466676,2.0144548,0.2612318,-162.80756,205.45438,2613.8447
14.705842,0.057749502,-0.46834546,2.0295057,0.26228765,-162.99466,207.27875,2608.8884
15.030036,0.023687152,-0.48427844,2.018405,0.26099083,-166.16977,210.22537,2601.8618
15.267853,0.14600906,-0.40919456,2.051639,0.26452023,-157.17429,195.15106,2592.874
14.354432,0.23133217,-0.22998132,2.1237886,0.27331832,-146.65683,187.38565,2584.1318
14.544421,0.2726353,-0.12654887,2.156253,0.2789415,-139.06941,184.14664,2577.7322
14.741854,0.00757569,-0.27644494,2.1178076,0.27066466,-165.40323,173.40405,2574.7422
15.030812,-0.12729052,-0.36229265,2.0737045,0.26558384,-180.93994,164.01004,2574.4802
15.241832,-0.21182635,-0.39899418,2.0376554,0.26184857,-188.57469,154.60892,2574.2192
15.508106,-0.255151,-0.43089762,2.0131204,0.25986287,-192.98741,147.42372,2578.5442
15.7574835,-0.28858894,-0.42348117,2.016096,0.26059315,-195.78482,140.80173,2582.1262
15.922123,-0.3255991,-0.41298828,2.0080354,0.25985262,-197.01685,137.46472,2585.5305
16.109875,-0.33375868,-0.4231625,1.9978606,0.25892928,-196.97034,135.75539,2586.8193
16.289835,-0.3347059,-0.42910507,1.9851488,0.25744388,-197.28873,132.46878,2587.2893
16.441933,-0.3146175,-0.46673006,1.9651675,0.25559065,-197.64095,131.2262,2590.6436
16.708612,-0.256433,-0.50062746,1.9843471,0.2581998,-197.67883,127.0784,2594.1711
16.774517,-0.21986389,-0.5440134,1.992413,0.2604453,-198.53752,136.0241,2595.2136
16.996323,-0.24576102,-0.60485685,1.965972,0.25961605,-196.83871,154.19783,2597.92
17.12191,-0.1912696,-0.6272415,1.9624554,0.2595015,-198.98416,173.98651,2597.563
17.27504,-0.17343634,-0.6580778,1.9574231,0.26011747,-201.31732,203.91898,2606.647
17.34183,-0.14134978,-0.7379332,1.9686327,0.26612,-207.24728,220.47742,2616.1897
17.368738,0.0119726285,-0.7488798,2.00962,0.27473927,-199.8772,222.62936,2629.6482
17.469112,0.203227,-0.73189044,2.014067,0.27813044,-188.5163,217.18207,2639.6729
17.52122,0.30759138,-0.67527395,2.0367873,0.28204808,-173.79462,223.10663,2652.753
16.88043,0.35800534,-0.642647,2.04488,0.2833085,-162.4245,218.56812,2659.379
16.609945,0.37725922,-0.54167974,2.0781744,0.28393084,-136.61371,223.64758,2681.342
