14.71517,0.0,0.0,0.0,0.43301272,-272.98755,-82.51437,2503.7378
15.038447,0.0,0.0,0.0,0.43301272,-276.43182,-79.92078,2497.5022
14.750696,0.0,0.0,0.0,0.43301272,-274.7211,-81.897766,2496.3054
14.492891,0.0,0.0,0.0,0.43301272,-270.02676,-84.55197,2502.818
15.002826,0.0,0.0,0.0,0.43301272,-266.94943,-88.236694,2520.151
15.364151,0.0,0.0,0.0,0.43301272,-258.34375,-90.195435,2531.475
15.714649,0.0,0.0,0.0,0.43301272,-238.34389,-91.23993,2539.9458
15.768519,0.0,0.0,0.0,0.43301272,-233.8338,-90.57791,2546.512
15.857987,0.0,0.0,0.0,0.43301272,-233.54953,-90.42987,2551.2065
15.712234,0.0,0.0,0.0,0.43301272,-257.52737,-88.36148,2549.7256
15.90196,0.0,0.0,0.0,0.43301272,-262.50244,-87.85495,2542.6687
15.986759,0.0,0.0,0.0,0.43301272,-266.35962,-99.52072,2535.7805
16.027304,0.0,0.0,0.0,0.43301272,-265.82852,-109.27731,2529.2954
15.934752,0.0,0.0,0.0,0.43301272,-270.1595,-113.44672,2502.3188
15.727081,0.0,0.0,0.0,0.43301272,-269.15524,-120.26056,2499.7505
15.740987,0.0,0.0,0.0,0.43301272,-267.49786,-122.509,2506.044
15.245647,0.0,0.0,0.0,0.43301272,-266.33734,-124.36424,2517.0144
15.291684,0.0,0.0,0.0,0.43301272,-269.84204,-134.50684,2530.34
15.384973,0.0,0.0,0.0,0.43301272,-270.8208,-146.67943,2549.332
15.632894,0.0,0.0,0.0,0.43301272,-272.00552,-154.91014,2571.1042
15.793442,0.0,0.0,0.0,0.43301272,-273.22754,-159.69553,2587.1619
16.004414,0.0,0.0,0.0,0.43301272,-274.42203,-162.55438,2601.5588
15.995575,0.0,0.0,0.0,0.43301272,-272.3789,-173.73218,2615.335
16.184608,0.0,0.0,0.0,0.43301272,-272.10095,-183.03171,2634.4446
16.27605,0.0,0.0,0.0,0.43301272,-271.71097,-188.59404,2642.939
16.411718,0.0,0.0,0.0,0.43301272,-271.20273,-191.91168,2647.1704
15.862159,0.0,0.0,0.0,0.43301272,-270.71503,-193.71735,2644.6956
15.429517,0.0,0.0,0.0,0.43301272,-273.935,-185.19014,2639.7842
15.679928,0.0,0.0,0.0,0.43301272,-274.7356,-176.99785,2629.7473
15.767287,0.0,0.0,0.0,0.43301272,-274.5199,-171.88681,2616.6047
15.668131,0.0,0.0,0.0,0.43301272,-273.99417,-168.51595,2606.2798
15.825222,0.0,0.0,0.0,0.43301272,-276.89154,-161.75284,2588.704
15.923125,0.0,0.0,0.0,0.43301272,-282.82278,-157.77841,2582.274
16.153025,0.0,0.0,0.0,0.43301272,-281.7052,-139.5553,2558.3694
16.134594,0.0,0.0,0.0,0.43301272,-274.67047,-131.94315,2550.2888
15.572929,0.0,0.0,0.0,0.43301272,-270.6097,-128.05768,2546.4314
15.057682,0.0,0.0,0.0,0.43301272,-268.62128,-125.40512,2539.5464
14.149198,0.0,0.0,0.0,0.43301272,-278.12323,-116.40448,2532.2393
13.501212,0.0,0.0,0.0,0.43301272,-289.32437,-103.81406,2526.625
13.179703,0.0,0.0,0.0,0.43301272,-284.43906,-81.21228,2526.78
