14.253221,0.0,0.0,0.0,0.43301272,325.6082,-34.576233,2557.1106
14.581808,0.0,0.0,0.0,0.43301272,323.14197,-36.266357,2551.111
14.869733,0.0,0.0,0.0,0.43301272,324.01767,-32.549805,2548.8958
15.128277,0.0,0.0,0.0,0.43301272,329.61105,-33.184082,2541.404
15.360085,0.0,0.0,0.0,0.43301272,329.96103,-34.57776,2535.925
15.22807,0.0,0.0,0.0,0.43301272,329.663,-27.007233,2541.0598
14.737815,0.0,0.0,0.0,0.43301272,332.80884,-33.72812,2535.9805
14.514654,0.0,0.0,0.0,0.43301272,340.79373,-32.244537,2531.4749
14.494744,0.0,0.0,0.0,0.43301272,358.59067,-21.850586,2534.8154
14.759922,0.0,0.0,0.0,0.43301272,372.95505,-21.346436,2531.936
14.602059,0.0,0.0,0.0,0.43301272,385.43088,-10.99704,2524.3806
14.812643,0.0,0.0,0.0,0.43301272,395.522,-40.85791,2517.0935
15.08,0.0,0.0,0.0,0.43301272,405.0061,-32.084045,2522.4402
15.2978525,0.0,0.0,0.0,0.43301272,406.52786,-35.143646,2517.963
15.186793,0.0,0.0,0.0,0.43301272,416.48074,-48.28253,2525.0476
14.726132,0.0,0.0,0.0,0.43301272,414.4755,-48.480133,2526.6406
14.356334,0.0,0.0,0.0,0.43301272,403.58154,-43.42679,2523.5422
14.180929,0.0,0.0,0.0,0.43301272,397.57065,-22.568909,2535.3389
14.492604,0.0,0.0,0.0,0.43301272,384.55457,-37.42749,2542.5295
14.7828045,0.0,0.0,0.0,0.43301272,373.42468,-34.217255,2561.7397
15.025615,0.0,0.0,0.0,0.43301272,360.24286,-43.66638,2562.2734
15.288553,0.0,0.0,0.0,0.43301272,350.41528,-26.789307,2575.011
15.503431,0.0,0.0,0.0,0.43301272,350.7445,-44.972137,2585.3765
15.710519,0.0,0.0,0.0,0.43301272,344.81448,-23.584717,2597.2012
15.857488,0.0,0.0,0.0,0.43301272,340.51126,-51.452103,2594.1543
16.019659,0.0,0.0,0.0,0.43301272,334.76196,-78.198654,2610.157
16.126871,0.0,0.0,0.0,0.43301272,336.6485,-80.72583,2624.718
16.266142,0.0,0.0,0.0,0.43301272,337.4646,-77.22957,2613.2393
16.498257,0.0,0.0,0.0,0.43301272,339.87906,-74.40584,2626.4226
16.669365,0.0,0.0,0.0,0.43301272,336.79306,-80.6597,2624.692
16.79259,0.0,0.0,0.0,0.43301272,336.97034,-97.35187,2642.0322
16.673153,0.0,0.0,0.0,0.43301272,339.89438,-90.37149,2641.1868
16.096235,0.0,0.0,0.0,0.43301272,363.02502,-8.641693,2598.477
15.589608,0.0,0.0,0.0,0.43301272,338.81815,-57.924927,2614.2664
15.399468,0.0,0.0,0.0,0.43301272,346.45,-120.740616,2652.897
15.455423,0.0,0.0,0.0,0.43301272,317.49933,-37.28427,2606.9995
15.61254,0.0,0.0,0.0,0.43301272,324.39774,-52.043762,2601.0818
15.670059,0.0,0.0,0.0,0.43301272,321.1696,-47.616516,2582.4185
14.477892,0.0,0.0,0.0,0.43301272,318.22827,-37.73932,2555.3142
14.52055,0.0,0.0,0.0,0.43301272,309.65875,-11.58374,2557.0833
