13.52989,0.3187887,0.34196413,1.9956073,0.25629213,-104.59558,564.84863,2568.5361
13.756597,0.29142871,0.44141957,2.0954633,0.2741189,-102.18206,572.20074,2581.5476
13.367328,0.35403997,0.5131164,2.088355,0.27722898,-99.547386,576.0609,2591.782
13.618231,0.29150447,0.55281985,2.080526,0.27651387,-99.74415,577.97974,2584.261
13.490484,0.2526415,0.55585605,2.0894344,0.27795234,-99.86278,577.47253,2579.6514
13.559198,0.20042667,0.5751425,2.0938478,0.279547,-99.33372,577.8667,2567.0579
13.779814,-0.45004642,0.13181083,2.1196692,0.27672005,-98.821594,576.76514,2552.5808
13.199929,-0.645113,0.2311354,2.0542328,0.27519473,-99.19752,555.2882,2506.418
13.1027355,-0.70084494,0.22882897,2.0331542,0.27422643,-99.31875,548.5316,2492.9167
13.146173,-0.7170641,0.3017293,2.0053558,0.27255398,-100.267845,533.71985,2478.68
12.776818,-0.824809,0.37081078,1.9267378,0.2685163,-102.72489,503.23755,2443.663
12.862016,-0.87202317,0.43373147,1.8613601,0.26425016,-104.93089,480.01935,2423.3105
13.573335,-0.94341576,0.54736245,1.7198108,0.25514808,-107.64113,437.90717,2392.0251
13.829093,-0.33148244,0.22512555,0.5693688,0.71781397,-113.0988,425.75598,2363.5703
13.989483,-0.34962505,0.2404937,0.5638441,0.7085231,-114.63123,408.66193,2352.604
13.504445,-0.3689385,0.25517145,0.5538801,0.70141906,-112.64634,381.17715,2339.6663
13.564656,-0.37614155,0.2674179,0.5472589,0.69822127,-113.14495,362.79816,2335.5942
13.199022,-0.39872566,0.26257268,0.5466124,0.68795955,-114.844505,335.2459,2325.204
13.999643,-0.41538405,0.25718567,0.54089713,0.6846472,-113.763176,326.18817,2325.1814
14.5295925,-0.42269346,0.2657938,0.5274109,0.68740207,-107.16004,327.2063,2330.2942
14.875731,-0.4377992,0.282457,0.50551295,0.6877547,-105.35747,316.21152,2325.2288
15.312535,-0.38634118,0.27693945,0.5079259,0.7183705,-102.87621,343.22614,2349.5947
15.724972,-1.0956535,0.7418113,1.5343803,0.25431386,-94.91118,371.29034,2373.8044
15.924011,-0.82658935,0.7066882,1.7587869,0.26143545,-95.01875,432.378,2401.1086
16.22047,-0.43203282,0.780682,1.863415,0.2621492,-92.164116,467.53235,2422.796
16.2398,-0.075932115,0.86974305,1.87409,0.26151264,-94.41405,489.81033,2440.4297
15.749322,-0.4290078,0.41780648,2.0676343,0.27531844,-98.971054,526.0515,2467.8867
15.844607,-0.48125207,0.35054207,2.0784328,0.27655807,-98.58675,536.80316,2476.3972
15.057443,-0.24271706,0.27086475,2.1076267,0.2715399,-100.87579,552.11896,2502.4663
14.84636,-0.15231809,0.18247236,2.0992184,0.26642838,-101.02989,562.81964,2513.3206
15.199524,-0.074995115,0.13554186,2.091934,0.26382586,-103.387054,568.4617,2520.4055
15.302835,-0.035739254,0.098494075,2.0701,0.25991178,-103.97442,570.4846,2523.632
15.670836,-0.049175568,0.118739,2.1614592,0.27644238,-103.66118,566.59985,2535.0283
