16.288134,-0.282992,-0.38386068,-3.297833,0.45449796,196.04968,652.546,2361.0764
16.568548,-0.31936505,-0.523127,-3.3265007,0.45187044,194.28204,650.369,2343.8477
16.811337,-0.59243935,-0.18368897,-3.3781545,0.450249,193.28572,657.6943,2347.4583
16.99168,-0.7533443,-0.16408628,-3.3802934,0.446911,196.04063,647.0822,2331.2405
17.159664,-0.85875124,0.003138092,-3.3722396,0.44315386,197.35365,648.6255,2324.2478
17.358765,-1.1884822,-0.07287604,-3.2619717,0.43934324,194.25407,628.5126,2297.0132
17.356333,-1.2273369,-0.13656396,-3.2462568,0.438162,195.61914,635.43536,2290.1003
16.2075,-1.3367234,-0.22783461,-3.191134,0.43580982,198.80045,622.3177,2273.5068
15.938788,-1.2516718,-0.30498812,-3.2253814,0.4364365,199.1708,615.7388,2265.8362
15.534519,-1.1995716,-0.26638982,-3.2497492,0.43631878,203.52065,616.58405,2260.795
15.573431,-1.129942,-0.2752084,-3.2776551,0.43680066,206.71558,620.2681,2260.8162
15.067446,-1.0405697,-0.3123454,-3.3086634,0.4375554,207.57288,621.2806,2259.8618
15.152737,-1.0372982,-0.34088552,-3.3075213,0.43779045,206.69034,620.57184,2260.5798
14.853308,-1.0284389,-0.3372833,-3.3115587,0.43809962,204.29825,619.0665,2263.3425
14.760872,-1.0792432,-0.3375444,-3.293444,0.4379432,202.4855,616.61066,2264.976
15.392126,-1.1926385,-0.21663783,-3.2586086,0.43787062,195.52274,612.59656,2268.231
15.864143,-1.2512447,-0.07438139,-3.2343671,0.43672216,190.55595,620.39526,2261.6665
16.25502,-1.2648137,-0.24469253,-3.225939,0.43761224,188.29211,617.5442,2260.9346
16.53393,-1.4108899,-0.3467723,-3.1466157,0.43589282,188.01657,616.21924,2242.1406
16.812143,-1.548586,-0.30657768,-3.0702958,0.43322042,189.3748,587.9458,2221.6965
16.387743,-1.7383494,-0.50030816,-2.9005153,0.42740467,189.5665,537.98315,2177.6357
16.29091,-1.8474519,-0.7654185,-2.7275796,0.4228427,188.57439,491.622,2144.0957
15.968446,-2.1362998,-1.0476936,-2.0570931,0.40138605,186.34566,367.16925,2087.7778
16.183132,-2.1165087,-1.0795994,-1.9504477,0.396523,185.03786,329.06805,2074.3245
15.755444,-2.1132207,-1.0200347,-1.6431618,0.38396743,178.9077,247.77994,2062.7107
15.6,-1.9823705,-1.10703,-1.348529,0.37088567,168.13347,151.49947,2057.605
15.452815,-1.9980546,-1.1334121,-1.3959702,0.3731186,162.64775,139.92802,2058.5083
15.062633,-1.9651664,-1.2446764,-1.4707354,0.37542406,163.11983,132.64368,2051.5635
15.602473,-2.092999,-1.1129228,-1.7409818,0.38794625,169.69754,197.12137,2055.8755
15.802819,-2.1246169,-1.0049074,-1.8711914,0.3925499,174.45187,246.17299,2063.782
15.073176,-2.0292015,-0.81039965,-2.4772582,0.41472608,182.03894,368.02768,2108.413
14.935478,-1.8946375,-0.69736654,-2.6978798,0.4214534,185.81868,419.94498,2131.6443
15.174372,-1.5906959,-0.478503,-3.0144668,0.43082726,194.47432,501.93713,2187.6848
15.663806,-1.3917874,-0.19135982,-3.162643,0.43443713,202.33951,555.00604,2244.7234
15.425165,-1.395168,-0.114442475,-3.1659486,0.43763515,205.74934,545.0355,2303.0415
15.422165,-1.3337251,0.23933251,-3.1556172,0.4388127,206.47765,513.57935,2336.7556
15.521124,-1.1032425,0.18704534,-3.2509487,0.44359905,209.6117,513.2545,2360.4724
