14.8883295,-0.74098873,-0.45689523,2.0604854,0.28405678,-110.05203,530.7655,2375.4626
15.226805,-0.7271202,-0.44167754,2.0590107,0.28241274,-111.994644,532.3088,2373.765
15.712336,-0.755321,-0.42985457,2.0520701,0.28216615,-111.67823,530.48456,2365.4888
16.100462,-0.803043,-0.430482,2.0387325,0.28236854,-111.39611,528.63104,2352.5393
15.928694,-0.8285101,-0.42770836,2.0324738,0.28261638,-112.14771,525.4973,2346.1711
15.591709,-0.9902422,-0.38893536,2.0203164,0.29020706,-93.4203,530.8651,2327.2288
14.079193,-1.1226139,-0.058374505,1.9230685,0.27986816,-86.849815,529.2142,2267.4775
14.050751,-1.0308366,0.13353613,1.8740175,0.26830712,-90.35352,528.8037,2240.0532
13.844179,-0.9917602,0.27068922,1.8018165,0.25937304,-92.92354,525.8698,2215.96
13.387021,0.26372302,-0.37396774,0.8092212,0.36845526,-101.54429,479.6918,2189.372
13.849158,0.38310343,-0.46497676,0.767986,0.21731524,-100.56142,434.99188,2193.3286
14.265658,0.31893146,-0.3870905,0.7963855,0.3379553,-100.62435,419.02277,2201.3684
13.669576,0.27930975,-0.3685626,0.79353684,0.39553377,-92.38443,468.2565,2188.3196
13.58144,0.31170568,-0.41280937,0.7805824,0.35088316,-84.82335,490.36136,2197.4153
13.980306,0.39076117,-0.4911878,0.74520344,0.22519375,-81.82523,508.12857,2227.783
14.7172,0.44921735,-0.5582661,0.6872406,0.11934449,-80.38478,521.6091,2259.754
15.302084,0.3163704,-0.39317018,0.7767544,0.37680215,-94.229126,530.4596,2295.9958
15.773297,0.21034725,-0.26140967,0.78567016,0.5197513,-82.54177,555.97144,2316.5295
16.133757,0.13671844,-0.16990726,0.7710732,0.59823525,-92.95178,552.87286,2331.0269
16.464039,0.088052906,-0.10942803,0.75353926,0.64222336,-100.75236,550.3655,2345.74
16.10564,0.05649924,-0.070214614,0.7390364,0.66761,-94.30832,553.317,2358.0276
15.83142,0.045228492,-0.05620785,0.73327345,0.67609555,-93.53241,553.3428,2361.412
