15.347922,0.0,0.0,0.0,0.43301272,160.08107,-712.84607,2263.0579
14.863346,0.0,0.0,0.0,0.43301272,155.64568,-711.093,2260.7144
14.880037,0.0,0.0,0.0,0.43301272,167.14532,-718.13983,2273.7888
15.082359,0.0,0.0,0.0,0.43301272,167.7266,-718.80237,2278.5276
15.269991,0.0,0.0,0.0,0.43301272,153.5218,-710.5235,2269.485
14.995673,0.0,0.0,0.0,0.43301272,170.53888,-717.4067,2279.8396
14.754359,0.0,0.0,0.0,0.43301272,163.2587,-719.4087,2286.461
15.295161,0.0,0.0,0.0,0.43301272,164.39258,-721.23145,2287.8457
15.221073,0.0,0.0,0.0,0.43301272,164.38982,-735.52625,2271.576
15.062091,0.0,0.0,0.0,0.43301272,167.93993,-747.0428,2277.8726
14.588178,0.0,0.0,0.0,0.43301272,166.57745,-763.43665,2272.8381
14.314985,0.0,0.0,0.0,0.43301272,168.88354,-744.3335,2270.8271
14.604897,0.0,0.0,0.0,0.43301272,163.83084,-735.8621,2270.7217
14.925266,0.0,0.0,0.0,0.43301272,167.86386,-745.96814,2255.3506
15.189935,0.0,0.0,0.0,0.43301272,182.10333,-761.9335,2248.3374
15.417375,0.0,0.0,0.0,0.43301272,182.49716,-744.37537,2253.8447
15.633657,0.0,0.0,0.0,0.43301272,159.68315,-753.49243,2234.4185
15.187072,0.0,0.0,0.0,0.43301272,171.37093,-742.1942,2253.6702
15.62785,0.0,0.0,0.0,0.43301272,156.78052,-779.24225,2235.545
15.489426,0.0,0.0,0.0,0.43301272,176.17973,-769.80664,2237.4792
15.055771,0.0,0.0,0.0,0.43301272,187.78574,-767.4257,2229.7224
14.600162,0.0,0.0,0.0,0.43301272,206.29227,-762.48096,2222.5115
14.242988,0.0,0.0,0.0,0.43301272,179.85965,-751.56036,2219.616
13.842767,0.0,0.0,0.0,0.43301272,187.53418,-731.4013,2227.501
13.7069645,0.0,0.0,0.0,0.43301272,166.73003,-761.4756,2251.7246
13.3422365,0.0,0.0,0.0,0.43301272,163.332,-738.0735,2252.8938
13.062201,0.0,0.0,0.0,0.43301272,164.75136,-729.9423,2254.3994
13.069164,0.0,0.0,0.0,0.43301272,164.02768,-730.7923,2252.3733
12.808615,0.0,0.0,0.0,0.43301272,167.96532,-722.0963,2249.9114
13.107435,0.0,0.0,0.0,0.43301272,168.20395,-721.9551,2262.2488
12.2475,0.0,0.0,0.0,0.43301272,168.02519,-721.99695,2256.3596
