13.527373,0.0,0.0,0.0,0.43301272,-50.36584,-782.97156,2594.616
13.101849,0.0,0.0,0.0,0.43301272,-50.418648,-780.3242,2592.356
12.980066,0.0,0.0,0.0,0.43301272,-51.204052,-786.5757,2589.1208
12.732609,0.0,0.0,0.0,0.43301272,-50.60328,-793.4606,2600.392
12.646944,0.0,0.0,0.0,0.43301272,-51.46038,-781.3987,2595.6626
12.465476,0.0,0.0,0.0,0.43301272,-52.32021,-793.37225,2594.3052
12.502723,0.0,0.0,0.0,0.43301272,-46.71416,-788.41235,2597.7817
13.012934,0.0,0.0,0.0,0.43301272,-50.241142,-791.6723,2593.8203
13.27021,0.0,0.0,0.0,0.43301272,-49.680824,-790.4596,2602.755
13.751124,0.0,0.0,0.0,0.43301272,-50.82955,-795.6902,2605.678
14.178869,0.0,0.0,0.0,0.43301272,-50.018913,-792.21173,2597.6843
14.557656,0.0,0.0,0.0,0.43301272,-49.83641,-796.86194,2599.469
14.898233,0.0,0.0,0.0,0.43301272,-51.37907,-803.83716,2609.865
14.536785,0.0,0.0,0.0,0.43301272,-53.248466,-789.1884,2611.4194
15.071899,0.0,0.0,0.0,0.43301272,-51.756313,-791.34485,2608.885
15.583197,0.0,0.0,0.0,0.43301272,-50.132534,-786.62366,2607.0334
16.034098,0.0,0.0,0.0,0.43301272,-52.522106,-785.39014,2612.965
16.358578,0.0,0.0,0.0,0.43301272,-53.5061,-807.1156,2585.8513
16.011808,0.0,0.0,0.0,0.43301272,-54.53145,-795.85126,2606.1436
16.345589,0.0,0.0,0.0,0.43301272,-51.437614,-793.4999,2608.218
16.406689,0.0,0.0,0.0,0.43301272,-55.17353,-797.9808,2593.5618
16.682001,0.0,0.0,0.0,0.43301272,-50.61112,-791.3859,2596.9785
16.923834,0.0,0.0,0.0,0.43301272,-57.917282,-788.6339,2614.4194
16.571167,0.0,0.0,0.0,0.43301272,-56.568256,-776.3877,2591.1975
16.358223,0.0,0.0,0.0,0.43301272,-53.780327,-785.77856,2585.4014
16.064592,0.0,0.0,0.0,0.43301272,-54.953014,-796.2135,2577.2195
15.518958,0.0,0.0,0.0,0.43301272,-54.6375,-788.0486,2580.058
15.153055,0.0,0.0,0.0,0.43301272,-52.523773,-790.94855,2590.7166
14.876073,0.0,0.0,0.0,0.43301272,-51.125927,-801.20056,2577.947
13.966487,0.0,0.0,0.0,0.43301272,-48.761284,-787.4046,2574.4238
13.758955,0.0,0.0,0.0,0.43301272,-42.573563,-794.2746,2579.666
