12.759501,-0.6810572,0.2507861,-0.044746105,0.43161196,75.64681,572.3186,2559.9246
12.782496,-0.62196887,0.23142588,-0.030535627,0.43169788,70.38307,571.23096,2556.5325
12.905878,-0.6474599,0.22309007,-0.011323589,0.43121436,64.210144,575.5499,2549.8936
12.624507,-0.8946803,0.2364627,0.026747283,0.42891926,41.653713,567.70105,2519.4485
12.770125,-1.011478,0.16636519,0.099291325,0.42689082,29.428967,557.55115,2506.1611
12.527928,-1.5542712,0.032409526,0.18763183,0.42032278,12.725439,531.86456,2464.4602
12.59509,-1.8150053,0.09200014,0.20556337,0.41568652,7.3162537,508.04938,2447.156
12.738787,-2.1247303,0.0015623723,0.24765196,0.40937623,3.0026875,489.5668,2418.8064
12.227398,-2.5294383,0.458432,0.0027206908,0.39473537,5.4149303,411.18945,2364.5999
12.414445,-2.6632116,0.39422604,0.0044664703,0.38851154,5.4388924,375.90082,2345.2505
12.418897,-2.650728,0.604656,-0.102801144,0.3834172,10.584925,334.68103,2326.1394
12.317006,-2.666551,0.73918194,-0.20294353,0.3738631,15.164482,278.42682,2308.482
12.475724,-2.7101195,0.6304103,-0.15301403,0.37514126,12.767376,261.83942,2312.5684
12.257724,-2.7316797,0.6225779,-0.1944446,0.3735233,9.867615,239.97038,2317.9956
12.385891,-2.7275546,0.6598226,-0.25976136,0.37325484,9.395613,247.73619,2319.0605
12.483871,-2.718662,0.67574656,-0.27049828,0.3741475,10.287854,263.81512,2323.8506
12.293449,-2.6959043,0.50628656,-0.11185944,0.3850686,6.198406,314.89935,2353.1604
12.476287,-2.6564124,0.2983588,0.00849193,0.3923144,6.056982,343.77112,2372.8887
12.259438,-2.2400212,0.106574684,0.121384166,0.40901092,2.8199282,427.06744,2412.8357
12.333369,-1.9981533,0.12792924,0.11291549,0.41446778,1.9774437,460.91388,2430.3757
12.485695,-1.8531073,0.20976995,0.1354855,0.4156917,3.2666445,487.3493,2444.6118
12.289566,-1.2792984,0.36638945,0.14756407,0.42179456,5.2773066,534.7456,2484.9941
12.426863,-1.0494051,0.36479312,0.17602623,0.42338923,3.747198,551.2714,2501.7505
12.590644,-0.66522413,0.23643427,0.28285816,0.4244049,-9.101543,573.5681,2533.5002
12.752283,-0.43193564,0.100229144,0.33329305,0.42471796,-27.90343,584.23834,2555.5789
