12.795986,0.5624488,-0.0034502184,0.059261806,0.43078148,63.139683,337.0031,2340.4414
13.205637,0.57485515,-0.07954837,0.055759106,0.43063784,67.71672,332.26135,2339.8823
13.652946,0.56612253,-0.07845582,0.0394352,0.43102524,64.19252,332.60455,2341.4487
13.434315,0.55103385,0.052048538,0.057783786,0.43093094,51.915947,327.695,2340.5586
13.337086,0.47224176,0.005355223,-0.0509622,0.43340033,46.98789,333.9806,2341.563
13.077469,0.35712746,-0.05902169,-0.11600317,0.43490934,44.71781,337.48026,2341.2747
12.981133,0.17375085,-0.16581273,-0.22718075,0.43719065,45.80323,339.06497,2340.8308
13.355701,-0.29658645,0.010308146,-0.110539936,0.43499172,36.61158,341.10187,2339.2136
13.322012,-0.5997843,0.015718967,0.019920103,0.43146408,39.304504,341.75708,2337.1555
13.348209,-0.86311024,0.15330024,0.11568511,0.42759672,39.262764,333.27576,2329.806
13.078379,-1.16258,0.18458289,0.038215954,0.42694288,29.93648,304.54712,2322.4155
12.902777,-1.5275991,0.18483895,-0.026855687,0.4246244,24.954565,275.7008,2314.8647
12.64188,-1.1367595,0.92040706,-0.18772101,0.423443,18.48957,236.33853,2354.7148
12.44047,-0.9570115,1.6069715,-0.29016706,0.410425,1.7462139,181.46689,2382.0967
12.260705,-0.7295397,1.9151636,-0.37076372,0.40333694,-7.9573,144.7336,2396.7725
12.069046,-0.51309097,2.0757504,-0.46964952,0.40129295,-13.57603,118.14529,2409.8506
12.129539,-0.44155124,2.1196814,-0.4868252,0.4004559,-14.486166,102.48534,2406.191
12.072478,-0.9789347,2.141051,-0.25218993,0.3731142,-5.2874193,100.25217,2407.504
11.947058,-1.0347601,1.9913237,-0.13942318,0.3824368,0.24420214,76.00768,2403.275
12.008468,-1.1461815,1.9175904,-0.11104126,0.38311338,7.691642,71.01988,2402.6282
11.67275,-1.2738562,1.4313738,0.04853175,0.4014862,26.480217,66.286865,2383.9004
11.670921,-1.3015971,0.7977345,0.17267102,0.41486326,50.503983,86.51558,2372.3403
11.68364,-1.2765009,0.40979668,0.06487897,0.4233459,48.11348,186.77673,2344.541
11.877946,-1.1379972,0.118843965,-0.02063301,0.4288213,51.220474,245.21797,2333.143
11.780048,-0.8602908,0.028785665,-0.14797871,0.43368816,52.258995,287.4418,2329.3262
11.724552,-0.5350584,-0.034826703,-0.20138653,0.4362386,53.19449,311.49982,2323.3896
11.905895,-0.24722593,-0.15034994,-0.21007335,0.43699566,60.680294,320.9187,2324.474
12.055773,-0.042094935,-0.09305548,-0.19311997,0.4368289,58.82258,327.61884,2324.987
11.923708,0.16393432,-0.14328644,-0.09818709,0.4347448,65.30266,333.492,2323.9565
12.040047,0.32973558,-0.18469833,-0.06968224,0.43373176,73.02617,335.4453,2323.3357
12.173347,0.4491423,-0.14475021,-0.042677727,0.43296373,72.30228,338.26337,2322.7212
12.020264,0.53254324,-0.2594138,-0.08122087,0.43299916,77.93828,333.4884,2324.1567
11.980066,0.56031734,-0.2267413,-0.046951387,0.43233186,75.916664,330.44604,2323.8062
