13.269896,0.43995172,0.8100893,-0.28448382,0.43516773,456.19153,696.9494,2640.4045
13.10576,0.34184188,0.8240359,-0.28967422,0.43513823,456.18,699.7518,2636.5913
13.072232,0.36476094,0.7193859,-0.41098908,0.43823233,458.3296,698.08496,2639.3987
12.90683,0.39826977,0.78302175,-0.3880077,0.43731737,459.35464,697.6977,2640.4888
12.636922,0.39611995,0.94807076,-0.3653832,0.4353518,460.12833,698.46405,2641.4937
12.424424,0.39332923,0.8907968,-0.41702282,0.43687132,463.77594,699.87836,2642.3696
12.383991,0.17138335,1.0699455,-0.4371473,0.4349334,462.94504,702.26245,2641.8745
11.916589,0.32792863,0.8567426,-0.40359515,0.43693107,463.01917,704.30707,2645.5222
11.952714,0.47646135,0.55757946,-0.31565148,0.4374606,462.28864,704.9372,2643.4993
11.890703,-0.31681323,0.07472254,-0.4239136,0.44070235,464.97125,705.83624,2648.6726
11.851317,-0.08690824,0.5978265,-0.40037677,0.4384454,465.46838,704.3899,2648.7913
11.976316,0.10593417,0.8430668,-0.40842095,0.43688333,465.606,704.1494,2649.864
11.718925,0.12778562,0.8568416,-0.42159337,0.43702185,465.91913,704.9249,2651.5422
12.055032,0.18001276,0.8712523,-0.41823122,0.43690202,466.4002,704.4255,2652.1575
12.117623,0.21668115,0.93046117,-0.4298402,0.43654615,465.9177,704.91705,2652.0361
12.393072,0.23399174,1.0005903,-0.4151821,0.43551588,465.75867,706.48474,2654.0981
12.63728,0.23134443,0.966027,-0.4013265,0.43565995,465.55673,706.9303,2655.5947
12.036679,0.276952,0.9880229,-0.3886742,0.43524015,464.67804,706.446,2655.4363
