14.292046,-0.06646456,-0.65235907,2.0181344,0.26899552,-272.44592,245.28848,2291.423
13.945618,0.035871975,-0.754875,1.9575315,0.26593205,-267.2231,247.14557,2275.2083
13.470234,0.15561526,-0.35256895,0.55803746,0.7348967,-264.29993,256.78235,2249.3076
13.135184,0.25157943,-0.4292118,0.51535743,0.69777626,-268.15027,268.8907,2242.1543
13.177668,-0.290195,0.5062244,-0.46119967,-0.6684449,-276.57443,285.4449,2237.078
12.835913,-0.45359284,0.59533167,-0.31810156,-0.58193225,-267.15967,316.1228,2246.515
12.851209,-0.5116695,0.6275405,-0.25508028,-0.5285084,-259.07913,322.56134,2257.2578
12.794077,-0.5407961,0.6659084,-0.18872325,-0.47800538,-259.54565,331.7846,2257.1423
12.467803,-0.5600363,0.73226035,-1.05492014E-4,-0.38749725,-262.13898,356.94794,2257.2905
13.098753,-0.5291428,0.7446579,0.14853787,-0.37872028,-263.5594,365.25507,2272.8118
13.520614,-0.5158105,0.7337755,0.20722441,-0.39060342,-263.7875,364.63312,2277.9058
13.702714,-0.52868444,0.72428304,0.18525383,-0.40197974,-265.48157,365.68326,2285.716
13.654358,-0.5540234,0.7290829,0.03390524,-0.40043318,-265.37573,359.42383,2274.6948
13.578403,-0.5563834,0.7072024,-0.07742479,-0.42931074,-259.18277,345.2086,2274.3474
13.538227,-0.53852546,0.677578,-0.16803488,-0.47185013,-258.59964,335.10986,2271.6682
13.000374,-0.41779348,0.61856115,-0.32080266,-0.5830234,-279.4021,321.77814,2263.9136
12.937658,-0.36154532,0.6023595,-0.35577396,-0.61633825,-288.73236,310.41107,2264.9507
12.98735,-0.34388906,0.56393725,-0.39417517,-0.6390156,-287.36908,296.7079,2260.9773
12.802513,-0.33052212,0.5159842,-0.43652576,-0.65875685,-282.18713,277.35495,2256.9893
12.463988,0.23717935,-0.41545412,0.5126125,0.71300226,-268.80417,266.5939,2262.9963
12.9172535,0.18526617,-0.37969524,0.53711003,0.73008263,-266.40265,261.79852,2265.4937
12.572908,0.17871676,-0.83556724,1.8878808,0.26271972,-264.60168,260.45038,2277.3772
