14.328374,0.029914418,1.1304802,-3.2283547,0.43340898,204.80862,352.82385,2304.1099
14.09254,0.0950296,1.2768211,-3.1488717,0.43097323,203.101,354.6143,2296.6177
14.253599,0.57467693,1.6365727,-2.8346584,0.41642755,206.61345,349.67328,2291.6357
14.724822,1.1790007,1.9340514,-1.9041383,0.3758277,208.19307,352.0723,2290.668
14.9405,1.064319,2.0017211,-1.6604812,0.35980096,218.37701,357.34033,2271.4426
15.08205,0.95570296,1.931778,-1.2018152,0.32718626,238.36638,334.00574,2265.967
14.218856,0.8703665,1.6891431,-0.65436184,0.28561598,247.66504,349.51212,2247.4746
14.542151,0.7691345,1.4581738,-0.33251494,0.25502008,251.83807,364.7569,2231.222
14.829503,0.43114462,0.78260016,-0.11685661,0.43358487,252.92087,377.37256,2219.0103
15.08864,0.4499413,0.78815097,-0.0378617,0.41825512,254.95697,383.18414,2218.48
15.304619,0.45668927,0.7953991,0.02613999,0.39760742,251.97662,393.09094,2217.7356
15.315795,0.4645052,0.79781723,0.08370398,0.3751215,251.98935,402.54535,2217.8662
14.835431,0.4715718,0.7918273,0.14909558,0.3583294,252.47153,410.7498,2222.025
14.571557,0.47438934,0.77871716,0.21094052,0.35221925,253.23093,414.877,2225.4219
14.574142,0.47274458,0.75950897,0.26789662,0.35761717,256.30823,409.9688,2235.5935
14.431127,0.47659424,0.7678484,0.23371047,0.3586729,257.16016,406.48837,2239.298
14.313112,0.47004887,0.7826197,0.18977384,0.36131188,257.07538,407.73987,2242.6575
13.950113,0.45791048,0.79914206,0.13216951,0.36636204,257.03738,404.36963,2245.8284
13.769692,0.45605028,0.80604184,0.0621774,0.37208685,258.52155,398.68747,2247.4094
13.806605,0.44903582,0.80753475,0.004154468,0.38240975,260.26068,389.3437,2246.2102
13.560415,0.44347277,0.79921335,-0.07438717,0.39881873,255.63133,379.67233,2246.106
13.355248,0.42889285,0.7943912,-0.12033194,0.4129332,258.31442,369.83508,2253.5518
14.062063,0.38438094,0.79794127,-0.21563134,0.4111498,264.83203,356.2104,2255.8865
14.39195,0.36110827,0.7844085,-0.24511829,0.44070518,265.4176,354.60583,2241.9468
14.16137,0.65558803,1.4725355,-0.55830747,0.25777012,261.70886,349.3034,2245.9746
13.782574,0.7039812,1.6556864,-0.78021103,0.2801562,251.35306,349.15112,2243.486
13.36598,0.7846724,1.8294865,-1.0243214,0.30503145,242.16928,336.56995,2239.2473
13.170697,0.7813385,1.9202183,-1.2582101,0.32177845,239.58344,319.2838,2237.6262
13.14691,0.79441047,2.017406,-1.49964,0.34047684,239.78954,303.64044,2234.8118
12.7619505,0.59611255,2.0624473,-1.9811151,0.36763114,235.69704,284.40924,2237.7012
12.7544775,0.38409004,2.0524805,-2.144616,0.3748601,233.84949,277.7048,2234.85
12.940706,-0.049463235,1.9689584,-2.3426297,0.38257274,233.95782,274.42923,2244.1675
12.952409,-0.24674298,1.8929106,-2.462081,0.38975653,233.97934,264.7138,2246.589
12.956415,-0.35643026,1.7936323,-2.5780623,0.39570925,233.98997,255.8565,2250.7925
