14.292046,-0.8671967,1.7724478,-2.0955472,0.36032507,243.25528,267.24048,2252.6863
13.945618,-0.69587886,1.881257,-2.0646288,0.36005548,244.12846,272.61884,2240.349
13.470234,0.16300258,2.1454062,-1.9784565,0.36550742,249.28647,293.15897,2230.5818
13.135184,0.5357196,2.1773772,-1.6864145,0.35268256,250.14273,307.57993,2229.7908
13.177668,0.61979914,2.159799,-1.3933319,0.33518574,256.57214,334.79028,2228.8975
12.835913,0.93975466,1.8532993,-0.7338544,0.29916167,256.87665,351.43738,2222.4624
12.851209,0.92673385,1.705625,-0.4913125,0.28204018,258.9389,360.21872,2223.2305
12.794077,0.8931695,1.591707,-0.30303466,0.26787394,260.46356,368.60315,2227.1335
12.467803,0.4749046,0.7624962,-0.01246482,0.43921494,263.11328,380.39832,2231.2893
13.098753,0.4849513,0.76975405,0.10405967,0.40183637,262.75345,391.8334,2240.3064
13.520614,0.48049846,0.7711177,0.14662914,0.3911502,261.86874,397.9115,2243.6487
13.702714,0.47824147,0.76592934,0.18058765,0.3899044,260.6823,403.45477,2240.644
13.654358,0.47032538,0.77053565,0.076457635,0.4233474,260.66537,389.35806,2238.6816
13.578403,0.45899168,0.77144235,-0.019246148,0.44026452,261.33752,377.18262,2233.8396
13.538227,0.8454912,1.4279486,-0.18050769,0.25522107,258.65994,365.0869,2227.9082
13.000374,0.9600097,1.9090682,-0.6197315,0.2971894,253.41234,353.52185,2233.4707
12.937658,0.8609664,2.0173776,-0.8262247,0.30614,264.17346,348.2407,2238.211
12.98735,0.84143484,2.0625238,-0.9629122,0.31434157,265.58362,332.61792,2236.107
12.802513,0.817241,2.134513,-1.2055277,0.33006677,263.78864,314.3081,2234.0503
12.463988,0.64972377,2.19547,-1.7146206,0.35888532,263.18988,290.32196,2231.5127
12.9172535,0.44120604,2.1877246,-1.9302332,0.36895892,259.09464,288.65976,2225.7566
12.572908,-0.4881246,1.9861224,-2.0934732,0.36583763,262.0223,274.41382,2230.691
