17.219694,0.09381683,-0.27060965,0.63732886,0.71538854,-271.6549,319.2691,2318.2195
16.996143,0.17654093,-0.31180298,0.6227827,0.69552416,-262.71478,297.70932,2299.148
16.29553,0.27788517,-0.3983178,0.5685222,0.66400695,-260.20605,312.22144,2304.9167
15.71621,0.31058034,-0.45880207,0.541843,0.63201785,-259.83127,313.31714,2308.0405
15.4520235,-0.35604078,0.53485006,-0.47508156,-0.6012219,-274.26337,326.9847,2334.0808
15.580647,-0.36953607,0.5882014,-0.42648932,-0.5792832,-286.8597,331.5214,2274.8088
15.671817,-0.41515273,0.60007113,-0.40088958,-0.55394065,-286.38388,324.80273,2273.428
15.217593,-0.501292,0.6360666,-0.31561843,-0.49448022,-278.82135,328.56058,2285.2317
14.84477,-0.631919,0.6489542,-0.16591848,-0.38988164,-258.01782,329.72662,2239.3274
14.463031,-0.5800719,0.70465094,-0.09835596,-0.3966228,-288.33325,337.082,2288.0625
14.125018,-0.58962184,0.7058285,-0.04570751,-0.3899525,-283.61264,329.30798,2310.2463
14.1518135,-0.60548997,0.70585316,-9.913234E-4,-0.36763057,-295.4984,279.3675,2287.2676
14.339365,-0.5732285,0.70528984,-0.099989645,-0.40494123,-288.20407,311.07123,2303.0896
14.606709,0.6049078,-0.56969726,0.26203924,0.490782,-226.46251,282.5077,2329.243
15.1356325,-0.41250706,0.54404837,-0.42086953,-0.59725875,-277.34064,304.58078,2306.556
15.445732,0.3067767,-0.38103867,0.5276001,0.6945038,-263.77023,306.67804,2341.5054
15.792788,0.26203948,-0.3838857,0.55141103,0.6927574,-270.0958,305.16034,2335.4446
16.114487,0.23368257,-0.30457303,0.575387,0.72218937,-268.69357,292.59476,2333.7788
16.267962,0.19488133,-0.25378048,0.59040266,0.7409733,-267.3217,295.97903,2330.4912
16.376383,0.5415199,-0.5859605,1.9240019,0.2634365,-267.28482,292.3469,2330.411
16.503962,0.51689184,-0.5057537,1.9817528,0.26748005,-266.05658,290.96872,2334.1887
16.563707,0.42745635,-0.36329177,2.0842474,0.2760598,-265.22998,290.97928,2333.8652
16.640469,0.33623958,-0.2266613,2.1422315,0.28021666,-263.54196,292.8632,2333.8254
16.725573,0.33859506,-0.23387182,2.1377907,0.27946672,-259.49548,304.00244,2330.2139
