12.198933,0.009029885,1.3373275,-3.1070812,0.42784935,706.16296,228.90948,2633.4534
12.216538,0.29265195,1.4581625,-3.0268943,0.4258129,706.833,227.85454,2634.3513
12.385473,0.8363689,1.789871,-2.6015186,0.40850705,711.2885,223.71681,2628.912
12.308813,0.98034614,1.9783795,-2.0315082,0.378366,731.42365,228.52188,2620.275
12.400772,0.8675431,1.9769583,-1.6443264,0.35036972,752.1673,232.91817,2544.1282
12.3521805,1.022648,1.7871714,-1.2257389,0.3281743,761.5705,233.50905,2557.1338
12.466034,0.90424126,1.4430364,-0.6813556,0.28748932,767.09045,229.66801,2546.5942
12.936365,0.8026811,1.1850016,-0.31015918,0.25968313,786.746,237.53305,2549.7676
13.377761,0.55221593,0.7853666,-0.011561319,0.27950513,799.24615,259.59845,2557.4329
13.518715,0.53819674,0.76842517,0.07461783,0.33808166,757.19836,253.16264,2575.4885
13.3226385,0.8279773,1.1763583,-0.23234542,0.25880682,705.1901,244.49103,2567.314
12.966299,0.8249631,1.2315739,-0.3214546,0.26176187,687.2167,231.75084,2518.241
13.10643,1.3640114,1.9172894,-1.4395047,0.35825273,615.94556,299.44916,2690.5205
13.360757,1.3124859,2.000231,-1.5816464,0.36580524,621.0097,280.33063,2656.4443
13.532451,0.98474175,1.9727432,-1.6309484,0.3539127,639.6289,263.9095,2660.6511
13.5922575,0.9229631,1.9823803,-1.9115374,0.36889583,633.774,247.15038,2654.1584
13.499083,0.813932,1.9611213,-2.210687,0.38469866,630.9067,253.25565,2652.52
13.741151,0.5556946,1.5894599,-2.8751729,0.41735688,636.4577,242.8984,2640.8157
13.723308,-0.01645201,1.6405202,-2.8342452,0.41024917,667.4045,214.891,2624.2632
