13.687392,0.19381368,-0.27437636,0.58138806,0.741041,187.81288,154.84686,2635.5447
13.307989,0.292034,-0.3390596,0.53129995,0.7193574,203.41919,162.91528,2636.7834
13.32806,0.3812982,-0.4259656,0.46430486,0.67645097,227.74829,198.93274,2633.4226
13.016996,-0.49473417,0.52197623,-0.35701627,-0.59608585,253.8919,214.45572,2624.2354
12.819458,-0.5512857,0.6003381,-0.25005957,-0.5226358,263.45306,227.22162,2621.0962
13.330529,-0.5813078,0.70151335,-0.06604723,-0.40693724,261.84277,266.5692,2620.7866
13.505667,-0.57765555,0.7288236,0.005084693,-0.36756548,253.926,286.781,2623.8855
13.275812,-0.57514626,0.7248386,0.20187259,-0.3210345,237.74257,313.94293,2639.9756
13.48109,-0.55937773,0.72444934,0.25723788,-0.30999723,223.92853,319.42715,2641.4976
14.019915,-0.5683837,0.758252,0.16454798,-0.27371112,208.22131,311.8648,2628.379
14.009036,-0.5677279,0.767507,0.015524441,-0.2972826,202.06566,285.70758,2622.068
14.358515,-0.5484903,0.7384083,-0.1296804,-0.37026277,200.54132,251.90776,2616.2776
14.528078,-0.486557,0.715291,-0.2526039,-0.43337315,200.78207,248.94441,2628.1526
14.447724,-0.42292488,0.5748079,-0.393966,-0.5792419,209.64749,217.77393,2622.5264
14.766481,0.28984904,-0.4407358,0.49895504,0.68759245,209.1911,186.1705,2628.884
14.581237,0.12779911,-0.31889227,0.56705123,0.74861735,210.80423,158.79196,2660.9749
14.30347,0.20213418,-0.7536753,1.9385185,0.26533565,218.40817,158.90009,2681.4868
