13.258786,-0.06741654,0.9671898,0.23729627,0.060739283,81.395386,-312.38324,2320.8281
13.072638,-0.0633165,0.9781594,0.18889208,0.05928843,91.014206,-315.135,2301.0442
13.089282,-0.06336297,0.97028446,0.21676591,0.08686654,82.00456,-310.8615,2317.0947
12.943936,-0.05668345,0.9793063,0.16543466,0.10187079,91.0958,-314.1368,2297.787
12.573779,-0.060814198,0.96870583,0.22559258,0.08377654,74.32402,-308.23026,2316.9011
12.668327,-0.057509966,0.9807197,0.16898276,0.07953861,83.83852,-305.65564,2296.8816
12.85278,-0.056914043,0.9846566,0.14627834,0.07625515,87.681694,-301.33917,2293.9539
13.671834,-0.05703882,0.98538107,0.13127507,0.0923989,85.69072,-300.15466,2289.9387
14.0248375,-0.06428031,0.9716459,0.21122116,0.08460428,81.03369,-295.78885,2314.568
13.977221,-0.0649262,0.9680092,0.22579949,0.08807625,79.96001,-296.31088,2322.183
14.087835,-0.061227955,0.9728034,0.19804278,0.10336099,80.489914,-298.32104,2310.6404
14.595612,-0.061605237,0.96636385,0.23462193,0.08542959,78.60667,-306.60306,2326.0674
14.907651,-0.05950669,0.9716284,0.21044093,0.09006535,72.45815,-302.19427,2315.6943
14.8508415,-0.06437786,0.9703686,0.22035599,0.07538861,78.13049,-299.11884,2318.1665
14.851724,-0.0661035,0.96706337,0.23586002,0.06920108,78.599075,-296.69034,2327.9321
14.098887,-0.06314925,0.9665743,0.23577932,0.07845048,81.212944,-291.43103,2326.2874
14.004164,-0.062190015,0.9672065,0.23133029,0.084441,81.18825,-301.11206,2324.6265
13.860922,-0.060868595,0.96693283,0.23286195,0.08432791,83.019135,-305.8695,2318.6577
13.259426,-0.059687275,0.963869,0.2405798,0.09754705,77.10127,-308.2342,2320.5254
13.63621,-0.05932094,0.9782452,0.17169803,0.10018568,81.88263,-311.8111,2295.98
13.861164,-0.05979814,0.96751046,0.21853222,0.11221124,81.86611,-311.54724,2307.015
13.663256,-0.05918649,0.9641427,0.23593168,0.10612264,74.05569,-308.49033,2316.555
