12.494413,-0.028638974,0.9069787,-0.09170367,-0.41007292,505.9017,-457.87323,2542.8186
12.42134,-0.020080809,0.9026505,-0.0902218,-0.420332,506.26065,-458.88632,2538.2288
12.375151,-0.02649739,0.9129197,-0.08617161,-0.39805773,506.51178,-467.00922,2545.1196
12.157693,-0.02558386,0.90263546,-0.07922587,-0.4222772,509.6169,-484.84296,2545.3145
12.113007,-0.007102483,0.8909248,-0.060193796,-0.450088,528.04126,-482.1307,2560.5881
12.080385,0.09110165,0.8693061,-0.19892898,-0.4432096,540.76227,-459.97156,2557.8591
12.0151825,0.09371524,0.87272906,-0.20549849,-0.4328183,559.5739,-464.33807,2570.162
11.826778,-1.5001241,-0.14137901,0.038675006,0.4252864,562.448,-464.48483,2541.4165
11.651318,-1.2978616,-0.066818796,0.023165766,0.42733055,560.9611,-462.11584,2553.628
11.440976,-0.043664105,-0.09815935,-0.115975946,0.4353196,554.41003,-465.72833,2547.0789
11.30672,-0.9212674,-1.1954803,0.080114365,0.4224615,557.3444,-479.45636,2575.3784
11.347343,-0.8775096,-1.0255545,0.16674724,0.42273986,545.2839,-502.81772,2570.5164
11.215807,-0.73788726,-0.81831187,0.259522,0.4229904,530.1563,-504.9094,2560.2146
11.180713,-0.6717521,-0.6869421,0.31331927,0.4228814,520.1794,-501.01965,2557.5266
11.323536,-0.6351719,-0.6388166,0.40011954,0.4211119,509.14093,-495.94,2557.8694
11.452081,-0.5866003,-0.5802631,0.41816494,0.42113045,505.849,-493.34644,2561.0168
11.367567,-0.4699502,-0.5173368,0.38166857,0.42263278,507.1804,-480.0578,2563.5002
11.813562,-0.42476323,-0.39798585,0.36034903,0.42379108,507.87085,-472.12552,2565.5647
12.062114,-0.3936533,-0.5324954,0.33136532,0.42388815,511.56668,-476.0382,2569.81
