13.283321,0.0,0.0,0.0,0.43301272,217.86412,10.976685,2144.6128
14.076715,0.0,0.0,0.0,0.43301272,216.59062,36.384293,2103.1887
14.707485,0.0,0.0,0.0,0.43301272,203.77133,90.96767,2049.97
14.767305,0.0,0.0,0.0,0.43301272,188.73486,177.96341,1997.5063
15.245842,0.0,0.0,0.0,0.43301272,180.92635,273.4063,1972.3683
15.482897,0.0,0.0,0.0,0.43301272,180.57036,320.15863,1963.4128
15.843383,0.0,0.0,0.0,0.43301272,165.37474,399.97925,1967.9885
16.169617,0.0,0.0,0.0,0.43301272,159.29666,460.93524,1989.0615
16.39669,0.0,0.0,0.0,0.43301272,160.07373,510.02084,2020.2058
16.517994,0.0,0.0,0.0,0.43301272,155.24948,560.863,2044.2942
16.675951,0.0,0.0,0.0,0.43301272,147.23691,601.1499,2073.7104
16.43217,0.0,0.0,0.0,0.43301272,158.29102,638.91425,2112.8035
16.603373,0.0,0.0,0.0,0.43301272,158.56598,656.04596,2143.1838
16.089184,0.0,0.0,0.0,0.43301272,155.1612,656.77966,2141.9187
15.840388,0.0,0.0,0.0,0.43301272,147.35428,638.6453,2119.1
15.929469,0.0,0.0,0.0,0.43301272,159.78413,595.817,2076.487
16.170795,0.0,0.0,0.0,0.43301272,166.22926,554.2452,2031.7102
16.259956,0.0,0.0,0.0,0.43301272,170.54712,531.25696,2018.7231
15.505813,0.0,0.0,0.0,0.43301272,185.80319,452.35425,1998.5006
15.158721,0.0,0.0,0.0,0.43301272,185.07237,411.88342,1994.3102
14.986454,0.0,0.0,0.0,0.43301272,198.12471,375.88678,1984.0564
14.6572895,0.0,0.0,0.0,0.43301272,205.97015,344.75055,1981.6296
13.776157,0.0,0.0,0.0,0.43301272,211.95967,277.00705,1965.0994
14.112606,0.0,0.0,0.0,0.43301272,223.65968,246.37811,1960.0448
13.954473,0.0,0.0,0.0,0.43301272,234.70819,215.37645,1958.7161
13.333191,0.0,0.0,0.0,0.43301272,249.67639,140.59961,1994.5076
13.242988,0.0,0.0,0.0,0.43301272,254.6032,108.791016,2023.0204
