11.519797,0.0,0.0,0.0,0.43301272,153.80502,-711.3856,2112.0164
11.66187,0.0,0.0,0.0,0.43301272,156.77823,-714.3865,2110.2952
12.177123,0.0,0.0,0.0,0.43301272,155.45335,-711.2611,2115.7585
12.288543,0.0,0.0,0.0,0.43301272,155.10986,-712.11707,2115.4397
12.2422905,0.0,0.0,0.0,0.43301272,145.48929,-714.6444,2166.513
11.982927,0.0,0.0,0.0,0.43301272,146.32095,-713.66504,2146.5066
12.072121,0.0,0.0,0.0,0.43301272,147.1395,-713.5769,2123.2446
12.168174,0.0,0.0,0.0,0.43301272,160.4418,-712.8508,2125.162
11.904285,0.0,0.0,0.0,0.43301272,154.21497,-713.2373,2111.9165
11.934148,0.0,0.0,0.0,0.43301272,154.95062,-718.91394,2110.8918
12.065707,0.0,0.0,0.0,0.43301272,155.93701,-719.0294,2113.1584
11.9914465,0.0,0.0,0.0,0.43301272,151.4282,-712.5182,2115.9958
11.823063,0.0,0.0,0.0,0.43301272,160.33493,-709.0447,2113.3342
12.340191,0.0,0.0,0.0,0.43301272,154.62016,-709.9923,2113.2441
12.152,0.0,0.0,0.0,0.43301272,157.3589,-717.05664,2097.5315
12.213751,0.0,0.0,0.0,0.43301272,157.49286,-716.106,2103.16
12.346032,0.0,0.0,0.0,0.43301272,158.92496,-718.40625,2102.1929
12.882073,0.0,0.0,0.0,0.43301272,156.992,-717.5741,2104.0576
12.472498,0.0,0.0,0.0,0.43301272,147.97911,-716.7915,2144.3167
12.391033,0.0,0.0,0.0,0.43301272,145.25452,-716.3502,2119.9358
12.1669035,0.0,0.0,0.0,0.43301272,143.91243,-715.59705,2128.5288
12.277542,0.0,0.0,0.0,0.43301272,144.84872,-718.32227,2173.8008
12.283191,0.0,0.0,0.0,0.43301272,149.68164,-713.56616,2144.88
12.0945635,0.0,0.0,0.0,0.43301272,151.5871,-714.2158,2127.9412
12.294046,0.0,0.0,0.0,0.43301272,153.43372,-711.62085,2114.6897
12.076197,0.0,0.0,0.0,0.43301272,138.61911,-714.9122,2162.7422
11.9118595,0.0,0.0,0.0,0.43301272,147.95738,-714.3004,2143.9534
11.754624,0.0,0.0,0.0,0.43301272,150.2514,-715.3721,2128.8352
11.662909,0.0,0.0,0.0,0.43301272,144.83713,-713.44495,2161.3733
11.714482,0.0,0.0,0.0,0.43301272,151.43024,-713.1173,2140.071
11.559796,0.0,0.0,0.0,0.43301272,148.28061,-714.1162,2124.2498
11.51989,0.0,0.0,0.0,0.43301272,146.33316,-717.78217,2171.8833
11.774712,0.0,0.0,0.0,0.43301272,144.59492,-717.33606,2144.1184
11.908316,0.0,0.0,0.0,0.43301272,161.29086,-711.36035,2125.2483
12.961649,0.0,0.0,0.0,0.43301272,154.58583,-715.53,2156.356
