13.537126,0.0,0.0,0.0,0.43301272,267.12952,-746.9518,2508.4736
13.234226,0.0,0.0,0.0,0.43301272,268.39938,-769.40015,2500.3508
12.989684,0.0,0.0,0.0,0.43301272,254.71236,-770.20264,2502.8577
12.915164,0.0,0.0,0.0,0.43301272,261.47525,-772.23,2499.6553
13.495575,0.0,0.0,0.0,0.43301272,247.99915,-775.2628,2497.2
13.3407755,0.0,0.0,0.0,0.43301272,263.64188,-787.9718,2511.103
13.600767,0.0,0.0,0.0,0.43301272,261.75198,-790.7399,2497.5232
13.862478,0.0,0.0,0.0,0.43301272,275.62448,-771.6315,2482.9512
13.409269,0.0,0.0,0.0,0.43301272,281.0249,-804.3535,2485.1792
13.071921,0.0,0.0,0.0,0.43301272,286.5515,-777.1541,2493.575
12.957069,0.0,0.0,0.0,0.43301272,284.86844,-784.1317,2501.6072
13.453792,0.0,0.0,0.0,0.43301272,284.15573,-771.5624,2500.8713
13.892308,0.0,0.0,0.0,0.43301272,285.67468,-785.18665,2495.1978
14.191293,0.0,0.0,0.0,0.43301272,283.2639,-770.86206,2497.682
14.442005,0.0,0.0,0.0,0.43301272,279.7829,-784.6966,2508.079
14.265634,0.0,0.0,0.0,0.43301272,286.55536,-769.59924,2496.9624
13.788681,0.0,0.0,0.0,0.43301272,286.29752,-780.9572,2508.2856
13.742069,0.0,0.0,0.0,0.43301272,282.31647,-780.38696,2506.379
