11.519797,0.0,0.0,0.0,0.43301272,-192.05293,-652.1179,2179.2212
11.66187,0.0,0.0,0.0,0.43301272,-190.02211,-650.7958,2178.6602
12.177123,0.0,0.0,0.0,0.43301272,-193.49348,-647.4917,2172.773
12.288543,0.0,0.0,0.0,0.43301272,-192.67732,-653.2312,2175.114
12.2422905,0.0,0.0,0.0,0.43301272,-194.39394,-649.7641,2174.6401
11.982927,0.0,0.0,0.0,0.43301272,-193.50679,-649.7451,2176.4238
12.072121,0.0,0.0,0.0,0.43301272,-195.15627,-649.2203,2178.415
12.168174,0.0,0.0,0.0,0.43301272,-184.28777,-651.4492,2176.3376
11.904285,0.0,0.0,0.0,0.43301272,-192.35716,-656.98517,2174.4172
11.934148,0.0,0.0,0.0,0.43301272,-191.1513,-659.53314,2180.3936
12.065707,0.0,0.0,0.0,0.43301272,-189.8001,-663.13794,2175.2896
11.9914465,0.0,0.0,0.0,0.43301272,-193.65486,-652.8715,2173.3079
11.823063,0.0,0.0,0.0,0.43301272,-187.7981,-656.10474,2178.5862
12.340191,0.0,0.0,0.0,0.43301272,-193.05392,-647.99207,2180.0688
12.152,0.0,0.0,0.0,0.43301272,-190.24721,-652.89886,2177.6387
12.213751,0.0,0.0,0.0,0.43301272,-190.83714,-652.1946,2177.2544
12.346032,0.0,0.0,0.0,0.43301272,-188.36502,-654.4529,2178.5447
12.882073,0.0,0.0,0.0,0.43301272,-189.97566,-653.58044,2174.2512
12.472498,0.0,0.0,0.0,0.43301272,-190.83699,-645.8091,2175.5781
12.391033,0.0,0.0,0.0,0.43301272,-196.8958,-647.7583,2178.121
12.1669035,0.0,0.0,0.0,0.43301272,-195.93983,-653.2418,2177.185
12.277542,0.0,0.0,0.0,0.43301272,-190.81326,-653.6688,2174.431
12.283191,0.0,0.0,0.0,0.43301272,-188.9851,-653.1998,2174.4563
12.0945635,0.0,0.0,0.0,0.43301272,-190.83469,-653.1094,2175.2632
12.294046,0.0,0.0,0.0,0.43301272,-192.40935,-649.04297,2174.3376
12.076197,0.0,0.0,0.0,0.43301272,-201.28003,-649.27527,2176.9907
11.9118595,0.0,0.0,0.0,0.43301272,-192.91006,-649.5397,2176.4844
11.754624,0.0,0.0,0.0,0.43301272,-193.65804,-649.8478,2178.5706
11.662909,0.0,0.0,0.0,0.43301272,-192.83884,-648.6036,2179.3833
11.714482,0.0,0.0,0.0,0.43301272,-189.08598,-652.81854,2177.5513
11.559796,0.0,0.0,0.0,0.43301272,-195.29419,-652.00635,2179.0713
11.51989,0.0,0.0,0.0,0.43301272,-191.879,-654.25415,2175.8347
11.774712,0.0,0.0,0.0,0.43301272,-193.54147,-653.3628,2175.732
11.908316,0.0,0.0,0.0,0.43301272,-182.35323,-659.6033,2184.238
12.961649,0.0,0.0,0.0,0.43301272,-183.3969,-657.881,2176.4546
