12.3420105,0.3570974,0.6655567,0.11623981,0.42807546,394.5277,450.07404,2635.342
12.593037,0.6843391,0.79936695,0.06970811,0.4277061,435.31134,457.39206,2636.3643
12.654651,0.41217476,0.69906884,-0.1346705,0.43314284,460.429,458.25385,2646.2954
12.337569,0.37585732,0.842226,-0.41240495,0.43724138,487.1438,451.66772,2654.7002
12.204977,0.16121666,0.7304296,-0.46649918,0.4390106,490.83517,436.99167,2668.0623
12.251529,0.3051337,0.73826927,-0.36647916,0.43727908,495.70782,449.31116,2651.9814
12.498886,0.37008378,1.0216635,-0.4684474,0.4363804,484.83392,454.6297,2647.9124
12.737376,-0.0011827142,0.7520784,-0.5752214,0.44039977,466.53186,445.90088,2675.352
12.956395,0.2598627,0.74034595,-0.4282886,0.4383485,463.27792,444.0838,2666.04
13.116303,0.521245,0.6262015,-0.48723042,0.4400747,448.47095,444.8529,2650.0437
12.852649,0.54985553,0.63273835,-0.32746547,0.4371625,443.3921,447.78033,2645.0493
12.967727,0.17280772,0.7215339,-0.23692466,0.43489617,432.37225,445.73315,2635.9297
13.170146,0.38672683,0.72600144,-0.06713868,0.43156475,426.4807,448.60614,2629.7815
