11.636431,0.8100003,0.58718926,0.020449651,0.42985713,365.86978,439.60516,2605.1736
11.931329,0.7084815,0.5473694,-0.09846418,0.43285078,365.96094,444.6856,2609.4893
12.054681,0.4126099,0.7361358,-0.16312703,0.43342924,391.0174,447.0944,2619.3127
12.069935,0.16239035,0.72008365,0.0037474714,0.43000355,420.19574,454.9607,2637.9165
12.102126,0.33099404,0.6601467,-0.121604644,0.43318132,430.48944,445.10312,2629.0415
12.093325,0.31973234,0.659258,-0.19578664,0.43465942,448.5024,454.55014,2636.6213
12.602064,0.14219542,0.97135025,-0.22769122,0.4321451,457.30267,443.03668,2654.8718
12.408819,0.09131513,1.0400492,-0.27550742,0.43209612,456.578,436.6116,2660.6414
12.54724,0.0728242,0.96682477,-0.1108429,0.42966202,473.62085,437.658,2658.9854
12.732381,0.18329757,0.92517364,-0.10657892,0.43030998,470.46155,438.78592,2649.5046
12.964901,0.5685255,0.6410367,-0.019981107,0.43101814,476.7031,435.58273,2620.0847
12.65737,0.582197,0.32256687,-0.057631273,0.43311295,476.5933,443.20087,2621.1875
12.693104,0.42193916,0.752025,-0.098456055,0.43199244,473.08713,450.5197,2635.4858
12.647253,0.6722011,0.4046641,-0.12023306,0.43392783,471.01376,459.06223,2616.8015
12.408677,0.4361566,0.5321033,-0.096062295,0.43339378,473.25473,458.83844,2632.7715
12.260636,0.28290597,0.69077325,-0.14434627,0.43340448,470.57596,457.80203,2644.2087
12.631978,0.22097363,0.72908753,-0.14078332,0.4329892,468.60565,453.3401,2649.293
12.966229,0.22169381,0.78116983,-0.12953608,0.432308,468.8312,452.4214,2650.3635
12.718483,0.1926808,0.83336437,-0.11036303,0.4313839,470.78278,454.16562,2654.9387
12.602822,0.46840358,0.90611804,-0.14984018,0.43162194,465.32938,442.38785,2635.344
12.602836,0.41780636,0.7508862,-0.15498447,0.43314785,469.355,446.96964,2638.5686
12.438347,0.38959485,0.8306526,-0.023572443,0.42973676,479.94308,465.00812,2641.307
12.569451,0.4209973,0.8573194,-0.06557758,0.43037152,478.52264,459.2644,2639.1614
12.659165,0.41036844,0.9510792,-0.15538546,0.43125647,477.35666,455.87415,2635.8196
12.418811,0.45657542,0.9792394,-0.15047961,0.43085277,477.08258,453.3601,2632.2598
12.261347,0.4723465,0.91906846,-0.110939525,0.43069115,478.8678,453.91867,2631.1387
12.293013,0.4710166,0.9111336,-0.096067876,0.43046492,479.97794,452.31015,2631.2085
