13.093991,0.2182032,0.675227,0.05848097,0.42924422,569.4751,473.8801,2629.9053
12.568344,0.27517727,0.6489413,0.030116444,0.4300904,542.13043,480.60645,2635.795
12.311229,0.18993556,0.51968646,0.07342036,0.4299792,513.06256,482.4267,2636.3396
12.1658745,0.18926716,0.37438035,0.0650254,0.43088543,482.95517,487.49158,2643.5793
12.346906,0.17995058,0.31367993,0.07173323,0.4309648,458.6764,490.61536,2647.608
12.931088,0.2801409,0.29669935,0.053744964,0.43135545,429.44022,494.87253,2657.9949
13.065903,0.46774888,0.31831795,0.03677564,0.43140525,421.26074,506.5981,2668.7637
12.558935,0.46974805,0.59512943,0.10410619,0.42875022,426.23535,484.32623,2663.8257
12.701574,0.45764473,0.6972019,0.11015894,0.42792553,435.06332,483.2445,2659.6802
13.15443,0.49015382,0.73944855,0.09537577,0.42789948,466.75293,490.54333,2656.4211
13.593095,0.47783914,0.75526994,0.076557025,0.42819914,506.14383,489.7378,2648.092
13.894376,0.43080452,0.8960704,0.0058618137,0.4284537,548.9801,483.24066,2640.4946
14.076565,0.43394706,0.9424443,-0.04905996,0.42914194,566.59644,481.01367,2638.2131
14.288453,0.413036,1.0262933,-0.057119578,0.42832753,590.9617,484.93063,2636.8484
14.356408,0.40930265,0.92582554,0.105323516,0.42590785,603.8402,474.9907,2638.6987
14.265727,0.4450212,0.92035174,0.031564455,0.4276323,596.90155,475.22623,2636.599
13.616805,0.47191077,0.73437834,-0.02162055,0.43050426,564.9046,465.87836,2629.742
13.662165,0.47546455,0.6082754,-0.020994574,0.43137008,535.5523,481.17773,2633.3372
13.847371,0.50219697,0.56497383,2.705349E-4,0.4311396,520.3745,481.7296,2632.3638
13.498934,0.49507105,0.55908597,0.03946443,0.43034378,497.7373,479.87497,2627.8843
13.700003,0.49887696,0.49593812,0.08454462,0.42967978,485.75607,490.99734,2631.671
