13.37543,0.07886417,0.9967327,-0.012023574,-0.012637335,396.86377,27.587494,2599.428
13.717948,0.07047136,0.99744946,7.654943E-4,-0.011303326,386.6813,30.36177,2601.024
13.910334,0.063766554,0.997925,-0.0020901393,-0.008670339,379.04016,39.61174,2598.889
14.121381,0.052245412,0.9984536,-0.017528161,-0.007322052,380.93845,32.340332,2601.0198
13.173,0.050223872,0.99849147,-0.019084176,-0.011322095,390.58035,20.340668,2575.3147
13.201779,0.05075732,0.99822986,-0.02868748,-0.011744399,411.90585,38.476532,2572.8645
13.1407385,0.10204866,0.99395293,0.009144273,-0.039497547,454.44815,39.14026,2588.1
13.269668,0.11658619,0.99135244,0.03754873,-0.047098577,460.8837,32.699783,2590.9407
13.091828,0.11678958,0.9922039,0.034497984,-0.026486747,447.00565,30.754517,2592.9976
13.217777,0.0933462,0.99533033,-0.0043501453,-0.024188932,420.01898,42.58333,2586.2266
13.74066,0.08213432,0.9964704,0.012861199,-0.011625333,391.86038,35.774902,2599.617
14.0310135,0.05955009,0.99809545,0.01600868,-0.0017705099,350.436,34.070877,2612.1292
14.1299515,0.047551263,0.99866766,0.011392657,0.016494345,333.6708,49.67601,2606.3442
13.977401,0.015478787,0.99894184,0.015711894,0.040359374,308.73178,48.247528,2618.0098
14.198392,-0.007972848,0.9987663,-0.020770269,0.04439439,301.17734,37.847107,2622.9897
14.364654,-0.012751716,0.9986444,-0.028603408,0.041577328,301.27097,32.256226,2620.5178
14.402823,-0.009389535,0.99908394,-0.037872892,0.017573291,309.35992,34.578354,2617.764
14.422504,5.7716714E-4,0.9997708,-0.021239508,0.002654398,314.38635,34.231415,2624.1667
