13.269896,0.014942327,0.9970989,0.019471547,0.07205098,323.12634,48.81038,2621.1267
13.10576,0.0038117578,0.99593675,0.055085726,0.071142145,323.53293,48.40132,2622.778
13.072232,0.010433511,0.99486834,0.05056501,0.0870136,323.0655,51.09868,2619.2214
12.90683,-0.011623113,0.9969042,-0.010818333,0.07700684,326.34274,47.74147,2631.2717
12.636922,-0.021701287,0.9985049,0.003024211,0.050079536,318.30197,57.797485,2648.5645
12.424424,-0.0050935885,0.99819386,0.0011131401,0.05984806,322.89752,57.769592,2641.0923
12.383991,0.026548598,0.9944898,0.09573568,0.033463884,327.95636,52.869247,2642.5344
11.916589,0.021961374,0.99598515,0.05734126,0.06514111,326.60168,30.473495,2631.4724
11.952714,0.016214347,0.99333924,0.034788154,0.108646035,323.1744,17.301392,2602.6138
11.890703,0.085223824,0.9808404,0.009632434,0.17491785,325.17508,18.240906,2598.7942
11.851317,0.053281702,0.9907616,0.06504161,0.10640547,335.17023,58.991302,2634.9028
11.976316,0.048541084,0.99359185,0.07341353,0.07091835,287.78677,-6.0822754,2642.637
11.718925,0.02177312,0.9949304,0.06690552,0.07185432,300.6653,74.24411,2646.068
12.055032,0.019710232,0.9949602,0.07047134,0.068552025,331.69742,139.64894,2649.473
12.117623,-0.007520747,0.9981095,-0.012068061,0.059792906,328.47595,116.26398,2650.7751
12.393072,0.007960035,0.9980177,0.039270382,0.048530288,325.27634,98.12277,2654.5042
12.63728,0.019254316,0.99837744,0.008379251,0.05292955,326.7133,99.05908,2656.882
12.036679,0.022876792,0.9983655,-0.019014535,0.048799403,321.21924,66.68886,2659.458
