11.855143,-0.10216944,1.6514962,0.28746423,0.40440243,-163.69785,207.11916,2337.9832
11.75709,0.068722434,1.6561781,0.17418522,0.40889698,-160.1365,152.66107,2314.8577
11.898435,0.10583709,1.7680128,0.1655283,0.40570185,-159.55156,171.73633,2318.5203
11.76575,0.2720681,2.0588644,0.065418154,0.3976292,-152.09988,164.6129,2330.59
13.614941,0.5189238,2.4846268,-0.011288913,0.33195895,-150.79245,234.67717,2349.5713
13.306115,0.67696494,2.4752293,0.095802374,0.3453793,-149.47752,262.3764,2351.3154
13.262885,0.36386332,2.4650128,0.13168088,0.3426939,-149.61378,261.8193,2355.0757
12.943818,-0.11220004,2.399677,0.04747748,0.3582756,-148.46547,277.71783,2311.2
12.781921,9.263409E-4,2.120646,0.05491327,0.26598814,-166.93163,153.67902,2358.1343
12.602674,0.09864132,2.4564064,-0.21301265,0.3714616,-142.37624,8.430023,2244.5051
13.027369,0.290268,2.4691827,5.472087E-6,0.36002505,-134.4015,147.64723,2304.7317
13.002563,-0.040809054,2.4598718,-0.31509593,0.3714454,-130.72743,181.25813,2317.1313
12.724963,-0.102170214,2.0546267,-0.31886107,0.4051231,-159.99153,247.6305,2330.9216
12.783558,-0.12786849,2.4842806,-0.20835759,0.3473239,-178.2756,117.30347,2297.6614
12.602289,-0.033361576,2.377088,-0.21966895,0.30451134,-144.12422,94.73512,2317.454
12.561397,-0.47478718,2.4066799,-0.3363292,0.36015677,-143.32182,239.88779,2333.66
12.705721,-0.29607412,2.4614878,-0.30574766,0.339425,-131.1636,240.8506,2300.807
12.715282,-0.47091225,2.3988426,-0.21051182,0.33435535,-160.36319,120.0092,2288.2942
12.366259,0.5652088,2.5052536,-0.025492774,0.35336748,-165.12045,90.227356,2279.3723
12.24705,0.19842593,2.5189028,-0.14876083,0.3474173,-150.0264,153.45503,2279.664
12.082951,0.17405462,2.3289704,-0.03385372,0.38127542,-166.97635,238.12509,2333.0195
12.121775,0.37183127,2.4856875,-0.07020542,0.36323297,-136.5235,238.69252,2330.1987
12.233467,0.46632376,2.4956179,0.017922398,0.35069942,-137.60225,236.39143,2335.418
12.07758,0.35589322,2.4770179,-0.003689491,0.35971284,-142.7454,231.70865,2335.017
12.117575,0.33830908,2.490878,0.0037279471,0.3524194,-135.16205,256.85992,2336.828
12.988097,0.24757223,2.5197117,-0.14727543,0.3411527,-159.46533,186.0821,2313.772
