14.890057,0.47172996,0.22324295,-0.4386507,0.44072327,-73.94165,866.2633,2569.1196
14.703241,0.09153198,0.107944906,-0.5029239,0.44237158,-72.81708,870.1889,2525.3926
14.441348,-0.9952442,-0.15630955,-0.5929615,0.4413721,-57.002007,861.0982,2409.5796
14.044302,-1.5982316,0.08717554,-0.8791055,0.44004717,-29.41203,764.4373,2310.9917
13.744487,-2.4969301,-0.22707328,-0.6659249,0.4232881,-16.617222,635.0078,2221.8499
13.643724,-2.6714625,0.2628926,-0.67223614,0.41055003,-13.4538,510.73663,2185.0173
13.290864,-2.9556835,0.06206186,-0.6824263,0.39096126,-20.971817,354.1734,2084.264
12.907187,-2.8351097,-0.26417205,0.11273205,0.35624167,-41.890663,239.70882,2079.8992
12.863302,-2.8555968,-0.11428303,-0.10252426,0.3576159,-38.322197,233.33798,2085.3142
12.579148,-2.8597348,-0.51672673,0.13743621,0.38629687,-46.252705,397.94083,2104.2031
12.915906,-2.8809009,-0.29860738,-0.030332394,0.39077368,-51.00897,415.91562,2129.607
13.337756,-2.2001066,0.17540734,-0.14275606,0.4159739,-80.91383,654.3723,2272.0735
13.702229,-1.0561663,-0.08354527,-0.2915585,0.43560892,-91.421745,819.53094,2412.773
14.025224,0.0020884643,-0.0036361364,-0.13834907,0.43581048,-106.19307,860.58923,2502.8977
13.909089,0.45500448,0.23371881,-0.25312954,0.4373982,-104.11209,864.60913,2568.8982
