15.403716,0.12971666,-0.17619501,0.7588793,0.6133769,-224.18633,381.99725,2317.336
15.182435,0.116966456,-0.1588763,0.75569826,0.62449765,-231.08455,375.29694,2331.9006
14.436978,0.095006235,-0.12904759,0.7492159,0.6426477,-243.15448,370.49664,2342.3967
14.287054,0.08559163,-0.11625965,0.74605453,0.65004647,-236.236,378.18372,2338.7065
14.163433,0.07709521,-0.10471892,0.74300706,0.65652937,-234.26628,385.58658,2328.655
13.608488,0.06252168,-0.08492361,0.7373544,0.66722375,-238.5277,391.3325,2290.5967
13.577384,0.05629384,-0.07646431,0.734776,0.67163116,-236.81409,388.9467,2249.302
13.773305,0.045626927,-0.06197538,0.7301352,0.6789551,-232.27069,344.35486,2175.443
13.955838,0.041073672,-0.05579066,0.72806805,0.6819951,-228.70021,287.21347,2149.8577
13.852031,0.033280876,-0.04520565,0.72441095,0.6870791,-219.11314,177.64911,2135.1038
14.167857,0.029956456,-0.04069007,0.7228054,0.6892021,-224.91356,151.27463,2136.6243
13.699573,0.024269065,-0.032964833,0.7199947,0.6927712,-224.48132,152.82004,2128.916
13.735229,0.2262966,-0.22636339,0.7530955,0.5748013,-197.71251,322.81165,2099.7266
12.972753,0.18460964,-0.18466416,0.75141525,0.605965,-198.56775,316.94418,2155.4827
12.965775,0.16657709,-0.16662627,0.7496812,0.6184383,-199.90295,353.00186,2195.5305
13.388497,0.13543713,-0.13547714,0.7453114,0.63860303,-208.16603,385.873,2261.0823
13.416087,0.12205994,-0.122096,0.74291164,0.6467428,-212.29205,385.52286,2284.443
13.436579,0.09906659,-0.09909584,0.7380687,0.6600156,-218.54346,380.77206,2313.5745
