14.533144,-0.82491744,0.60338277,0.068281986,0.42540255,-144.97511,-230.20384,2189.0554
14.360885,-0.5280739,0.29052907,0.20937413,0.426519,-136.73424,-253.812,2207.4602
14.505088,-0.5760218,0.6890286,0.16604564,0.42393193,-125.72034,-287.41876,2210.6887
14.507213,-0.2746855,0.63334924,0.40258038,0.42025173,-137.8912,-265.40933,2255.8743
14.413648,-0.5390368,0.4814135,0.30906057,0.42274833,-133.1512,-284.1081,2245.496
14.219921,-0.51234215,0.5699864,0.7435382,0.40998033,-149.62292,-292.0882,2279.2874
14.347536,-0.7484982,0.5552059,0.5163977,0.41517946,-142.60913,-297.0448,2283.6184
14.162711,-0.8010312,0.6489032,0.2471161,0.42079684,-138.36496,-304.00186,2275.4297
14.154975,-0.68019766,0.9216936,0.66873175,0.40568915,-162.72163,-287.0938,2425.509
13.839517,-1.4141347,0.5637526,0.2425648,0.41527387,-104.11102,-330.05774,2316.269
13.461802,-0.021758575,0.7107964,0.4733059,0.41847172,-109.62001,-430.9475,2256.8943
13.49248,0.23979186,0.56775296,0.6813349,0.41432315,-88.34619,-415.5505,2249.8857
13.455354,0.3665974,-0.29319406,0.60817105,0.4169829,-180.29407,-308.4201,2298.0867
13.127329,0.21845686,-0.44235802,0.33325988,0.42377332,-105.15518,-249.80429,2268.5637
12.882687,0.23444015,0.4983052,0.020196838,0.43125892,-78.236305,-327.28943,2243.9312
13.274714,-0.5579197,0.94529957,0.404432,0.41433915,-150.33174,-275.05438,2259.53
13.539924,-0.3330341,0.67302346,0.4516335,0.4182827,-143.38884,-265.0885,2235.7747
14.212394,-0.24842308,0.7423798,0.48664072,0.4169419,-144.21721,-268.239,2268.3855
14.570909,-0.017127065,0.72759944,0.490028,0.41785714,-143.22975,-266.46814,2275.2993
14.384596,-0.18780851,0.584636,0.482735,0.4189302,-155.83327,-293.5191,2263.2612
14.289306,-0.13099277,0.47833428,0.51970327,0.4189708,-158.45311,-280.35132,2276.437
14.67515,-0.3196572,0.46748164,0.3793517,0.42210582,-158.56,-259.7622,2246.2234
14.754169,-0.5165158,0.59069955,0.48726615,0.4172092,-158.44073,-270.21222,2253.2979
14.718571,-0.5425229,0.6895489,0.28721637,0.4211849,-153.61655,-272.3739,2247.8403
