14.875136,-0.0071409172,0.9394923,0.060793407,0.3370569,20.908653,-159.52121,2258.243
14.448657,-0.0022233701,0.9337755,0.08077988,0.34861588,13.752373,-160.57867,2276.692
14.106627,-0.0020808433,0.9277691,0.09939582,0.35966736,12.681129,-161.98764,2290.3572
14.448396,0.008291416,0.919419,0.114319354,0.37620613,-4.365471,-176.0552,2313.3298
14.656366,0.028756889,0.90796447,0.13497837,0.3956696,3.8341331,-228.74577,2323.0806
14.6011305,0.0373445,0.8989145,0.17589206,0.3995249,5.400299,-293.14502,2348.3188
14.500826,0.044653878,0.9025255,0.14358322,0.40353152,16.200287,-337.04926,2332.3096
14.5059595,0.04562975,0.89864194,0.18052837,0.3972027,23.297504,-381.09613,2321.3616
14.381773,0.05127793,0.8898649,0.22316436,0.39459917,17.09103,-404.95895,2320.2603
14.558215,0.05861924,0.8759545,0.25391963,0.4059463,4.0434113,-415.72156,2331.368
14.920476,0.0066285934,0.9360328,0.27744228,0.2163896,9.173618,-423.35114,2325.132
14.767614,0.0059283623,0.9367873,0.28748617,0.19936419,10.545788,-376.54352,2328.5225
15.233613,0.008660885,0.95312876,0.23572557,0.18948352,15.291416,-315.75214,2313.7825
15.44073,0.008133498,0.9588511,0.20329507,0.19801386,14.111237,-279.90988,2304.6528
15.001479,0.0056040077,0.96639854,0.17828919,0.18508215,8.240555,-256.38123,2298.1611
14.977463,0.0031218992,0.9709453,0.15662357,0.18089956,17.56926,-236.97989,2284.3193
14.453638,-0.0020127462,0.9751321,0.13102405,0.17873408,14.023083,-225.81297,2272.7354
