12.845627,-0.02896123,0.8654613,-0.02660187,-0.49943012,-147.18019,-214.23079,2217.4812
13.044756,-0.037333656,0.8525022,-0.017601194,-0.5210914,-146.25633,-218.60345,2240.601
13.130983,-0.042836502,0.845483,-0.009101939,-0.5322037,-147.94554,-227.14941,2244.5183
13.058374,-0.071655124,0.83652127,0.016515357,-0.5429777,-173.13994,-241.73566,2286.3657
13.563917,-0.08512986,0.83365226,0.02813224,-0.54496366,-174.59483,-249.74384,2298.313
13.123355,-0.09355169,0.82899815,0.051798116,-0.5489326,-152.9028,-314.94952,2300.2927
13.985617,-0.10876652,0.7783512,0.06843397,-0.6145373,-138.76353,-376.08643,2305.2227
14.145091,-0.12283107,0.7485933,0.097385935,-0.6442333,-125.225525,-413.65454,2303.7412
13.780464,-0.13793501,0.7495539,0.10832561,-0.6382855,-123.15926,-434.1023,2292.8208
13.92315,-0.078425154,0.771491,0.06087737,-0.6284465,-122.41556,-421.67517,2248.3596
14.2598505,-0.07702147,0.789361,0.018492516,-0.608798,-139.50313,-379.27155,2222.8818
14.198514,-0.08046128,0.78508127,0.01992713,-0.6138209,-139.42421,-344.93756,2227.6096
14.457247,-0.079883486,0.7961677,0.023157362,-0.59933245,-135.99664,-341.76776,2229.3176
14.054773,-0.067091346,0.7762132,0.0046685366,-0.62687314,-156.5661,-309.35327,2215.3147
13.681713,-0.06374124,0.7681144,-0.01036721,-0.63704765,-157.52,-290.55304,2212.3293
