14.26727,-1.495477,-0.35293648,0.09985862,0.42428392,-186.24345,-304.17154,2469.832
14.502793,-1.2086716,-0.14090036,0.15497862,0.4252878,-203.56068,-284.74133,2487.305
14.101201,-1.2419124,-0.14319976,0.19861738,0.42399105,-206.19981,-292.0586,2480.7712
14.181522,-0.95241225,-0.21717586,0.35476503,0.42232063,-224.63141,-304.84525,2529.0315
14.32921,-0.9125017,-0.41558674,0.34919152,0.42244208,-220.11266,-269.5037,2557.0283
14.608231,-2.8675022,0.22314285,-0.12855665,0.3635706,-245.72414,-239.61288,2578.2751
15.132882,-2.7498887,0.5677362,-0.12120502,0.37029585,-266.79065,-276.85132,2611.4116
15.572891,-2.5123367,0.49296758,-0.0188709,0.32172233,-90.75217,190.6776,2145.6338
15.777139,-2.7765594,0.5407074,-0.17391849,0.3657467,-73.16522,262.82864,2114.1855
15.946525,-0.3657093,-0.08476246,-0.49854484,0.29254317,-10.22345,-106.14577,2429.6057
16.130428,-0.51241946,-0.1611219,-1.7846193,0.34724355,-7.2973175,-101.86969,2419.7324
16.284931,-0.18069604,0.09964506,0.97847754,0.001165205,-10.603363,-77.66864,2434.2483
15.828752,-0.15529293,0.071159355,0.9852164,-0.0130071975,-26.114235,-104.543976,2428.1729
15.29082,0.10788965,-0.006279401,-0.17802417,0.2572294,-37.42578,-132.5328,2459.0525
15.039714,0.10240908,0.0017023974,-0.17214032,0.26164794,-55.09723,-168.22787,2471.3367
15.259549,-0.4943067,0.044568233,0.83985347,0.21981958,-192.71494,-283.78223,2457.159
15.462682,0.7765744,-0.11588727,-0.5421412,-0.2993078,-193.97095,-298.46478,2457.4238
15.70684,-1.4286085,1.6210767,0.7289744,0.33802992,-196.91208,-288.6205,2470.0022
15.924273,-0.6255113,1.3547719,0.38885954,0.40491897,-199.88252,-297.631,2468.0083
