13.217923,0.0,0.0,0.0,0.43301272,-91.8402,68.86908,2395.782
13.222228,0.0,0.0,0.0,0.43301272,-93.059875,73.82938,2401.239
13.334713,0.0,0.0,0.0,0.43301272,-86.38405,75.08295,2394.809
13.038342,0.0,0.0,0.0,0.43301272,-78.44591,77.579346,2382.6895
13.272196,0.0,0.0,0.0,0.43301272,-64.70823,78.42984,2337.7136
13.6581135,0.0,0.0,0.0,0.43301272,-59.529404,74.93497,2308.3936
13.468879,0.0,0.0,0.0,0.43301272,-57.639194,37.731842,2208.0933
13.472796,0.0,0.0,0.0,0.43301272,-54.42513,-20.411499,2180.8713
14.06635,0.0,0.0,0.0,0.43301272,-47.65108,-100.29611,2135.913
14.7094145,0.0,0.0,0.0,0.43301272,-46.862938,-148.14313,2123.0986
15.077849,0.0,0.0,0.0,0.43301272,-49.28057,-166.55975,2123.1204
15.502731,0.0,0.0,0.0,0.43301272,-55.01298,-155.38983,2129.737
15.162625,0.0,0.0,0.0,0.43301272,-54.198986,-80.61978,2174.928
14.915194,0.0,0.0,0.0,0.43301272,-57.299812,-14.407196,2206.8875
15.340441,0.0,0.0,0.0,0.43301272,-71.29868,47.934326,2264.5679
15.210783,0.0,0.0,0.0,0.43301272,-94.41472,76.315186,2320.7031
15.623312,0.0,0.0,0.0,0.43301272,-102.26448,75.599304,2356.7622
