14.781544,3.8043124E-4,-0.0028824904,-3.4631472,0.4328941,-116.24002,709.5541,2364.6458
14.024072,2.4357221E-4,-0.0018455217,-3.4634929,0.43293682,-111.80567,713.37915,2356.4695
13.911334,1.9488501E-4,-0.0014766242,-3.4636147,0.43295196,-109.76178,718.78955,2350.9358
13.984646,1.5592553E-4,-0.0011814317,-3.4637122,0.43296412,-116.34073,722.12396,2330.8438
13.615678,1.2475165E-4,-9.452302E-4,-3.4637907,0.43297383,-113.13932,727.6782,2302.9626
13.396883,9.9808516E-5,-7.562384E-4,-3.4638526,0.4329816,-110.04812,724.562,2260.0146
13.3283615,7.985137E-5,-6.0502556E-4,-3.463903,0.4329878,-108.55106,713.7416,2222.1821
12.878991,6.388401E-5,-4.8404263E-4,-3.4639423,0.4329928,-101.30048,669.17883,2179.5366
12.993503,0.15140945,0.24057834,-3.3477798,0.42314175,-85.15639,547.2256,2132.6125
12.807367,0.12352097,0.19626558,-3.3785324,0.42532295,-79.8026,500.08926,2123.1016
12.565495,0.10031368,0.15939091,-3.400491,0.42699417,-77.9725,469.7256,2120.0728
12.621327,0.08119039,0.12900542,-3.416339,0.42828354,-78.35739,456.19934,2122.6326
12.4282875,0.052808262,0.08390835,-3.4364371,0.4300653,-67.39017,467.75845,2128.2668
12.425491,0.04248273,0.06750185,-3.4428008,0.4306774,-67.35376,501.57788,2142.3594
12.977666,0.027404223,0.043543234,-3.451237,0.43153894,-69.93992,580.079,2181.9153
13.422625,0.017625833,0.028006114,-3.4561834,0.4320781,-86.84582,645.6472,2230.0647
14.107041,0.011315899,0.017980108,-3.459164,0.43241802,-103.68619,693.4461,2287.524
14.565308,0.007256578,0.011530152,-3.4609947,0.4326336,-127.666405,715.4288,2332.012
14.523125,0.0046500866,0.007388633,-3.4621348,0.4327707,-118.41132,700.3702,2359.5525
14.370382,0.0037217368,0.0059135566,-3.4625347,0.43281922,-116.59121,696.4459,2367.928
