14.236664,0.0,0.0,0.0,0.43301272,-133.11574,-625.67004,2214.2468
14.165773,0.0,0.0,0.0,0.43301272,-137.80363,-626.7197,2216.6726
13.753664,0.0,0.0,0.0,0.43301272,-131.80803,-625.13214,2225.4292
13.509285,0.0,0.0,0.0,0.43301272,-130.8351,-623.26917,2232.4622
14.05254,0.0,0.0,0.0,0.43301272,-131.61029,-623.80927,2225.5813
14.211232,0.0,0.0,0.0,0.43301272,-133.62337,-642.70764,2231.4111
14.880904,0.0,0.0,0.0,0.43301272,-129.80632,-653.31995,2231.743
15.319602,0.0,0.0,0.0,0.43301272,-135.71324,-661.8955,2239.3997
15.399336,0.0,0.0,0.0,0.43301272,-139.13489,-675.7779,2226.6614
15.202898,0.0,0.0,0.0,0.43301272,-130.03523,-647.3735,2202.047
15.22011,0.0,0.0,0.0,0.43301272,-128.3207,-643.8771,2199.4744
14.958607,0.0,0.0,0.0,0.43301272,-125.23924,-641.54865,2189.9468
15.278018,0.0,0.0,0.0,0.43301272,-124.919815,-627.54114,2189.8904
15.5370455,0.0,0.0,0.0,0.43301272,-127.84177,-622.566,2187.3127
15.92257,0.0,0.0,0.0,0.43301272,-131.04092,-625.02,2197.5852
15.7959585,0.0,0.0,0.0,0.43301272,-132.6837,-622.083,2199.2832
