14.8991,0.0,0.0,0.0,0.43301272,-10.5019045,-742.8435,2289.8245
15.045452,0.0,0.0,0.0,0.43301272,-20.892893,-716.16614,2291.4648
15.397782,0.0,0.0,0.0,0.43301272,3.518011,-657.77924,2254.447
14.964193,0.0,0.0,0.0,0.43301272,14.082734,-653.137,2272.3997
15.264312,0.0,0.0,0.0,0.43301272,15.412336,-645.03784,2264.4258
15.398421,0.0,0.0,0.0,0.43301272,16.639114,-651.6561,2261.5886
15.522845,0.0,0.0,0.0,0.43301272,15.539982,-654.79834,2251.55
15.679221,0.0,0.0,0.0,0.43301272,14.0497,-651.8481,2252.8281
15.816319,0.0,0.0,0.0,0.43301272,10.118622,-659.95276,2265.4495
15.873768,0.0,0.0,0.0,0.43301272,28.241108,-683.98224,2233.3965
15.09036,0.0,0.0,0.0,0.43301272,59.940437,-615.83875,2256.042
15.185701,0.0,0.0,0.0,0.43301272,84.389305,-794.2993,2346.8787
15.105814,0.0,0.0,0.0,0.43301272,21.148708,-699.3139,2293.452
14.51041,0.0,0.0,0.0,0.43301272,19.610325,-695.8357,2281.282
14.807503,0.0,0.0,0.0,0.43301272,16.721651,-675.17035,2263.9756
14.515482,0.0,0.0,0.0,0.43301272,17.36712,-668.1443,2257.9197
14.105076,0.0,0.0,0.0,0.43301272,16.916313,-668.0781,2254.4075
13.786308,0.0,0.0,0.0,0.43301272,18.588037,-669.57935,2257.263
13.514133,0.0,0.0,0.0,0.43301272,19.461895,-676.16705,2257.8652
