13.725074,0.0,0.0,0.0,0.43301272,-62.86003,-786.9603,2388.2683
13.696004,0.0,0.0,0.0,0.43301272,-72.664276,-737.59375,2278.5334
13.577026,0.0,0.0,0.0,0.43301272,-83.91016,-749.7068,2275.0825
13.930563,0.0,0.0,0.0,0.43301272,-87.97356,-842.93616,2274.3271
13.880316,0.0,0.0,0.0,0.43301272,-61.09108,-705.8915,2271.8374
13.565408,0.0,0.0,0.0,0.43301272,-66.65709,-765.1063,2365.2886
13.64564,0.0,0.0,0.0,0.43301272,-64.56036,-767.897,2387.117
13.330677,0.0,0.0,0.0,0.43301272,-67.307724,-787.1177,2387.205
13.315573,0.0,0.0,0.0,0.43301272,-60.42614,-763.9038,2418.561
13.395119,0.0,0.0,0.0,0.43301272,-73.604195,-811.77856,2417.315
13.420998,0.0,0.0,0.0,0.43301272,-68.208595,-795.3269,2440.6086
14.169568,0.0,0.0,0.0,0.43301272,-58.052322,-704.19,2244.8193
14.354311,0.0,0.0,0.0,0.43301272,-18.09877,-816.0819,2617.5469
14.911956,0.0,0.0,0.0,0.43301272,-78.900406,-779.2167,2639.2566
14.868112,0.0,0.0,0.0,0.43301272,-72.27052,-785.99634,2451.9897
15.217323,0.0,0.0,0.0,0.43301272,-67.513306,-748.6359,2470.0718
15.38046,0.0,0.0,0.0,0.43301272,-87.85559,-724.1682,2194.0557
14.825188,0.0,0.0,0.0,0.43301272,-75.22915,-724.60583,2245.1423
14.466,0.0,0.0,0.0,0.43301272,-124.41664,-772.40283,2347.9622
14.4703865,0.0,0.0,0.0,0.43301272,-102.44237,-765.85706,2345.7268
14.785161,0.0,0.0,0.0,0.43301272,-106.40468,-766.8049,2324.6978
14.994407,0.0,0.0,0.0,0.43301272,-103.91427,-736.04346,2326.194
