13.856546,0.0,0.0,0.0,0.43301272,-281.10693,-647.38525,2193.0535
14.418752,0.0,0.0,0.0,0.43301272,-279.81863,-647.086,2202.7517
14.199072,0.0,0.0,0.0,0.43301272,-281.68472,-644.0375,2203.446
14.151256,0.0,0.0,0.0,0.43301272,-301.81253,-646.5565,2211.7722
14.291723,0.0,0.0,0.0,0.43301272,-285.64218,-654.29785,2216.4333
14.797156,0.0,0.0,0.0,0.43301272,-277.90894,-655.0042,2220.5654
14.888363,0.0,0.0,0.0,0.43301272,-291.18243,-667.4903,2224.724
15.359501,0.0,0.0,0.0,0.43301272,-294.0241,-673.948,2218.4558
15.694413,0.0,0.0,0.0,0.43301272,-286.5974,-677.233,2222.1714
15.715951,0.0,0.0,0.0,0.43301272,-272.4893,-659.3544,2218.8367
16.07994,0.0,0.0,0.0,0.43301272,-278.13763,-662.2179,2200.437
16.381483,0.0,0.0,0.0,0.43301272,-299.84485,-660.10956,2184.2234
16.140251,0.0,0.0,0.0,0.43301272,-290.74207,-647.92505,2180.5864
15.343504,0.0,0.0,0.0,0.43301272,-280.0534,-631.8734,2173.9597
15.709292,0.0,0.0,0.0,0.43301272,-275.03403,-634.9866,2182.358
15.90668,0.0,0.0,0.0,0.43301272,-282.52582,-637.8744,2188.17
15.20929,0.0,0.0,0.0,0.43301272,-286.8957,-645.561,2183.9268
14.580279,0.0,0.0,0.0,0.43301272,-284.8819,-644.5919,2193.4143
14.662836,0.0,0.0,0.0,0.43301272,-287.86395,-650.02893,2197.8108
