10.741889,0.054027796,0.08210761,-0.050868843,0.43402523,-165.8688,220.60562,2236.7507
10.658998,0.04320578,0.06566107,-0.040679574,0.43382996,-170.59203,218.70752,2255.5046
10.612129,0.034553505,0.052511957,-0.03253319,0.43367112,-171.75761,221.0239,2278.7937
10.501624,0.027635386,0.04199829,-0.026019568,0.43354237,-172.25746,202.59387,2299.3945
10.610453,0.02210341,0.03359118,-0.020811042,0.43343836,-161.13335,182.18231,2331.832
10.947148,0.01767951,0.026868057,-0.016645804,0.43335444,-155.2459,154.88666,2353.2324
10.947766,0.01414151,0.021491256,-0.013314667,0.43328682,-149.25775,130.93959,2363.213
10.949432,0.011311844,0.017190935,-0.010650451,0.4332325,-165.05028,105.61832,2387.349
11.259457,0.009048593,0.013751407,-0.00851953,0.43318886,-166.92422,86.144806,2394.2554
11.217752,-0.17339467,-0.074702576,-0.5759832,0.44355917,-152.00781,77.60512,2406.8435
11.564421,0.3664693,-0.15149081,-0.7937612,0.4463601,-142.84102,70.93918,2410.297
11.994391,0.6638614,-0.14951408,-0.83963895,0.44605485,-138.46082,70.07901,2408.6565
12.469196,0.78388596,-0.108310476,-0.9343679,0.44700006,-137.45647,79.319016,2400.6682
12.754224,0.8708122,-0.050568942,-1.1113029,0.44908813,-136.56883,96.81267,2387.7205
12.544796,1.0325398,2.4685323,-0.46995705,0.3847047,-130.98286,126.98993,2370.8538
12.481074,1.1123295,2.3455954,-0.5815869,0.39953816,-127.92606,148.91122,2351.8606
12.921737,0.84239936,2.3980803,-0.5495392,0.39587694,-159.8899,190.86633,2288.733
12.925325,0.6806606,2.4544442,-0.568932,0.3910238,-151.53104,211.11293,2270.0188
13.309835,0.73585886,2.5350945,-0.66469413,0.3822626,-139.03625,228.39761,2258.5386
14.113095,0.6879572,2.5309498,-0.7006385,0.3840216,-134.77776,227.07889,2241.3525
