14.619551,-0.014816933,0.83655053,-0.04846588,-0.5455405,-181.46616,251.04271,2184.858
14.574786,-0.025503024,0.8332302,-0.05003965,-0.5500665,-182.4822,251.3828,2207.093
14.570816,-0.025560867,0.83009243,-0.045950335,-0.5551409,-184.52052,252.36292,2222.8022
14.342912,-0.02557889,0.82060575,-0.040995523,-0.5694481,-186.30147,256.3825,2254.1365
14.307296,-0.020233704,0.8150257,-0.03815416,-0.5778129,-184.9907,252.96036,2273.3806
13.76667,-0.031141507,0.8150073,-0.0075970595,-0.57856333,-174.43875,163.13907,2315.7012
13.791733,-0.04762122,0.8098198,0.011062583,-0.58463794,-175.57632,125.47038,2335.2742
12.979012,-0.08396318,0.8634954,0.009297684,-0.49723178,-212.07025,69.482834,2327.4304
13.59135,-0.11954338,0.89616066,-0.020569872,-0.42682812,-257.6245,79.4886,2314.3704
13.854761,-0.12703533,0.8906112,-0.046879288,-0.4341382,-260.00363,105.650375,2311.3645
13.397325,-0.08177378,0.8756841,-0.018665439,-0.47554395,-186.08081,161.04256,2285.2102
13.329728,-0.046949696,0.87175125,0.0024720766,-0.48768783,-158.06815,196.74507,2262.8457
13.369814,-0.017449172,0.8711908,0.007924836,-0.4905704,-149.1275,226.46744,2229.521
12.989338,-7.3498924E-4,0.8658918,-0.021695236,-0.49976,-160.41898,255.64919,2193.2659
13.03241,-0.0064653484,0.86321217,-0.03867043,-0.50331616,-156.19112,255.44412,2183.0776
