14.8991,-0.04924337,0.3160344,0.11831758,0.42980853,-85.44311,447.291,2250.833
15.045452,-0.0032298015,0.3413597,0.12470338,0.4296159,-85.74972,445.72153,2248.8757
15.397782,-0.041086506,0.18424512,0.14700313,0.42961046,-83.66645,447.32944,2253.757
14.964193,-0.11207598,-0.080075935,0.12357159,0.43031725,-79.16244,479.6072,2243.5598
15.264312,-0.24213965,0.022156334,0.08563499,0.4309958,-71.139854,476.74936,2239.9824
15.398421,-0.54005414,-0.07221914,0.04391384,0.43128228,-57.05502,455.05353,2248.2822
15.522845,-0.849784,-0.15946208,0.025712978,0.43049353,-52.79255,427.22702,2266.677
15.679221,-0.91138333,-0.13163763,0.017496023,0.4303253,-50.850185,418.66205,2268.2766
15.816319,-1.0385512,-0.07240128,-0.06397396,0.43118623,-45.01033,405.5871,2264.4639
15.873768,-1.659224,-0.6738136,0.031256527,0.42359757,-48.164955,377.43768,2307.648
15.09036,-1.2873864,-0.3201421,-0.48649016,0.43782803,-75.37049,307.53055,2322.5073
15.185701,-1.8442053,0.3733839,-0.60181135,0.429749,-50.26424,257.78445,2351.594
15.105814,-1.524239,0.2039933,-0.35213172,0.4312564,-46.664,273.27646,2294.3655
14.51041,-1.3726914,0.63039213,-0.21574613,0.4257272,-62.841335,344.39365,2267.899
14.807503,-1.1937913,0.32584852,-0.0880445,0.4283723,-58.654953,360.71564,2262.2258
14.515482,-0.96872336,0.33465645,0.064576685,0.4268829,-62.2017,380.12543,2261.5842
14.105076,-0.66812813,0.20330289,0.11954579,0.42836037,-65.055534,412.10828,2255.8577
13.786308,-0.3761425,0.018477624,0.16286355,0.42902994,-64.056175,432.07693,2254.9307
13.514133,-0.14423257,0.0576913,0.1075173,0.43060955,-67.17511,436.9727,2248.8105
