9.705134,0.6173125,1.0390801,-3.2038875,0.4283162,698.1488,296.5197,2489.5283
9.691971,0.5978033,1.0623294,-3.1926188,0.42736176,698.4544,298.37762,2490.5176
9.709778,0.46536532,0.9255462,-3.277703,0.43005073,694.4178,310.81784,2463.3545
9.657452,0.4881531,0.9340253,-3.2698214,0.42973787,695.91956,307.08167,2472.3606
9.606027,0.6281548,1.2492707,-3.054925,0.4200244,707.2653,300.51175,2507.1248
9.627448,0.51997036,1.1273882,-3.1559596,0.42392606,701.995,310.9932,2481.2375
9.655969,0.4906689,1.0540091,-3.2071505,0.42651328,699.8358,304.25488,2478.3416
9.68299,0.42187607,1.0239089,-3.240214,0.42839426,697.38666,301.59216,2473.3594
9.6920395,0.30529875,0.9601791,-3.2860937,0.43040106,695.22144,298.78284,2461.6687
9.6897335,0.22935468,0.9538056,-3.2980323,0.43130586,694.2551,305.02396,2456.2278
9.705269,0.15535101,0.8945607,-3.3273883,0.43271562,691.42725,287.15625,2435.2378
9.682595,0.01393148,0.8298843,-3.354024,0.43406752,692.6721,277.13354,2429.0
9.617937,0.0758754,0.9588128,-3.296695,0.43042877,693.85657,265.0379,2426.8289
9.473461,0.043706845,0.8718367,-3.3379183,0.4332137,694.254,303.42065,2449.529
9.503215,0.08147271,0.92759925,-3.3127143,0.43157133,694.1398,289.71332,2443.394
8.842441,0.33672503,0.9945632,-3.268713,0.42989632,695.75275,289.7508,2462.6025
9.037627,0.50611055,1.0002066,-3.2407856,0.42900318,700.8905,298.0225,2475.2449
9.118429,0.5351978,1.0187438,-3.2211158,0.42771524,704.2963,302.15884,2477.9192
9.250327,0.40713453,0.9896229,-3.2561722,0.42877,699.4225,312.06177,2464.598
9.549974,0.43403417,0.95541775,-3.2741706,0.43037096,703.6441,305.19476,2468.4565
9.880394,0.4053551,1.0780783,-3.2107272,0.42659098,706.07446,299.24606,2470.19
9.705463,0.40513787,1.0656533,-3.21287,0.42626855,707.60785,304.71948,2474.5247
9.737769,0.48263118,1.1205767,-3.169641,0.42457688,707.1138,305.76053,2476.3062
9.752638,0.41735634,1.1254826,-3.175352,0.4243773,709.7398,309.3361,2477.4653
