14.768837,-0.34038576,0.4489243,-0.1370131,0.43377772,793.72235,-368.15015,2560.6316
15.168879,-0.34446007,0.51099056,-0.14184183,0.43343136,793.97314,-372.74744,2559.7205
15.444348,-0.33918375,0.70858485,-0.159568,0.4321029,794.03046,-370.57526,2553.1304
14.818179,-0.24863316,0.50200665,-0.1259915,0.43349975,790.63837,-376.66995,2558.1873
14.443296,-0.28477684,0.49309084,-0.1268841,0.4334653,792.704,-371.1419,2559.1414
13.957689,-0.27818897,0.5577782,-0.13353573,0.43314886,792.3643,-369.96033,2559.5205
14.108937,-0.2692142,0.4849923,-0.1370671,0.43377396,791.9119,-368.14246,2557.4363
13.974781,-0.19520842,0.52495456,-0.20862727,0.43512696,802.9148,-346.55493,2565.8003
13.7189865,-0.17227836,0.5292628,-0.20071727,0.43500537,803.79913,-351.63788,2575.3281
13.968129,-0.15503663,0.8406262,-0.18512826,0.43195695,813.6179,-333.2868,2577.5854
13.81673,-0.15148757,0.7830184,-0.18529168,0.43259117,803.37555,-347.12134,2572.833
13.6779175,-0.13703695,0.64724195,-0.17366815,0.43367144,798.1694,-355.91663,2568.011
13.388572,-0.19298871,0.527398,-0.15869717,0.43413803,797.64435,-352.13043,2566.9224
12.89815,-0.23772255,0.38224933,-0.13599011,0.4344593,792.9528,-361.1972,2563.3508
12.949665,-0.2204678,0.39600465,-0.13772847,0.43446404,794.9647,-365.3554,2571.8381
12.567216,-0.29722044,0.03614076,-0.1260641,0.43526882,791.97394,-352.2633,2550.7422
12.486852,-0.31070822,0.13055688,-0.13613579,0.4352622,791.8263,-358.28094,2550.8657
