9.154563,0.0,0.0,0.0,0.43301272,719.25903,13.121033,2345.0017
9.21035,0.0,0.0,0.0,0.43301272,721.3873,9.777039,2351.4944
9.23464,0.0,0.0,0.0,0.43301272,720.0415,10.034241,2346.6265
9.328041,0.0,0.0,0.0,0.43301272,720.6861,10.47995,2341.4617
9.424832,0.0,0.0,0.0,0.43301272,717.2595,17.543152,2342.0066
9.443033,0.0,0.0,0.0,0.43301272,720.4119,9.584564,2339.392
9.431257,0.0,0.0,0.0,0.43301272,720.28564,11.154602,2339.469
9.48145,0.0,0.0,0.0,0.43301272,715.2561,11.430908,2338.1616
9.486557,0.0,0.0,0.0,0.43301272,714.0864,13.545776,2341.3328
9.542831,0.0,0.0,0.0,0.43301272,715.38025,25.500488,2343.6978
9.542059,0.0,0.0,0.0,0.43301272,720.29364,50.12175,2369.662
9.5458975,0.0,0.0,0.0,0.43301272,721.9154,16.930603,2374.6594
9.571627,0.0,0.0,0.0,0.43301272,722.0021,29.629883,2375.126
9.653551,0.0,0.0,0.0,0.43301272,728.76874,-94.69998,2327.0393
9.6937685,0.0,0.0,0.0,0.43301272,718.5988,-13.152863,2362.801
9.651586,0.0,0.0,0.0,0.43301272,719.5959,-11.794647,2365.4739
9.701542,0.0,0.0,0.0,0.43301272,719.84216,-13.333527,2367.1003
9.711514,0.0,0.0,0.0,0.43301272,719.4093,-9.192474,2366.5046
9.783566,0.0,0.0,0.0,0.43301272,718.627,-21.482239,2363.2124
9.820444,0.0,0.0,0.0,0.43301272,718.32587,-10.922485,2361.5315
10.0244055,0.0,0.0,0.0,0.43301272,718.9712,3.2651672,2364.8774
10.123293,0.0,0.0,0.0,0.43301272,717.25494,19.042236,2359.089
10.0576515,0.0,0.0,0.0,0.43301272,719.2649,26.310455,2357.4343
10.03455,0.0,0.0,0.0,0.43301272,718.99536,27.446442,2366.4915
10.063297,0.0,0.0,0.0,0.43301272,715.91614,28.997772,2355.8828
