14.651784,0.0,0.0,0.0,0.43301272,782.76715,-796.68243,2616.128
14.817296,0.0,0.0,0.0,0.43301272,777.1604,-835.22876,2616.8115
14.662316,0.0,0.0,0.0,0.43301272,776.94336,-825.57587,2618.051
14.995395,0.0,0.0,0.0,0.43301272,776.7465,-833.71826,2617.5889
14.803738,0.0,0.0,0.0,0.43301272,779.7085,-825.29663,2619.9004
14.336578,0.0,0.0,0.0,0.43301272,779.17053,-840.1372,2612.6719
13.854964,0.0,0.0,0.0,0.43301272,777.7685,-831.5432,2603.291
13.982844,0.0,0.0,0.0,0.43301272,780.271,-822.68396,2612.494
14.522352,0.0,0.0,0.0,0.43301272,784.30853,-822.5855,2618.2378
14.906396,0.0,0.0,0.0,0.43301272,779.729,-815.4204,2607.2366
15.167396,0.0,0.0,0.0,0.43301272,780.8548,-816.9949,2607.954
15.356113,0.0,0.0,0.0,0.43301272,781.8419,-822.7604,2609.843
15.353434,0.0,0.0,0.0,0.43301272,785.22424,-806.6029,2615.431
14.579232,0.0,0.0,0.0,0.43301272,780.54425,-820.45953,2607.8423
14.504403,0.0,0.0,0.0,0.43301272,780.44696,-830.17004,2609.2356
14.094961,0.0,0.0,0.0,0.43301272,793.1517,-788.6433,2591.932
14.554061,0.0,0.0,0.0,0.43301272,787.20337,-794.5275,2596.4985
14.9104395,0.0,0.0,0.0,0.43301272,783.43097,-819.0747,2593.3188
15.077886,0.0,0.0,0.0,0.43301272,783.00006,-824.19495,2597.1943
15.048005,0.0,0.0,0.0,0.43301272,784.1255,-819.50903,2605.6548
15.139242,0.0,0.0,0.0,0.43301272,779.6,-810.5613,2615.882
14.737036,0.0,0.0,0.0,0.43301272,779.6009,-812.1353,2613.8667
14.015099,0.0,0.0,0.0,0.43301272,780.7275,-817.4873,2610.1292
14.211863,0.0,0.0,0.0,0.43301272,778.5205,-817.6183,2615.0693
14.26883,0.0,0.0,0.0,0.43301272,782.8504,-815.33185,2626.3005
14.245209,0.0,0.0,0.0,0.43301272,782.2682,-819.9501,2625.465
14.291182,0.0,0.0,0.0,0.43301272,783.0613,-829.34656,2627.985
