10.172825,0.0,0.0,0.0,0.43301272,484.84763,-732.48096,2400.0786
10.129226,0.0,0.0,0.0,0.43301272,485.1853,-732.4794,2406.794
10.067166,0.0,0.0,0.0,0.43301272,491.11804,-745.2659,2393.7397
10.189894,0.0,0.0,0.0,0.43301272,488.29697,-740.2493,2398.3865
10.429513,0.0,0.0,0.0,0.43301272,488.1833,-737.1103,2399.5059
10.57546,0.0,0.0,0.0,0.43301272,485.3793,-751.351,2407.1726
10.561692,0.0,0.0,0.0,0.43301272,486.47253,-742.60504,2389.9072
10.530017,0.0,0.0,0.0,0.43301272,490.35184,-764.3816,2497.6729
10.680731,0.0,0.0,0.0,0.43301272,491.11807,-747.5608,2442.3096
10.893388,0.0,0.0,0.0,0.43301272,493.05576,-738.0271,2480.9346
10.868734,0.0,0.0,0.0,0.43301272,490.51077,-746.5906,2435.5166
10.859498,0.0,0.0,0.0,0.43301272,492.27863,-731.45703,2412.1506
10.8297,0.0,0.0,0.0,0.43301272,490.60556,-726.338,2411.7844
10.686611,0.0,0.0,0.0,0.43301272,491.82846,-742.0582,2414.7834
10.6424465,0.0,0.0,0.0,0.43301272,482.35483,-730.3009,2391.7222
10.555543,0.0,0.0,0.0,0.43301272,486.20602,-731.8835,2397.5972
10.474933,0.0,0.0,0.0,0.43301272,483.08994,-733.8264,2365.8286
