9.154563,0.4851229,0.8937482,0.053005736,0.4274304,444.18137,160.25813,2466.6216
9.21035,0.47018826,0.93127346,0.0333239,0.4274731,444.621,156.78355,2464.9487
9.23464,0.44701344,1.0083016,0.045694787,0.4263043,444.77438,154.03868,2465.44
9.328041,0.46151313,0.953246,0.04150635,0.42704803,444.97318,162.7977,2464.4324
9.424832,0.6399375,1.0686005,0.10686165,0.42408073,442.2344,160.03214,2479.3567
9.443033,0.6065804,1.0141059,0.085061066,0.4252932,444.23764,164.50255,2473.4531
9.431257,0.538454,0.9227486,0.019446231,0.4278447,445.44733,156.19695,2460.2412
9.48145,0.6177125,1.0165122,0.032584485,0.42644373,448.46576,155.76627,2468.9204
9.486557,0.6078489,0.9201388,0.030243373,0.42757344,446.9485,157.47061,2466.4143
9.542831,0.63602513,0.9493133,0.029065665,0.42726,444.5502,154.1201,2468.3062
9.542059,0.5527087,1.1200527,0.06669863,0.42437014,437.0601,154.6485,2475.6116
9.5458975,0.45202857,1.1973844,0.13357022,0.4216032,425.72797,159.96289,2478.1387
9.571627,0.42072904,1.2010969,0.069388025,0.42303887,433.1252,159.76828,2476.369
9.653551,0.35643128,1.2028928,0.04119973,0.42358074,435.834,150.2157,2480.0872
9.6937685,0.35974714,1.23072,0.09867708,0.42177877,424.71744,142.44193,2486.363
9.651586,0.34403855,1.218118,0.10570788,0.42179546,425.63464,142.1391,2481.643
9.701542,0.44403765,1.1562887,-0.017299544,0.42572215,451.02313,136.98521,2465.341
9.711514,0.38088715,1.1429622,-0.0068615084,0.4256251,443.94632,137.83795,2472.4766
9.783566,0.38236716,1.1134615,0.011158152,0.42564887,438.24985,137.4567,2474.9106
9.820444,0.44130677,1.1108453,0.03456228,0.42520714,435.76227,135.14473,2475.4988
10.0244055,0.38054004,1.071723,0.04936651,0.42536357,432.29425,135.14609,2473.9556
10.123293,0.49083394,1.019591,0.13114627,0.4242073,427.434,139.67088,2470.5747
10.0576515,0.52030647,1.0708827,0.030472936,0.42586207,445.5682,151.2901,2473.309
10.03455,0.49893627,1.0445889,-0.013578178,0.42717808,451.93942,157.35254,2474.1785
10.063297,0.4800419,1.0176458,0.041342545,0.42629257,443.20505,151.47356,2471.9165
