15.384577,-0.0751401,0.82891554,0.2249524,0.50659525,156.3277,592.7604,2603.9006
14.463711,-0.23232271,0.8377028,0.13930197,0.47420588,25.887207,680.8511,2540.906
14.356322,-0.23882626,0.82170755,0.123629846,0.50245744,25.939087,662.7296,2517.0894
13.758624,-0.23713017,0.6772193,0.09783183,0.6896138,11.57132,655.67615,2442.0298
14.155109,-0.51728195,2.3526556,-0.024271416,0.33740005,-2.8201504,678.0282,2383.7136
14.36908,-0.41559207,1.1603694,-0.06880049,0.423456,-11.236389,665.8984,2343.6426
14.732589,-0.30402204,1.0986105,-0.38599452,0.4317416,-11.615948,653.8915,2291.2803
15.048301,-0.26002446,1.4147778,-0.5937863,0.43001464,0.90311813,676.8121,2239.3723
14.959919,-0.020056685,-0.35523605,-0.65279865,0.44418514,63.897373,686.34924,2162.0923
14.621993,-1.3163364,-1.0073593,-1.2861185,0.44601244,132.23361,670.8733,2089.2893
14.457103,-1.2720436,-1.2846161,-1.1020787,0.44098976,140.19128,671.8922,2086.2688
13.885116,-0.5027382,-2.3029442,-1.0089246,0.41042972,207.02667,677.6092,2038.8156
13.563901,-0.49396726,-2.582458,-0.77353936,0.37086955,225.02647,674.9754,2027.1921
13.562106,-0.18177956,-2.277211,-0.5085515,0.2925717,260.408,674.7283,2026.9712
13.643812,-0.075293325,0.7886891,0.23203705,-0.564315,307.01355,635.5644,2050.9243
13.553796,0.12470209,0.7628066,0.107018284,-0.62539184,342.94617,628.33185,2073.6357
13.676645,-0.34270877,-1.9780424,-0.39397216,0.2603313,395.09387,614.5368,2104.8608
