13.048272,1.68115,-1.0744692,-0.6460216,0.42033032,-512.877,855.7165,1749.9532
13.422909,1.4696981,-1.6339395,-0.66404504,0.40529454,-501.58292,853.28784,1741.7107
13.237605,1.9306395,1.3492783,0.7486433,0.38861537,-428.51572,553.1515,1656.5054
13.853952,-0.30842268,1.9787583,-0.056614004,0.2507389,-323.38705,659.96826,1548.3245
14.028887,-0.1621608,0.7408785,1.0426097,0.39958742,-245.94705,535.3194,1634.6957
14.31194,1.7730786,0.6203552,-0.05226264,0.42441946,-167.58034,458.8888,1677.7402
14.55753,-0.027654635,2.374919,0.05807088,0.30956253,-166.8731,639.91766,1684.9115
14.366044,0.17342731,2.494014,-0.041024454,0.34271637,-114.95767,777.8964,1649.6406
14.199329,-0.94674,1.9604331,-0.33994752,0.39450973,-117.23028,783.3257,1644.6759
13.936034,-1.1692615,1.5805038,-0.18950824,0.4046111,-108.27639,792.6298,1647.7206
13.787955,-1.2882805,1.06849,-0.010272669,0.41403735,-108.26547,802.60645,1661.4008
13.569917,-1.7630458,0.30758184,0.035232168,0.41861907,-103.26721,804.23035,1672.4789
13.244934,-1.8238074,0.22388978,0.13401353,0.4160846,-107.289825,805.25696,1692.8054
13.141369,-2.0878568,-0.008487586,-0.047960535,0.41805282,-98.48532,809.3459,1712.4124
13.813733,-0.10197425,0.6870671,0.04629932,0.7179092,-147.58133,867.91016,2031.9806
14.221502,-0.04939066,0.7398736,0.0729965,0.66694474,-242.16797,806.2987,2105.8254
13.98348,-0.10651459,0.7732866,0.11791567,0.6138192,-288.39343,810.15894,2107.7935
13.939939,-0.24338298,0.69659364,0.13458464,0.6613664,-398.82074,809.3785,2048.924
