13.505287,-0.6281947,1.6582024,-1.970332,0.33969176,159.29424,132.4432,2402.4521
13.437283,-0.6101218,1.7647778,-2.2318697,0.36523026,162.09628,133.91516,2404.2268
13.867584,-0.1241143,1.4724836,-2.8743353,0.40430507,125.54031,140.79904,2398.4404
13.945799,0.20268522,1.1555706,-3.2115347,0.4298139,96.68503,184.009,2332.5667
14.388229,0.5540394,0.67597854,-3.370081,0.43822935,83.097595,192.9082,2309.4531
14.567141,1.2129079,0.47950187,-3.2146707,0.44206822,84.5775,171.3583,2302.9084
14.801001,1.3901458,0.7442671,-3.0778763,0.4342252,64.338715,169.83328,2307.1487
14.984586,1.473728,-0.74536055,-2.9208467,0.42912284,50.242165,191.01971,2339.93
15.1791315,1.3494478,-0.6184106,-3.0541015,0.4289999,65.60686,170.40222,2321.5283
14.716971,0.8442931,-1.9069206,-1.6221383,0.33090258,39.50739,179.76329,2373.3677
14.985417,0.9956781,-1.6894383,-1.0976789,0.28428474,52.855682,177.02246,2374.5645
14.9385,-0.45616776,0.6119546,0.23784669,-0.60070914,60.885952,195.57878,2379.1104
14.771327,-0.50199723,0.6000101,0.25423348,-0.5686405,87.24207,214.8042,2379.3533
15.017784,0.7002893,-1.7695292,-1.2290616,0.28839266,223.87451,164.57178,2353.6616
15.028774,0.72400147,-0.6360507,0.061234947,-0.25983012,418.16876,179.92673,2063.421
14.483343,-1.5338812,-0.2785382,1.3811544,0.2717615,291.7778,263.58673,2497.0579
14.28718,0.5873899,0.4587936,0.59290355,0.30487207,497.366,116.20822,2134.0254
14.378251,1.6302751,-1.0710671,-1.321928,0.31000307,558.9011,109.83157,2182.915
14.542778,1.4198482,-0.8696659,-1.1790786,0.28899384,595.27844,108.03378,2262.0308
13.957367,-0.5261282,0.5263331,0.37082517,-0.55556405,607.76556,121.10153,2320.7183
13.675989,0.6460549,-0.57250714,-0.28141913,0.4191084,551.1102,140.27159,2441.402
13.869868,-0.207902,-0.58755356,0.77047217,-0.13390365,495.65625,85.99432,2523.103
13.803497,-0.053874366,0.73716766,-0.5998747,0.3063197,445.97104,58.295807,2600.3855
13.921894,-0.4248926,0.8752252,-0.21350683,0.0886675,289.86288,206.6901,2374.7166
