13.551488,0.9945766,-0.47899356,1.8910424,0.28032416,-150.37842,147.84955,2774.1755
13.404334,1.2247928,-0.40862507,1.7858992,0.2791409,-177.06958,135.74734,2727.0295
13.177244,0.70814455,-0.023606157,2.1181898,0.2885187,-316.53204,138.25,2532.1865
13.179116,0.8905022,-0.24386923,2.0207462,0.2854946,-332.7043,132.57602,2520.0884
12.81408,0.3335473,-0.88294464,1.7836611,0.2547724,-364.02246,177.69055,2344.7288
12.7506485,0.1183814,-0.3834269,0.5914598,0.6993889,-339.4832,182.46173,2269.4485
12.820567,0.09980715,-0.4096049,0.60684615,0.6737952,-332.31888,173.3211,2288.655
12.624127,-0.013524558,-0.36354387,0.5999905,0.7125057,-221.18864,184.7825,2149.3064
12.384657,0.02640672,-0.25222075,0.64981365,0.71654,-162.2016,155.26779,2078.0266
12.510145,-0.12246168,-0.44570628,0.5914293,0.6607272,-117.24961,151.7666,2049.5793
12.366109,-0.17963861,-0.42979416,0.57726204,0.67065305,-27.885857,117.94232,1972.0874
12.240369,-0.27145496,-0.53819746,0.58145064,0.5464164,37.285305,175.27614,1890.7529
11.945574,0.30765936,0.7355853,-0.50224495,-0.3346788,90.56378,169.1373,1898.6633
11.87082,1.6910741,1.2938397,-0.58934504,0.33658957,183.5797,133.1102,1975.5532
12.054819,0.43768045,0.7414806,0.45773718,0.22162797,371.12146,104.9198,1960.0201
11.997889,2.3870265,1.2515393,-1.2898006,0.3851059,359.1854,152.24365,1958.4756
11.779875,-1.0970639,-0.8175217,1.22604,0.25667986,239.633,89.05243,2294.5852
11.00162,0.9562843,-0.3357824,1.9373114,0.2779142,283.76315,69.12967,2290.12
10.849268,0.7529787,-0.35362524,1.9849142,0.27307963,298.46747,77.73233,2282.301
10.724231,0.56478804,-0.39749932,2.030853,0.27312726,304.68277,43.537415,2343.1055
10.822023,1.6857845,0.09809717,1.6669096,0.2979315,442.6588,190.72198,2462.1106
10.748689,1.2422224,1.4353552,1.3630207,0.29211482,444.7513,165.5862,2507.401
10.850147,1.0777117,0.9301176,0.05148897,0.28663707,447.61044,122.44418,2515.4746
