12.495386,0.0,0.0,0.0,0.43301272,-376.83633,-110.62276,2352.6626
13.151975,0.0,0.0,0.0,0.43301272,-349.6074,-54.086945,2190.9766
13.304689,0.0,0.0,0.0,0.43301272,-326.42523,-77.60327,2113.414
13.230439,0.0,0.0,0.0,0.43301272,-289.61105,-74.73224,2053.1587
12.776457,0.0,0.0,0.0,0.43301272,-159.51753,-65.3866,1971.679
12.78579,0.0,0.0,0.0,0.43301272,-115.34317,-59.91774,1933.7153
13.345051,0.0,0.0,0.0,0.43301272,10.471653,-102.55321,1861.1815
13.600103,0.0,0.0,0.0,0.43301272,170.78091,-100.256195,1867.4463
14.104793,0.0,0.0,0.0,0.43301272,289.51495,-113.20499,1907.6179
14.278484,0.0,0.0,0.0,0.43301272,372.58054,-115.524475,1934.8217
14.653506,0.0,0.0,0.0,0.43301272,466.46298,-102.531586,1998.4928
14.584047,0.0,0.0,0.0,0.43301272,446.33273,-72.71864,2038.7007
14.789249,0.0,0.0,0.0,0.43301272,149.18353,-93.500015,2455.3494
14.919013,0.0,0.0,0.0,0.43301272,131.75092,-137.90816,2411.22
15.104954,0.0,0.0,0.0,0.43301272,113.88903,-127.9776,2355.777
15.298733,0.0,0.0,0.0,0.43301272,99.73981,-139.68173,2316.566
15.564369,0.0,0.0,0.0,0.43301272,143.12343,-113.83183,2383.7676
15.6119995,0.0,0.0,0.0,0.43301272,192.34944,-105.04735,2378.8354
15.589712,0.0,0.0,0.0,0.43301272,248.9003,-16.883972,2506.5354
