13.745112,0.0,0.0,0.0,0.43301272,263.92834,-71.29076,2617.3716
13.216027,0.0,0.0,0.0,0.43301272,258.0345,-90.0047,2675.9226
12.966373,0.0,0.0,0.0,0.43301272,216.78075,-101.590195,2698.1387
13.426734,0.0,0.0,0.0,0.43301272,124.844635,-75.84021,2704.2847
13.396741,0.0,0.0,0.0,0.43301272,113.45004,-79.49576,2712.6155
13.053672,0.0,0.0,0.0,0.43301272,-240.05026,-100.17914,2543.181
13.149586,0.0,0.0,0.0,0.43301272,-260.723,-89.45944,2410.407
13.504918,0.0,0.0,0.0,0.43301272,-270.99292,-100.66873,2292.84
13.693653,0.0,0.0,0.0,0.43301272,-263.98273,-90.34885,2264.0056
13.484362,0.0,0.0,0.0,0.43301272,-255.36171,-76.95569,2184.9658
13.747027,0.0,0.0,0.0,0.43301272,-219.06229,-71.56412,2053.5703
14.209808,0.0,0.0,0.0,0.43301272,-88.61822,-19.640976,1912.0723
14.6171875,0.0,0.0,0.0,0.43301272,-9.009208,-23.17456,1838.8484
15.038028,0.0,0.0,0.0,0.43301272,106.577225,-59.526947,1796.9346
14.304855,0.0,0.0,0.0,0.43301272,345.24756,-65.02823,1812.0154
13.926145,0.0,0.0,0.0,0.43301272,377.05884,-134.60875,1907.3883
13.952587,0.0,0.0,0.0,0.43301272,482.91245,-128.24551,1846.6993
