13.745112,0.0,0.0,0.0,0.43301272,281.05185,-123.35411,2294.4695
13.216027,0.0,0.0,0.0,0.43301272,247.14545,-133.95793,2325.3982
12.966373,0.0,0.0,0.0,0.43301272,242.08151,-90.478134,2307.4954
13.426734,0.0,0.0,0.0,0.43301272,248.48999,-87.81694,2333.2544
13.396741,0.0,0.0,0.0,0.43301272,223.37988,-94.18521,2306.567
13.053672,0.0,0.0,0.0,0.43301272,219.17677,-82.870544,2337.6968
13.149586,0.0,0.0,0.0,0.43301272,255.90036,-99.96138,2346.981
13.504918,0.0,0.0,0.0,0.43301272,241.97415,-61.201233,2326.3477
13.693653,0.0,0.0,0.0,0.43301272,268.16937,-92.79346,2326.688
13.484362,0.0,0.0,0.0,0.43301272,251.74408,-53.95465,2289.69
13.747027,0.0,0.0,0.0,0.43301272,228.4172,-5.3914795,2548.7334
14.209808,0.0,0.0,0.0,0.43301272,221.33743,-28.01793,2512.7268
14.6171875,0.0,0.0,0.0,0.43301272,239.07019,-42.522675,2472.426
15.038028,0.0,0.0,0.0,0.43301272,218.8715,-50.719055,2483.795
14.304855,0.0,0.0,0.0,0.43301272,419.03183,-161.62646,1983.3517
13.926145,0.0,0.0,0.0,0.43301272,474.7665,-192.85794,1774.0038
13.952587,0.0,0.0,0.0,0.43301272,502.20923,-206.60056,1988.3983
