14.0997925,-1.9640396,0.80696476,-2.133098,0.37919182,526.8504,421.32053,2282.0479
14.031518,-1.894726,0.5472525,-2.436777,0.3948858,522.00433,417.6397,2309.467
13.846031,-0.34722736,0.72639644,0.5905171,-0.055414684,414.39423,412.3545,2377.014
13.120737,0.47284496,1.846329,-0.7727894,0.27393508,223.34576,417.52478,2533.5354
12.79846,0.87009966,1.9589443,-1.5600814,0.34479603,239.31781,428.15454,2481.5789
12.713174,-0.59953105,0.636394,-0.12665717,0.46853292,160.48119,413.77582,2433.8494
12.774975,-0.5874586,0.59773546,-0.20798318,0.5043288,185.63382,415.3142,2402.9373
12.394213,-1.4479494,1.4125476,-1.8959855,0.3495116,135.19853,416.2608,2426.3428
12.473941,-1.5277878,1.4550732,-1.6999856,0.34074572,92.35959,413.45398,2411.7131
13.053837,-1.1943636,1.1665103,-2.808599,0.40923983,82.9885,429.86084,2376.8955
13.445096,-0.61685723,0.41858432,-3.3742278,0.44389313,58.573742,433.1091,2337.2883
13.276411,-0.6949464,0.29284352,-3.3763082,0.44464135,53.88141,432.63593,2316.1292
13.280135,-0.5869169,0.06371334,-3.4261408,0.44596827,55.855362,444.01056,2294.7634
12.809984,-0.1595199,-0.89056474,-3.3366003,0.43811545,50.038155,461.14584,2226.1572
12.748282,0.041732192,-1.2791833,-3.1317887,0.42525187,45.878963,467.8667,2185.5508
12.90115,-0.89746547,-1.7259792,-2.5111992,0.39868045,58.30612,452.9582,2183.3416
12.498027,-0.5811437,-1.690349,-2.1691737,0.36654884,103.10423,433.7903,2170.0535
12.495394,-0.47866684,-1.6856712,-2.1675777,0.36388683,102.161644,434.74866,2185.0527
