11.959874,0.0,0.0,0.0,0.43301272,-59.311478,-603.6409,2030.1748
11.986978,0.0,0.0,0.0,0.43301272,-5.0900745,-674.93286,1828.9984
12.04605,0.0,0.0,0.0,0.43301272,-7.2000823,-655.7102,1903.6554
11.923092,0.0,0.0,0.0,0.43301272,-35.640198,-667.2521,1903.173
11.742269,0.0,0.0,0.0,0.43301272,-79.062164,-676.6118,1951.0906
11.628494,0.0,0.0,0.0,0.43301272,-67.467026,-636.03827,2057.961
11.911546,0.0,0.0,0.0,0.43301272,-42.69481,-628.02783,2121.7502
12.11504,0.0,0.0,0.0,0.43301272,-11.4574585,-643.8476,2217.3298
12.050548,0.0,0.0,0.0,0.43301272,-240.13327,-664.5853,2169.1162
12.049036,0.0,0.0,0.0,0.43301272,-242.01047,-650.2892,2201.8477
11.624781,0.0,0.0,0.0,0.43301272,-290.64017,-604.8795,2195.9636
11.95595,0.0,0.0,0.0,0.43301272,-391.7618,-571.4573,2177.0684
11.9186,0.0,0.0,0.0,0.43301272,-583.93274,-571.41864,2096.0781
11.722534,0.0,0.0,0.0,0.43301272,-601.4329,-581.0806,2058.5537
11.630257,0.0,0.0,0.0,0.43301272,-627.76306,-599.2638,2015.476
11.496291,0.0,0.0,0.0,0.43301272,-681.73065,-697.7987,1984.3408
11.503138,0.0,0.0,0.0,0.43301272,-658.5662,-643.9493,1988.8258
12.186169,0.0,0.0,0.0,0.43301272,-613.8803,-569.275,1907.5262
