22.896212,0.0084259035,0.8896681,-0.079121515,-0.44962144,453.44162,81.84645,2122.38
21.659452,0.005562295,0.9616112,-0.27034932,-0.04673543,467.21933,-26.75151,2222.4243
20.648512,0.019108608,0.9925297,-0.12016466,0.008949296,473.12897,-28.095139,2284.1606
19.945766,0.013103307,0.97565633,-0.19657116,-0.096347205,453.2118,25.856644,2276.7273
19.158634,-0.07312851,0.7734813,-0.034387056,-0.6286464,429.7591,-3.6408844,2558.8157
18.296547,0.039841823,0.732315,-0.13979132,-0.66527116,273.5334,-39.621613,2507.4558
17.662374,-0.51648676,-2.3949156,0.120696805,0.313768,305.23282,13.160919,2460.1177
17.28642,-1.0769362,-0.89691275,1.1212796,0.3932031,131.7028,32.03659,2424.7285
16.733765,-0.10386677,-0.057095088,-0.26789352,0.4382509,242.4601,4.501541,2532.2146
15.999155,-0.19801542,-0.16069445,-0.6975618,0.44539616,232.6372,7.378296,2515.9912
15.665342,-0.64671284,-1.9133323,0.3310218,0.39724985,145.7175,61.26796,2459.7705
15.343775,-2.0966094,-0.5104464,0.093356065,0.4164408,141.54839,27.821976,2209.7834
15.0471735,0.034253385,0.80141014,-0.5960055,0.03668707,159.01141,20.021484,2216.8635
14.927763,0.050245978,0.8792128,-0.46897173,0.067272656,173.74277,93.69194,2239.06
14.579346,0.04096569,0.92057383,-0.37720227,0.09265056,161.19162,4.378525,2175.7285
14.56769,0.09544638,0.7763077,-0.5840469,-0.21708402,170.49474,51.52684,2231.784
14.982314,0.01842972,-0.805903,-0.010973875,0.42914543,137.7286,111.2491,2351.1982
15.228963,2.3439968,-0.10131019,-0.57486683,0.42255613,148.7276,55.57953,2340.4285
14.811962,2.1707041,-0.17022173,-0.6338265,0.42673048,145.58446,81.506516,2352.0686
14.487169,1.661164,-0.07173164,-0.71825475,0.4369851,138.23172,67.83879,2283.6794
14.374519,-0.03832397,-1.6549329,1.1964612,0.3636952,160.20804,9.31636,2267.3772
14.144255,-0.7713167,-1.3325193,0.27470526,0.41562617,159.99963,-34.575546,2237.9893
