27.645546,0.22857915,2.3652797,-0.022881955,0.30212933,86.731064,365.46454,2249.2854
23.921875,0.20519891,2.1818004,0.008876772,0.27436247,71.816124,372.1803,2248.038
22.789791,0.17051637,2.1182046,-0.015030946,0.2656854,63.668198,375.48788,2254.5103
20.398026,0.045221176,0.7557596,-0.018678242,0.65301895,21.197916,360.77017,2254.379
19.32768,0.53857064,2.2398589,0.057136364,0.28830633,-44.79538,374.59128,2209.473
18.639639,0.5048752,2.1788218,-0.36214286,0.28437647,-137.2596,354.51337,2232.0288
18.202232,0.03742211,2.4680338,-0.13355002,0.32587615,-211.06642,362.48242,2210.9639
17.759392,0.07169842,2.4155977,-0.068093136,0.31271225,-224.75224,368.79663,2202.908
17.015583,0.53756577,2.5141878,-0.050623417,0.347135,-297.58298,402.06638,2151.0364
15.528543,0.053003084,1.2993559,0.15207426,0.41829443,-505.09225,418.6393,2029.9056
15.568481,0.14079684,1.0643109,0.11855497,0.42344075,-515.8235,410.22253,2013.535
15.295217,-0.018318024,0.6813043,0.110197335,0.4276866,-526.015,402.7495,1997.4325
15.165451,0.14237396,0.44894138,-0.051677294,0.43299523,-535.4501,414.47275,1931.0281
15.203417,0.06750949,0.22760002,-0.066832356,0.43410873,-535.4685,410.00604,1906.2223
14.871613,-0.21122785,-0.16040038,-0.14374533,0.43573365,-518.1463,368.74567,1827.9575
14.353882,-0.23342407,-0.13005404,-0.31074187,0.4389057,-505.01105,367.319,1764.3248
14.143415,-0.16006714,-2.094989,0.17299417,0.3909014,-465.9204,390.30872,1741.8802
14.04623,-0.18963206,-2.4202616,0.071715556,0.3170234,-404.8252,383.48843,1700.1099
