27.744652,0.20652859,0.13247086,-0.37193975,0.44002926,-37.55134,863.4851,2595.8928
25.52483,-0.12522791,0.16628957,-0.45612693,0.44138205,-29.901173,864.2638,2565.7742
23.933153,-0.45996615,0.28642544,-0.49977055,0.4409445,-26.468037,857.3356,2526.0137
22.640036,-0.6452978,-0.0048513114,-0.536702,0.44182613,-19.7821,843.578,2483.6067
21.335619,-1.9461675,-0.06326311,-0.8257737,0.43569076,2.9729996,764.8711,2353.0103
20.891378,-1.8361136,0.23033531,-0.9883078,0.43740714,2.4425278,744.89825,2338.0007
20.366156,-2.4400795,-0.09179046,-0.88901085,0.4272668,5.921196,663.19226,2275.2346
19.26068,-2.8664112,0.13955462,-0.9896497,0.40513146,9.432362,545.1491,2169.6626
18.340538,-2.9640205,-0.12654321,-0.4287929,0.39203396,-7.3779144,455.2829,2118.1917
17.412285,-1.8499917,1.2557129,-1.6318026,0.34760422,-9.496361,335.71063,2145.9397
16.702082,-2.7724,0.46518087,-1.0475774,0.37587124,-14.044182,318.1011,2169.7402
15.962262,-2.501248,0.9840818,-1.2424676,0.37543005,-30.320358,324.6106,2194.664
15.434871,-2.950125,0.06798433,-0.3689489,0.3800069,-45.77678,332.40503,2221.6213
14.996097,-2.9319322,0.166865,-0.4176879,0.3788707,-39.199364,380.47382,2202.3267
14.636911,-2.850118,-0.16042429,-0.19532496,0.39742565,-36.078384,514.47736,2168.635
14.465847,-2.820813,0.14723247,-0.62583804,0.40388447,-33.187576,563.70654,2200.6565
13.806517,-0.56017494,-0.08900856,-0.24735913,0.4370846,-77.90516,848.19617,2488.384
14.431884,0.010954399,-0.018863594,-0.19728158,0.43694967,-91.92763,860.0287,2551.7954
14.966427,0.7536076,0.19202052,-0.11300952,0.43381473,-101.232605,856.04944,2603.1804
14.882456,0.92395514,0.13213453,-0.25394735,0.4357444,-93.48073,852.90137,2619.199
14.934833,0.95422536,0.2377837,-0.25479573,0.43566415,-92.280075,852.9874,2620.154
