16.56456,1.0408293,-0.24388109,0.3071475,0.4212039,-111.62353,894.9038,2391.8364
16.268074,1.0060979,-0.104524754,0.3014018,0.42246255,-113.90141,898.5709,2384.5427
15.338847,0.52647334,-0.17634453,0.1635251,0.42811725,-89.47452,907.9017,2318.4272
15.149933,0.17628093,-0.22954424,0.10073558,0.43032184,-78.67027,910.4775,2271.3525
14.793935,-0.73782545,-0.24714868,0.29663667,0.4248208,-87.779724,872.3623,2141.339
15.3006525,-1.3505784,-0.33544797,0.18140276,0.4236935,-52.565002,763.9717,2069.4363
15.630131,-1.7401842,-0.087265626,0.36270145,0.4138886,-80.56912,674.68414,2023.7029
15.896548,-1.8587062,0.53133935,0.46348536,0.40085453,-124.06447,622.35547,2017.6986
16.117575,-1.8866102,0.8413667,0.5104078,0.38978884,-143.73366,599.98376,2022.6123
16.419836,-1.6703032,0.8868377,0.55151165,0.39337945,-146.9307,641.1791,2048.5352
16.540567,-1.2347275,0.741386,0.8385443,0.39579663,-152.85081,722.2656,2094.4822
15.819273,-0.49209356,0.32529283,1.1506557,0.3983775,-160.74365,760.78827,2190.124
15.889022,-0.1396519,0.051626533,0.96775603,0.4074665,-142.6866,776.49133,2229.7383
15.636838,0.42485276,0.19760494,0.74661505,0.4138608,-130.58208,802.7822,2301.6887
15.495079,0.7493718,0.1877708,0.6214499,0.41630256,-135.61096,813.0755,2343.395
15.544125,0.86390716,0.09238145,0.541802,0.41781414,-129.86926,815.1039,2356.8057
