13.375793,-1.3971831E-5,-1.6713377E-5,0.7071075,0.707106,-429.16888,373.0795,2344.4814
13.449676,-1.2574647E-5,-1.5042038E-5,0.7071073,0.7071062,-430.04257,377.74203,2354.0364
14.106228,-1.0185464E-5,-1.2184051E-5,0.7071071,0.70710635,-423.34082,389.0496,2350.6023
14.394371,-9.166917E-6,-1.0965646E-5,0.70710695,0.70710653,-417.82953,391.89322,2345.142
14.581074,-8.250224E-6,-9.86908E-6,0.70710695,0.70710653,-416.79742,392.269,2330.2246
14.4846525,-1.8901483E-5,-2.261032E-5,2.0,0.25000003,-408.9725,398.17593,2277.7036
15.053794,-1.5310201E-5,-1.8314366E-5,2.0,0.25000003,-402.3095,376.75674,2215.968
15.259018,-1.3779181E-5,-1.648293E-5,2.0,0.25000003,-398.8163,339.96182,2180.7622
14.977982,-1.2401264E-5,-1.4834639E-5,2.0,0.25000003,-390.04404,269.3383,2187.0112
14.692759,-1.1161138E-5,-1.3351176E-5,2.0,0.25000003,-373.76093,211.88431,2160.588
15.01423,-9.040524E-6,-1.0814453E-5,2.0,0.25000003,-355.87372,134.4194,2099.3362
15.48418,-7.3228243E-6,-8.759707E-6,2.0,0.25000003,-351.30032,105.06003,2072.3237
15.301202,-5.931488E-6,-7.0953643E-6,2.0,0.25000003,-363.43915,104.90747,2069.785
15.360162,-5.338339E-6,-6.385828E-6,2.0,0.25000003,-374.8709,117.551056,2074.722
15.379036,-1.763934E-5,-0.12810512,0.7345263,0.66637844,-384.41364,345.16833,2087.1707
15.070753,0.2302852,-0.30676097,0.74382424,0.54735005,-364.20584,363.96924,2060.7178
15.015665,0.20843154,-0.27764994,0.7460506,0.56822133,-343.83768,227.19409,2048.4414
14.583455,0.18844745,-0.25102925,0.7469281,0.5861488,-358.6162,272.83893,2082.2607
13.539449,0.1702305,-0.22676261,0.74680465,0.6015673,-380.37823,330.68784,2149.646
13.824083,0.1386343,-0.18467358,0.7445893,0.626309,-413.3746,379.15414,2242.092
14.248211,0.1250153,-0.16653183,0.7428774,0.6362165,-419.12616,389.24622,2270.1047
14.14014,0.112692185,-0.15011632,0.74094576,0.6447985,-398.9823,390.05798,2276.066
