16.733368,0.5752417,0.658613,-3.3513732,0.43333042,70.885345,332.70233,2586.3499
16.312702,0.029306794,0.4823755,-3.4512656,0.43750843,70.04932,334.28363,2577.698
16.428883,-0.10777502,0.3509136,-3.4697516,0.43791187,73.35921,331.1853,2571.5305
16.0903,0.47741637,0.8746457,-3.2920218,0.43016827,81.09625,307.4282,2587.134
16.24103,-0.41417766,0.67263985,-2.9979677,0.40136886,86.96812,320.02234,2603.0356
16.155119,0.9031691,-1.9130112,-1.770978,0.34492117,4.2914658,293.96472,2465.5146
15.900976,0.8848824,-1.8742777,-2.0481474,0.36430028,-36.627502,73.13017,2557.5554
16.00338,0.848938,-1.798144,-2.2914674,0.37963077,-7.1119423,10.9023285,2541.3674
15.409071,0.74846596,-1.585333,-2.6789079,0.40137684,28.89231,-113.3584,2432.7368
15.909228,0.63606554,-1.3472565,-2.9519212,0.41495052,34.34105,-87.91017,2426.5623
16.383867,0.52890414,-1.120277,-3.1375237,0.42332968,44.248566,-27.627075,2438.237
16.73938,0.4341265,-0.9195277,-3.2605615,0.4284109,50.493706,56.507416,2449.2122
16.881353,0.39208865,-0.83048683,-3.304937,0.430114,49.33417,93.7121,2462.0833
16.829124,0.35361403,-0.7489934,-3.3405538,0.43141046,49.22833,143.91925,2486.0881
15.568855,0.31857008,-0.6747664,-3.369023,0.4323859,47.122917,204.09503,2537.6152
15.77959,0.28676793,-0.60740596,-3.3916855,0.4331088,46.723236,229.23743,2567.972
