27.744652,0.47437572,0.48683915,-3.4254696,0.43978414,102.97181,325.86328,2620.867
25.52483,0.43884575,0.5064327,-3.4245076,0.4385274,104.863144,345.31967,2615.5288
23.933153,0.30926713,0.49817643,-3.438799,0.43812677,106.60602,339.20636,2611.143
22.640036,0.2690685,0.22878586,-3.4795227,0.43912598,109.72918,326.7794,2602.6196
21.335619,1.3684916E-4,-0.071975954,-3.4992726,0.4395631,106.23581,227.69308,2603.9272
20.891378,-0.28476372,0.020115439,-3.4852178,0.438877,105.46015,251.78046,2601.3167
20.366156,-0.49821335,-0.51282597,-3.3494196,0.4284447,120.01611,225.93439,2587.7573
19.26068,-0.59109944,0.6260122,-0.13767752,-0.48964772,-17.85617,421.45575,2143.4436
18.340538,-0.53971046,0.63792014,-0.14593217,-0.52959824,1.8959427,363.5949,2177.0527
17.412285,1.4335644,-0.9558873,1.4586604,0.30092716,-91.00559,-116.01614,2515.3599
16.702082,-0.61554074,0.64488655,-0.3441056,-0.2946561,78.48356,120.44755,2351.5598
15.962262,-0.43219012,0.765871,-0.47158888,-0.06524749,112.3336,283.2087,2272.3872
15.434871,0.8101273,-0.19582176,0.47877073,0.27590954,-20.25853,264.25815,2249.75
14.996097,0.067108594,0.968105,7.2421477E-4,-0.24138884,-10.017349,312.5554,2225.2761
14.636911,0.5837473,0.42263272,-2.0536978,0.36052778,69.92347,351.65524,2591.4
14.465847,-1.4391229,0.507532,-2.6294484,0.3920556,99.95756,196.63356,2621.207
13.806517,0.31874156,0.4440056,-3.4490006,0.43882897,93.31639,292.48584,2643.6187
14.431884,0.42210305,0.636066,-3.3894594,0.4353615,78.62807,300.84637,2635.3853
14.966427,0.29151243,0.5905188,-3.423258,0.43907493,65.357895,302.9839,2586.6663
14.882456,0.24451508,0.7482711,-3.3776119,0.4352953,85.462814,310.02945,2607.407
14.934833,0.16218497,0.74398637,-3.3861952,0.4366347,77.96707,309.2522,2593.499
