14.061599,-0.18844412,-0.7561735,1.8588234,0.25215033,-250.28438,567.62085,2303.5945
13.912181,-0.22202176,-0.7307486,1.8886175,0.25498265,-247.26234,567.1456,2300.7566
14.60551,-0.2629836,-0.6147307,1.9352,0.2561751,-248.92746,557.7664,2294.3826
14.623673,-0.44245952,-0.4368261,1.9866269,0.26039454,-241.63507,538.33185,2270.951
15.040171,-0.6773722,-0.21974263,1.9427035,0.25866595,-233.13225,516.3442,2230.883
15.4327345,-0.6530443,-0.07583462,1.9920659,0.26244223,-228.67949,469.0573,2246.956
15.699101,-0.6844191,0.001081085,1.9687759,0.26067254,-230.0411,439.71356,2240.7432
15.701943,-0.6251278,0.121407636,1.8990334,0.25045103,-230.10358,401.3403,2242.0784
16.01707,-0.25531143,0.062855534,0.6679902,0.6961711,-220.03598,391.38275,2232.1309
16.122356,-0.26956362,0.047223993,0.6762479,0.6839548,-221.8524,396.1101,2220.2761
15.405089,-0.26415655,-0.019240972,0.71109027,0.6513077,-241.05173,443.85333,2207.67
15.815354,-0.85860336,-0.40587124,1.7505523,0.2525071,-232.72217,570.8545,2206.635
15.73143,-0.98719525,-0.5150228,1.7396494,0.26085675,-224.19171,623.4005,2217.9724
14.928362,-0.88908,-0.79986143,1.7438687,0.2649871,-235.0487,664.81134,2270.9297
14.925194,-0.70984477,-1.0168966,1.7099005,0.26403773,-242.32994,665.89294,2302.0447
