15.35453,0.0,0.0,0.0,0.43301272,-109.97962,-626.7927,2200.4414
15.232566,0.0,0.0,0.0,0.43301272,-100.88989,-659.91235,2217.325
15.31299,0.0,0.0,0.0,0.43301272,-126.25429,-653.2898,2222.3352
15.053695,0.0,0.0,0.0,0.43301272,-97.81661,-645.4609,2222.4392
15.546587,0.0,0.0,0.0,0.43301272,-104.78612,-637.6461,2203.4927
15.362486,0.0,0.0,0.0,0.43301272,-112.53052,-667.845,2200.497
14.944366,0.0,0.0,0.0,0.43301272,-101.10893,-685.7868,2211.882
14.770297,0.0,0.0,0.0,0.43301272,-83.52237,-665.36487,2215.8804
14.622216,0.0,0.0,0.0,0.43301272,-101.40667,-667.8589,2198.4343
14.945352,0.0,0.0,0.0,0.43301272,-110.69879,-663.91437,2168.5476
15.164202,0.0,0.0,0.0,0.43301272,-126.38431,-597.4252,2109.1836
15.358135,0.0,0.0,0.0,0.43301272,-122.023705,-605.8618,2145.6748
14.714403,0.0,0.0,0.0,0.43301272,-97.988525,-625.20135,2150.3936
14.59411,0.0,0.0,0.0,0.43301272,-101.16946,-635.03253,2174.1216
14.921241,0.0,0.0,0.0,0.43301272,-101.2292,-632.3736,2181.6118
14.839058,0.0,0.0,0.0,0.43301272,-101.96742,-642.5354,2193.3447
