15.782588,0.0,0.0,0.0,0.43301272,-281.86862,-640.38293,2219.6462
15.433169,0.0,0.0,0.0,0.43301272,-281.6668,-644.24756,2227.817
15.048728,0.0,0.0,0.0,0.43301272,-281.13593,-638.32935,2222.0815
14.99817,0.0,0.0,0.0,0.43301272,-279.51147,-647.6556,2231.4375
14.625073,0.0,0.0,0.0,0.43301272,-289.19946,-670.0245,2230.608
14.672745,0.0,0.0,0.0,0.43301272,-283.53564,-685.10876,2227.1455
14.746592,0.0,0.0,0.0,0.43301272,-281.54883,-666.3239,2219.5417
15.019207,0.0,0.0,0.0,0.43301272,-281.8046,-661.73474,2219.499
15.072733,0.0,0.0,0.0,0.43301272,-286.84894,-655.87976,2209.0288
14.654018,0.0,0.0,0.0,0.43301272,-282.98227,-644.9841,2203.8245
14.778715,0.0,0.0,0.0,0.43301272,-285.07632,-634.8733,2187.5215
14.69626,0.0,0.0,0.0,0.43301272,-288.68866,-623.67706,2189.853
14.958538,0.0,0.0,0.0,0.43301272,-280.10757,-626.3804,2190.7585
15.003056,0.0,0.0,0.0,0.43301272,-275.91226,-636.24054,2190.2673
14.818263,0.0,0.0,0.0,0.43301272,-284.49985,-632.6299,2197.052
