14.26727,0.63117445,-0.047617182,-0.34952664,0.43852267,-115.99645,590.31635,2592.3682
14.502793,-0.02632584,0.12237792,-0.37994653,0.44021848,-116.60239,593.2353,2574.3467
14.101201,-1.2873474,0.029437462,-0.4831485,0.43702945,-113.1149,593.57275,2541.661
14.181522,-1.3373114,-0.08820947,-0.48736626,0.43711743,-112.130844,575.4758,2500.2485
14.32921,-2.2807772,-0.23328158,-0.34372458,0.4222978,-86.204445,435.74353,2392.443
14.608231,-2.8941588,0.16448967,-0.4212317,0.39120492,-68.84507,335.53555,2372.3296
15.132882,-2.9098766,0.23799187,-0.49992648,0.3744499,-68.665855,241.34155,2371.3647
15.572891,0.9693629,-0.1951635,0.106001794,-0.10492894,-83.81344,480.92383,2374.509
15.777139,-0.9941141,0.28553933,-0.69851166,0.26272893,-50.58773,430.21625,2350.4385
15.946525,-1.6502179,0.30064568,-0.08796009,0.2629853,-24.81735,397.818,2421.7803
16.130428,-2.8885925,-0.13485417,0.101176284,0.37859288,-62.874123,221.80988,2338.6257
16.284931,-2.328944,1.1580242,0.024465507,0.3375219,1.3465576,356.9513,2264.7598
15.828752,-2.4663177,-0.0077479794,-0.15383236,0.41142663,-56.370792,458.21097,2409.549
15.29082,-1.0633155,0.21061586,-0.3562967,0.43558556,-74.03396,523.49426,2460.9827
15.039714,-0.9079467,0.055609234,-0.25117064,0.4353489,-76.21721,552.17444,2491.968
15.259549,0.033724137,-0.058917813,-0.11531405,0.4353266,-79.85128,573.5226,2516.0527
15.462682,-0.07176819,-0.123419255,-0.16708252,0.43629292,-84.32699,583.13556,2533.1995
15.70684,0.573835,-0.0070181293,-0.23194757,0.43663546,-104.3512,579.6529,2563.4426
15.924273,1.0647852,0.08523621,-0.38739863,0.43732318,-126.3624,574.8965,2563.8396
