15.355861,-0.0071050157,0.73485225,-0.046911996,-0.6765656,-181.20331,270.29724,2188.9866
15.741297,-0.011309641,0.73273116,-0.056945797,-0.67803705,-185.91214,269.80078,2193.527
15.994286,-0.018589886,0.72921133,-0.064357914,-0.6810016,-188.1536,262.34125,2208.9084
16.33438,-0.008499032,0.7251577,-0.044373102,-0.6870991,-176.92049,248.67046,2245.622
16.515335,-0.006725824,0.7122817,-0.022225872,-0.70150954,-174.0641,228.85187,2279.0662
16.78758,-0.046012167,0.7233007,0.009709334,-0.68893015,-171.6251,132.0003,2318.712
16.929878,-0.060569104,0.74212545,0.026916385,-0.6669757,-161.51465,77.90474,2346.4482
17.058037,-0.060070116,0.73248124,0.03730318,-0.6771051,-144.01822,73.05711,2370.2573
16.968834,-0.06551981,0.719182,0.048336975,-0.69003475,-127.650856,70.347244,2375.3093
17.144753,0.17920882,-2.0648568,-0.19417638,0.2603225,-131.6562,74.80913,2378.4053
16.651325,0.15423857,-2.117147,-0.17919955,0.26669496,-118.07564,121.65794,2343.7195
16.844427,0.05981854,-2.1600385,-0.17336035,0.2714513,-116.9996,180.96751,2291.898
16.895737,-0.015274887,-2.1253738,-0.11588127,0.26623568,-122.065475,218.03386,2251.182
16.12871,-0.061481252,-2.0601547,-0.030990532,0.257672,-121.152306,242.18454,2211.75
16.252577,-0.09095534,-2.051721,-0.0022307269,0.25671893,-122.356544,251.08641,2196.8904
16.366995,-0.0913604,-2.109524,0.07571839,0.2645192,-129.6097,256.7301,2178.5684
