14.26727,0.24275778,-0.3253454,0.1951253,0.42766336,-215.48589,177.79355,2502.8545
14.502793,0.122202694,-0.1489184,0.08968482,0.4308697,-216.00911,179.5609,2503.52
14.101201,0.2775386,-0.2026318,-0.0029468962,0.43242273,-206.91711,183.4499,2519.0557
14.181522,-0.12249403,-0.31175098,-0.09566925,0.4344567,-210.57417,177.56927,2512.61
14.32921,-0.025912702,-0.52567595,-0.12215147,0.4338802,-204.25099,173.76181,2554.9062
14.608231,0.20876725,0.12419041,-0.392743,0.44040254,-199.74915,165.7052,2601.6797
15.132882,0.6031014,0.51932406,-0.66986376,0.44346833,-173.41692,171.171,2683.626
15.572891,2.755713,-0.4124177,-0.14596075,0.34938303,-133.31256,230.34987,2641.9392
15.777139,2.6048193,-0.47512808,-0.19386606,0.33284172,-131.69582,241.56288,2613.7935
15.946525,-0.1377154,0.7911921,-0.12468253,-0.5826696,-148.2243,247.57118,2415.6199
16.130428,-0.24653071,0.86500806,0.23814107,-0.366432,-128.88512,267.28073,2705.7124
16.284931,-0.07160032,0.93594027,0.30226374,0.16590904,-121.20601,303.25104,2690.097
15.828752,-0.07107823,0.9382735,0.30880055,0.13868296,-127.37487,264.92416,2686.9568
15.29082,-0.19060446,0.8292502,0.20515169,0.48365974,-176.11864,94.72914,2501.0645
15.039714,-0.1119983,0.8418042,0.17482366,0.49825576,-171.81975,125.78195,2530.129
15.259549,0.06564782,0.85616213,0.06575183,0.5082848,-172.29982,156.48647,2537.4968
15.462682,0.35677415,2.4554667,0.14880027,0.3347911,-178.13106,168.16794,2538.1265
15.70684,0.21845855,2.1617153,0.10993731,0.3896265,-200.09991,168.58936,2508.7017
15.924273,0.13010955,1.4197291,0.12431513,0.4167879,-213.17702,167.25403,2490.0603
