14.904565,-0.8694238,0.14230438,-0.07848012,0.43180212,-152.93593,789.5106,2306.9875
14.137703,-1.9140764,-0.06923678,-0.115463085,0.42308447,-146.83823,665.7689,2204.8533
13.956901,-2.2431314,-0.1205658,-0.1270023,0.41761407,-142.19281,600.85974,2166.5613
13.521656,-2.6219783,-0.15377381,-0.14100008,0.40746084,-136.87018,509.90344,2111.4573
13.316784,-2.6470258,-0.14895214,-0.16657951,0.40712065,-136.26697,499.93008,2113.19
13.317995,-2.5733666,-0.21642381,-0.14165682,0.40981355,-138.2303,519.60284,2125.5403
12.882177,-2.1379745,-0.2919283,-0.10519399,0.420148,-142.68222,636.6571,2177.4927
12.8392515,-1.816873,-0.09945651,-0.16209379,0.42570096,-146.46815,693.9832,2217.5322
12.586259,-1.400518,-0.024156261,-0.21266975,0.43119583,-143.54207,746.4557,2264.0662
12.943245,-0.677482,-0.053311113,-0.16548339,0.43506703,-143.85342,798.1417,2347.9353
12.691669,-0.52026784,-0.053067468,-0.15287165,0.43535966,-143.52176,806.52686,2366.8604
