14.367835,-0.04165156,0.14532492,-3.4599218,0.43290344,213.63454,411.85962,2637.0708
14.1565075,-0.037489224,0.13080223,-3.4608536,0.43294147,212.25044,408.39478,2621.5007
14.096552,-0.03374191,0.1177276,-3.4615943,0.43297052,211.65126,391.41187,2594.9895
13.74706,-0.030368341,0.10595702,-3.4621823,0.43299252,210.61996,373.28073,2567.2002
13.603564,-0.027331661,0.09536186,-3.4626474,0.4330089,210.90977,341.56552,2543.7236
14.393511,-0.022138167,0.077241465,-3.4633024,0.43302956,211.62169,292.52588,2527.2375
14.783236,-0.01793115,0.06256293,-3.463703,0.43303946,210.17719,259.83066,2499.005
15.288391,-0.014523429,0.05067317,-3.4639416,0.43304294,211.13297,247.3718,2493.6096
15.488975,-0.011763286,0.041042857,-3.4640787,0.4330428,209.51971,274.8343,2508.6277
15.82913,-0.009527722,0.03324284,-3.4641533,0.43304074,207.00996,303.19046,2522.6218
15.992184,-0.008574721,0.029917764,-3.4641752,0.43303937,202.6833,318.34012,2530.161
15.877675,-0.007717056,0.02692531,-3.4641898,0.43303785,200.50739,335.6547,2536.8071
15.576047,-0.0069451844,0.024232203,-3.464198,0.43303624,200.93925,352.60617,2557.1887
15.69721,-0.0056253606,0.01962725,-3.464204,0.43303302,203.24414,372.2018,2588.8452
15.981307,-0.0045563756,0.01589749,-3.4642,0.43302998,206.02681,396.36026,2619.915
