13.83514,-0.31956115,-0.471432,0.56989646,0.59232634,-152.6502,334.28485,2624.854
13.695985,-0.330803,-0.46097913,0.57750475,0.5869888,-153.49152,330.72653,2625.4524
13.492141,-0.3444405,-0.4468498,0.5927635,0.57473236,-155.64932,318.9602,2624.8572
13.589233,-0.3512085,-0.44075593,0.60314864,0.5644454,-158.52074,302.26877,2627.455
13.362606,-0.2281772,-0.29413223,0.7139024,0.5930975,-171.91147,268.58984,2650.1726
13.232394,-0.19657393,-0.2885963,0.7406964,0.5739683,-177.7113,253.14883,2661.497
13.1554165,-0.1704615,-0.29277956,0.7644419,0.54849935,-173.70462,233.56613,2667.347
12.77905,-0.15406175,-0.30175227,0.783257,0.52126676,-161.5134,208.55379,2667.8699
12.475729,-0.14404099,-0.30890316,0.79009134,0.5094964,-150.29984,181.61948,2666.656
12.06914,-0.15856144,-0.31861418,0.78178805,0.5120064,-144.09808,173.00742,2660.2405
11.90245,-0.22266206,-0.40030196,0.73491055,0.50008625,-153.77898,204.90024,2638.5159
12.197445,-0.24590386,-0.44067723,0.7062725,0.4965018,-162.00108,236.06836,2628.5068
12.421721,-0.26534298,-0.4765443,0.6562929,0.5213233,-165.56725,284.1655,2622.809
12.875524,-0.27428895,-0.47837898,0.6334846,0.5427857,-164.11736,299.5127,2620.0305
