15.518261,0.43695587,-1.746105,-0.40073642,0.41567183,158.04297,-222.27737,2643.3044
15.206174,0.4482807,-1.745978,-0.38963753,0.41530058,157.18748,-232.84753,2637.4558
14.847918,0.5053465,-1.7584186,-0.407501,0.41453978,158.55212,-245.98222,2663.7905
14.991341,0.5723855,-1.7549043,-0.42489618,0.41415057,167.15703,-254.23682,2663.4385
15.245132,0.6253007,-1.7735713,-0.46052098,0.4134661,161.28777,-256.9004,2672.9563
15.379391,0.64238644,-1.8361229,-0.49313796,0.41140592,161.83514,-264.95804,2684.4465
15.576084,0.6617251,-1.8784254,-0.53365785,0.41012308,163.60504,-276.6388,2689.795
15.671678,0.7150135,-1.9119995,-0.5514511,0.40797272,162.03606,-279.6369,2697.1711
15.870419,0.7259616,-1.9284095,-0.6109419,0.4082117,160.88782,-286.016,2693.753
15.840752,0.7263796,-1.8958687,-0.7432453,0.41233182,171.03975,-297.5174,2688.762
15.994791,0.7964959,-1.8870931,-0.7305471,0.4111687,172.88675,-296.05353,2687.1973
16.243069,0.7994857,-1.8663166,-0.66968226,0.4109226,167.22688,-294.39386,2681.5066
16.338772,0.81816125,-1.8156748,-0.6135371,0.4117255,153.60556,-284.1449,2677.0852
16.425117,0.7816946,-1.842365,-0.5884651,0.41072318,156.67503,-276.18573,2680.729
15.82757,0.7188415,-1.8948151,-0.58677757,0.40946543,172.34201,-249.58698,2668.6538
16.190321,0.61383533,-1.8659838,-0.50230014,0.41079843,162.35728,-228.35915,2653.2146
16.382038,0.5398672,-1.8914826,-0.4789727,0.41036233,158.04912,-215.74696,2646.839
16.096762,0.46291977,-1.8747572,-0.4298521,0.4111224,162.00484,-206.57068,2640.4355
