14.539366,0.0,0.0,0.0,0.43301272,-116.687096,98.41565,2647.0085
14.487222,0.0,0.0,0.0,0.43301272,-115.795555,93.43536,2639.2463
13.84423,0.0,0.0,0.0,0.43301272,-117.614914,92.04547,2629.2637
14.164869,0.0,0.0,0.0,0.43301272,-119.96894,81.993225,2611.4253
13.623067,0.0,0.0,0.0,0.43301272,-124.56417,59.14789,2583.8872
14.046282,0.0,0.0,0.0,0.43301272,-126.13498,4.764282,2541.916
13.845595,0.0,0.0,0.0,0.43301272,-124.69336,-20.364563,2529.3809
13.821593,0.0,0.0,0.0,0.43301272,-125.33711,-47.629333,2516.5288
13.715584,0.0,0.0,0.0,0.43301272,-125.13133,-77.331055,2499.807
13.868767,0.0,0.0,0.0,0.43301272,-124.2867,-83.09427,2497.8235
14.080402,0.0,0.0,0.0,0.43301272,-122.30311,-73.32648,2505.16
14.036869,0.0,0.0,0.0,0.43301272,-125.42401,-26.895752,2528.6843
13.713472,0.0,0.0,0.0,0.43301272,-126.173294,4.464905,2547.965
13.827286,0.0,0.0,0.0,0.43301272,-124.02917,48.071228,2579.9883
13.718118,0.0,0.0,0.0,0.43301272,-122.31134,67.091736,2604.089
13.968627,0.0,0.0,0.0,0.43301272,-119.13051,92.66791,2628.399
