13.208731,-1.0113095,-1.0946692,1.5357143,0.26902366,-109.29327,648.5976,2673.5056
12.531945,-1.0410937,-1.0480978,1.5170983,0.26749358,-110.76654,641.8807,2657.2966
13.046476,-1.0661081,-1.0094913,1.5123613,0.2671572,-111.48571,629.14746,2640.0144
13.320971,-1.235591,-0.8695723,1.4982786,0.27216038,-112.65365,595.4811,2595.501
13.511208,-1.3534287,-0.6576286,1.3885988,0.27105132,-110.959595,539.6825,2550.154
13.727087,-1.268316,-0.36009473,1.6542133,0.2680506,-111.39507,511.72052,2536.935
13.586867,-1.2567436,-0.216839,1.6167783,0.2622902,-113.511765,480.4586,2521.9602
13.2602625,-1.214235,-0.11292543,1.5719419,0.2552955,-112.24987,461.40198,2505.463
13.17873,-1.1999525,-0.11660018,1.5422195,0.2530555,-111.23214,449.2666,2503.2869
13.241511,-1.147972,-0.1664901,1.5462689,0.2513784,-112.454315,451.52374,2503.7805
13.064502,-1.1107061,-0.22287874,1.5716299,0.25172096,-113.312225,467.81427,2508.1628
12.809725,-1.0840015,-0.31131515,1.6083918,0.25393084,-116.34218,497.51306,2522.2734
12.755855,-1.09355,-0.45218137,1.6200551,0.25820875,-118.05032,535.9694,2541.9744
13.03974,-1.1334947,-0.56070787,1.6257429,0.26334918,-118.55597,565.90186,2563.6533
13.196258,-1.147912,-0.6562729,1.6312745,0.26696232,-117.638016,589.7616,2582.5737
13.093755,-1.1588216,-0.7912939,1.593912,0.2695584,-117.962875,614.3479,2605.605
13.126276,-1.0909576,-0.9793494,1.5966116,0.272468,-117.62452,643.9678,2648.923
