12.499579,0.0,0.0,0.0,0.43301272,38.412132,-655.03326,2595.2427
12.66478,0.0,0.0,0.0,0.43301272,39.716072,-655.0042,2601.43
12.839652,0.0,0.0,0.0,0.43301272,39.879612,-658.1478,2603.192
12.892988,0.0,0.0,0.0,0.43301272,39.375732,-663.25464,2605.7515
13.239295,0.0,0.0,0.0,0.43301272,39.53365,-665.6186,2620.0063
13.455575,0.0,0.0,0.0,0.43301272,40.821987,-675.806,2620.6538
13.652736,0.0,0.0,0.0,0.43301272,40.37237,-671.7138,2612.921
13.009317,0.0,0.0,0.0,0.43301272,46.633213,-672.3384,2603.296
13.1815815,0.0,0.0,0.0,0.43301272,46.467346,-679.71423,2586.4995
12.936777,0.0,0.0,0.0,0.43301272,49.840466,-672.38074,2562.6562
13.291075,0.0,0.0,0.0,0.43301272,50.254623,-669.3274,2576.089
13.236188,0.0,0.0,0.0,0.43301272,43.330482,-651.912,2576.3364
13.487709,0.0,0.0,0.0,0.43301272,39.287495,-650.0378,2585.5308
13.740387,0.0,0.0,0.0,0.43301272,37.401623,-644.7471,2597.545
