15.05374,0.007634077,0.03324535,0.25869465,0.42730027,52.34654,680.149,2649.4788
14.868333,0.14943527,0.09393349,0.23347317,0.42781,51.541496,684.1349,2657.9995
15.33423,0.03489896,0.0619668,0.2334458,0.42787144,49.12234,678.30084,2658.5088
15.188402,-0.25462103,0.06514558,0.24199228,0.42740935,47.296494,662.5908,2645.5337
15.0285425,-0.45772153,0.027243935,0.26065138,0.42654327,47.559242,653.9182,2634.6062
14.796513,-0.5522286,0.059462987,0.28241724,0.42563128,46.728912,641.58716,2618.7522
14.128359,-1.2207303,0.059279088,0.28381914,0.42134282,43.916252,605.66565,2565.3953
14.06773,-1.6481247,-0.049097482,0.29268405,0.41689548,44.401237,577.8735,2549.4126
14.477149,-1.9144794,-0.12569791,0.34364465,0.41180712,46.716652,526.2698,2525.6978
14.961314,-2.0691814,-0.18638262,0.32881176,0.40964943,48.47496,489.03857,2503.5344
14.4897,-2.0449317,-0.06272219,0.28633294,0.41054168,47.66818,497.51172,2499.2678
14.276009,-2.0474691,-0.08691689,0.30200556,0.41022155,46.140972,512.1704,2511.7842
14.267151,-1.8922127,-0.056632966,0.27560157,0.41366783,45.59847,531.21643,2514.0437
13.966991,-1.6996062,-0.08485874,0.3099651,0.4159156,46.439552,550.823,2525.0793
13.178428,-1.0964808,0.03230151,0.27931342,0.42264372,45.369522,611.4752,2566.9128
13.863432,-0.569901,0.028918164,0.2729931,0.42586154,47.233986,647.48065,2601.2666
14.041935,-0.37104905,0.039450243,0.27037996,0.4265343,48.125435,658.97546,2615.2097
14.448531,-0.13536094,0.08828829,0.263355,0.4270516,48.96675,674.2821,2636.7366
