11.986075,-0.0032152415,0.78621125,-0.086330764,0.6118892,-246.37753,186.11317,2368.7058
11.958049,0.005517474,0.79292446,-0.08374335,0.6035126,-248.10875,177.86641,2380.2183
12.078667,0.0033670936,0.7697041,-0.07842765,0.6335561,-239.19182,174.49257,2373.9897
11.957282,0.037054434,0.864733,-0.10447404,0.48984575,-232.95203,167.1917,2383.8464
11.875792,0.040023524,0.8706471,-0.108708456,0.47807348,-232.85432,150.53598,2392.8784
11.99737,0.043323748,0.88129836,-0.11206214,0.45703197,-233.84642,133.77158,2422.8494
12.078853,0.053326447,0.87804663,-0.09636031,0.4657307,-235.53735,132.11894,2456.4253
11.94587,0.07610189,0.87087625,-0.099690646,0.47523132,-238.34274,121.96773,2484.4304
11.969109,0.086721696,0.8703849,-0.08766832,0.47668,-239.79774,114.62561,2505.5847
12.49054,0.0759866,0.88015527,-0.039652262,0.4668837,-246.73601,86.37442,2534.9607
12.21239,0.074630216,0.8920997,-0.035031423,0.44425356,-256.0583,85.440216,2539.898
11.953014,0.054886498,0.91362846,-0.03560365,0.40125167,-268.26215,79.14928,2545.329
12.131861,0.04658869,0.92054766,-0.03007232,0.3866744,-275.0953,58.601532,2547.3555
12.415146,0.039796785,0.92236227,-0.013897428,0.38401937,-277.10318,63.380325,2556.5112
12.748903,0.03145351,0.91367304,0.027958665,0.40426546,-279.3183,55.893585,2552.1567
12.273489,0.031211397,0.90384936,0.03309026,0.42542586,-278.1669,52.95932,2543.6006
12.095796,0.039209947,0.9050545,0.0066197854,0.42343256,-275.43665,62.62407,2542.715
11.96017,0.056910187,0.8912523,-0.010368454,0.44980344,-271.98914,59.593475,2517.9373
11.842994,0.048982494,0.902757,-0.03216844,0.4261404,-257.80594,71.45419,2495.9568
11.77813,0.042562764,0.7844403,-0.027952392,0.6181106,-252.05664,85.42624,2476.7236
12.801618,0.13563871,2.4998481,-0.08907847,0.34189722,-248.16098,115.68858,2449.681
13.569138,0.1159151,2.1363385,-0.07612534,0.39646432,-246.87025,139.20497,2423.604
14.026011,0.08277113,1.5254885,-0.05435858,0.4184779,-246.98152,157.01201,2395.21
13.993859,0.06799808,1.2532184,-0.044656627,0.42390394,-247.89851,165.5796,2386.8447
13.634085,0.055318564,1.0195321,-0.036329556,0.4273383,-250.51353,180.38199,2384.954
13.238839,0.044727027,0.8243281,-0.029373745,0.42950544,-272.94473,186.31908,2369.81
