15.984529,0.13264994,0.09262877,0.24433272,0.42756954,53.93103,437.4052,2632.7705
15.407591,0.1258979,0.045027718,0.2713283,0.42696548,57.335327,436.7832,2628.7202
15.675708,-0.034507595,0.079009205,0.24972661,0.42746356,53.554962,428.019,2625.4575
15.543231,-0.2296621,0.049481634,0.2368739,0.4275947,53.336998,417.32825,2627.6816
15.205529,-0.75025016,-0.02423436,0.2823846,0.42496225,59.634777,395.94183,2623.115
15.018833,-1.0299621,-0.048088886,0.31092104,0.42264664,63.053406,378.8587,2626.2834
14.699967,-1.2547572,-0.042259995,0.3025751,0.42101714,63.81155,358.8185,2620.9878
13.988893,-1.6639078,-0.012879514,0.31184924,0.41594982,67.15224,326.0915,2618.8647
13.885102,-1.7795719,0.010650553,0.2874686,0.4147235,65.72739,312.65573,2616.459
13.783724,-1.7911872,0.058974497,0.28386104,0.41425624,65.76267,304.75745,2617.5884
14.46091,-1.6596736,-0.008214688,0.34388372,0.41510928,71.218124,319.05524,2617.4614
14.393736,-1.332497,-0.078519516,0.33854267,0.4194959,72.212166,345.86597,2617.3247
13.983908,-1.1205971,-0.079770476,0.32446137,0.4217231,71.3607,372.1928,2621.1404
13.974466,-0.9482795,-0.041481595,0.3304327,0.42269802,71.70383,386.153,2623.657
14.413143,-0.5602196,-0.08153803,0.31878987,0.4249635,71.05826,412.8072,2624.691
14.786989,-0.14481586,5.851266E-4,0.30983415,0.42603123,72.69575,433.64795,2625.14
15.134873,0.07038916,0.029793559,0.2623566,0.4272064,71.79549,442.38522,2624.5833
