17.194761,0.1272857,0.043752972,-3.470712,0.4342317,45.743145,214.22217,2304.997
17.130062,0.114435434,0.039335836,-3.4704058,0.43411878,59.292957,218.88483,2291.9521
16.55073,0.09252103,0.031803012,-3.4696994,0.433921,87.26076,216.21606,2255.6816
16.738941,0.07482648,0.025720721,-3.4689584,0.4337566,106.40594,219.5007,2224.8213
16.905655,0.060533077,0.020807533,-3.4682467,0.4336206,118.52657,219.94254,2202.361
15.778179,0.048980948,0.016836628,-3.4675977,0.4335086,127.85783,227.45474,2195.2073
15.968935,0.04406317,0.015146198,-3.4673016,0.43346035,128.9083,231.4122,2197.4739
16.154308,0.039640818,0.013626065,-3.467024,0.43341663,128.07785,234.26733,2204.1567
16.285166,0.035663694,0.012258975,-3.4667668,0.43337712,127.55629,240.91351,2208.1248
16.435085,0.032086715,0.0110294325,-3.466529,0.43334138,125.64281,248.54282,2232.1672
16.561327,0.028869417,0.009923524,-3.4663088,0.4333091,122.667816,249.6857,2251.6653
16.583992,0.025975464,0.00892876,-3.4661062,0.4332799,119.4253,244.49777,2261.874
16.413689,0.023372224,0.008033928,-3.465921,0.4332536,119.01705,241.06668,2284.3232
16.607697,0.018923586,0.0065047597,-3.4655957,0.43320832,114.34871,237.38785,2291.4553
16.838167,0.015322888,0.005267063,-3.4653258,0.43317145,107.91133,229.22763,2305.8848
16.952509,0.012408107,0.004265141,-3.4651017,0.4331415,123.04054,220.83475,2360.5347
17.091406,0.010048308,0.0034539879,-3.4649174,0.43311715,128.06668,210.34549,2382.875
16.735603,0.008137645,0.00279722,-3.464766,0.43309736,138.9808,203.16263,2402.298
16.125113,0.00732331,0.0025173018,-3.464701,0.43308893,161.38828,203.79813,2429.7065
15.660421,0.0065905163,0.0022654128,-3.4646423,0.43308133,211.52014,197.80716,2472.5496
15.152711,0.005337678,0.0018347637,-3.464541,0.43306834,284.55518,193.25589,2531.3835
15.59676,0.004323099,0.0014860139,-3.4644592,0.43305779,323.6323,192.46674,2570.044
15.886186,0.0035014339,0.0012035762,-3.4643915,0.4330492,331.16214,189.93503,2583.5352
15.7095785,0.0031511842,0.0010831823,-3.4643624,0.43304554,331.1392,190.15161,2597.4233
15.803469,0.0028359804,9.7483466E-4,-3.4643366,0.43304226,323.6737,185.68143,2596.5046
15.932691,0.0025523128,8.77327E-4,-3.4643135,0.4330393,302.5758,177.15463,2599.1538
16.116697,0.002297025,7.8957493E-4,-3.4642923,0.43303668,305.9767,179.05438,2601.1375
16.276497,0.002067277,7.106018E-4,-3.4642732,0.43303427,280.5805,177.8541,2602.6963
16.551353,0.001674431,5.7556573E-4,-3.464241,0.43303016,247.18741,180.3583,2612.716
16.781452,0.0013562475,4.6619383E-4,-3.4642146,0.43302685,226.52196,186.7037,2616.0747
17.02264,0.0010985332,3.776076E-4,-3.4641929,0.43302417,180.2066,185.98007,2610.442
17.160355,8.897943E-4,3.05856E-4,-3.4641752,0.43302196,141.57495,197.77747,2596.7253
16.912983,8.008081E-4,2.752681E-4,-3.4641678,0.43302104,135.03143,197.4372,2592.6777
16.94551,7.207217E-4,2.4773943E-4,-3.4641614,0.43302023,122.63585,195.16696,2582.8218
17.095673,1.7115763,-1.5736843,-1.2883167,0.33227837,21.855827,107.93375,2543.0427
17.029621,-0.6073,0.6306788,0.050518315,-0.48049864,22.738647,169.4328,2479.5916
17.080557,-0.65216905,0.70263654,-0.06684318,-0.27660352,39.17984,188.25098,2467.5303
16.972717,-0.6456481,0.7397957,-0.18929413,-0.0029274567,70.491806,208.36261,2459.1746
16.729603,-0.6285524,0.74341416,-0.22768112,0.020460585,60.789856,212.64899,2459.7202
16.811142,-0.61465436,0.7450672,-0.25431085,0.048999127,48.46229,222.88348,2463.7434
16.337597,-0.6142695,0.7398937,-0.25721312,0.09524564,36.74869,225.79889,2465.9294
16.485321,-0.59892327,0.7375597,-0.27998742,0.13749059,22.931908,234.04556,2474.0508
16.570278,-0.61035913,0.7245347,-0.26739645,0.17609775,10.564316,235.59515,2480.3464
16.566172,-0.625224,0.7049381,-0.25182265,0.22077703,-3.0573502,232.62631,2483.2063
16.618298,-0.62371486,0.69520146,-0.2558604,0.24941963,-16.84874,226.11081,2485.6584
16.319803,-0.6118627,0.73363155,0.27358884,-0.11206221,103.198006,248.28473,2508.6733
