8.927964,0.19779968,-0.4203905,2.0706882,0.2691233,406.02225,306.00525,2428.7327
8.844001,0.26075384,-0.2853251,2.0943897,0.26987976,399.1689,318.40417,2434.8499
8.664059,0.4336989,-0.28269082,2.0899475,0.27418587,370.3896,321.7858,2433.4482
8.564719,0.8748174,-0.17377971,2.0144389,0.28026113,330.50446,315.98013,2425.7961
8.27849,0.98840195,-0.19578095,2.0050209,0.2887154,289.94547,310.59937,2425.3953
8.166914,1.1906321,0.051944286,1.9749906,0.2961697,276.75458,301.36948,2429.2095
8.146649,1.132247,0.26760602,1.9484168,0.28569227,266.76715,293.38986,2445.8264
8.060028,1.0657378,0.45529637,1.8583409,0.2737781,253.39511,247.30042,2460.4587
8.068552,0.9618214,0.41090187,1.9001368,0.2711246,243.45201,320.21805,2403.6611
7.958666,0.8661973,0.3700501,1.9323952,0.268749,204.17868,312.02722,2351.9624
7.8528147,0.7789064,0.33275837,1.9570581,0.26663184,238.84068,306.47653,2326.6106
7.824754,0.699682,0.2989127,1.9757162,0.26475108,277.47025,304.40106,2294.1653
7.724815,0.6280779,0.26832262,1.9896576,0.2630842,302.45303,296.40845,2262.7473
7.713744,0.56355435,0.24075736,1.9999156,0.26160914,323.43317,289.56006,2244.9822
7.703366,0.5055339,0.21597028,2.0073123,0.26030502,339.32312,311.8984,2283.0952
7.708036,0.45343792,0.19371423,2.0125012,0.25915268,350.38596,315.84616,2319.6155
7.647046,0.40670756,0.1737504,2.015996,0.2581344,360.18378,320.9459,2369.7583
7.5665936,0.3648166,0.15585409,2.018201,0.25723433,374.29776,324.88477,2408.3145
7.4898386,0.3272778,0.13981707,2.019434,0.25643852,367.17242,339.3649,2418.6812
7.471698,0.29364476,0.12544864,2.0199416,0.2557344,351.15512,327.03992,2402.5935
7.5322814,0.8871985,0.93511033,1.6345711,0.26183474,373.08163,239.02011,2479.3398
7.6077185,1.0723954,1.2279978,1.0306855,0.25861755,393.25555,280.39856,2484.5195
7.585339,0.9759989,1.1464617,0.53955525,0.2506573,396.72607,302.59726,2462.162
7.380016,0.5743994,0.70758814,0.20329054,0.357851,358.82202,369.62094,2441.3518
7.3996453,0.59425527,0.75192815,0.109553166,0.26355827,367.7196,343.13858,2411.1455
7.479448,0.60238975,0.7771132,0.036242113,0.17862876,320.6944,388.9391,2379.3953
