8.713408,0.30289957,-0.25818014,2.0132785,0.2571367,325.57007,325.39163,2422.591
8.560654,0.5479865,-0.25255343,1.957462,0.25638762,306.81088,321.57693,2463.9365
8.440463,0.28406882,-0.052808523,0.6712008,0.682646,300.3112,330.3302,2493.134
8.330423,0.31616077,-0.035735317,0.68146765,0.65906537,292.08862,352.21014,2444.982
8.226809,0.1556642,-0.29577014,0.61852914,0.7111331,277.5793,311.90094,2440.2888
8.139999,0.71103704,-0.6928148,1.759496,0.25408748,275.78152,340.3319,2448.187
8.081457,0.69402945,-0.58864313,1.9277331,0.27212086,277.74875,336.36755,2497.713
8.378138,0.52849203,-0.49612212,2.045671,0.28014556,279.44983,308.16608,2518.605
8.8873825,0.5596278,-0.17746557,2.129866,0.28591892,311.6119,341.04953,2515.5928
9.316241,1.2524303,0.49570924,1.9508724,0.30506948,412.08487,372.9397,2459.1047
9.222838,1.197708,0.41999853,1.9825115,0.30366397,400.44382,367.43588,2457.493
9.377242,0.33257717,-0.29488876,0.5906351,0.6734858,401.31927,374.08783,2451.6624
9.125337,0.5275004,-0.21675853,2.0625532,0.27076435,406.8792,381.65967,2443.714
9.09016,1.4829729,1.1080784,-0.35778818,0.32161626,387.20563,371.8297,2273.7168
9.134317,0.97479105,0.7387676,-0.5681718,0.3124441,336.11008,343.24103,2148.6567
8.992961,0.15242688,-0.6143055,2.097278,0.2871344,238.60876,291.9319,2186.3364
8.675693,-1.3053726,-0.94687504,0.4633566,0.28705114,160.33951,282.8048,2144.295
8.619358,-0.29221198,-0.5922083,2.093786,0.28186777,64.4714,281.6507,2218.6729
8.481777,0.07071172,0.078114055,2.2086306,0.28891322,63.285164,264.76923,2231.374
8.329335,-0.15101036,0.37629193,2.168485,0.28975835,8.50584,207.73505,2274.2793
8.206218,-0.054630414,0.25956288,2.080963,0.26403785,-14.845139,350.54645,2346.3555
