7.5453663,0.573066,0.80238485,-0.15322484,-0.06554357,266.52097,378.64258,2330.2507
7.4950285,0.57012475,0.78659594,-0.21157837,-0.10704738,294.33792,334.16364,2332.5767
7.4291763,0.5687778,0.76558477,-0.2573252,-0.15542033,310.85678,346.37457,2327.3853
7.473331,0.55670536,0.7627538,-0.28177997,-0.1699582,331.98856,360.86414,2315.384
7.539741,0.5319409,0.7606889,-0.31872675,-0.19184497,354.61945,372.16638,2295.412
7.881372,0.45982245,0.7476571,-0.37678182,-0.29598588,383.84915,338.8831,2257.8901
7.9218125,0.45156628,0.70570874,-0.4080589,-0.36269954,385.4401,326.68246,2255.7527
7.7197485,0.4142756,0.6291727,-0.4730292,-0.45690355,387.49692,318.2247,2276.4358
7.58259,0.3819557,0.5800875,-0.5161076,-0.5012399,407.87073,412.7687,2362.7773
7.4420905,-0.35048473,-0.53229153,0.5516761,0.5380333,423.65106,395.94678,2416.9678
7.322978,-0.32038903,-0.4865844,0.58091336,0.56844187,429.68073,387.20627,2457.859
7.2039323,-0.29199082,-0.4434552,0.6048591,0.5934932,432.3806,374.42514,2478.2607
7.098452,-0.26546374,-0.40316772,0.6244128,0.6140794,426.73737,364.71475,2475.8203
7.161051,-0.24087584,-0.36582536,0.6403401,0.63096374,421.63574,355.43393,2451.8882
6.9953947,-0.21822225,-0.33142066,0.6532863,0.6447918,409.97504,348.493,2417.8896
6.9879503,-0.15635042,-0.323699,0.66279453,0.65686893,394.60785,264.62833,2369.8604
7.07792,-0.09455878,-0.3202776,0.65660924,0.676273,379.50137,285.28226,2345.2095
7.759256,0.0019718646,-0.28516972,0.6381641,0.715137,359.42496,294.8917,2320.6816
8.171925,0.036336146,-0.25114924,0.6340079,0.73050517,360.08893,295.4312,2321.3357
8.525722,0.2057943,-0.64329964,1.9307868,0.25734398,365.93918,295.47955,2327.4924
8.422869,0.52254957,-0.06363885,2.137207,0.2826834,384.81598,298.22485,2377.9778
8.303225,0.6205235,0.22036342,2.1050074,0.28034085,418.36807,302.5517,2387.8254
8.17352,0.78049475,0.4207407,2.0588992,0.28463912,454.87454,306.93674,2386.9395
8.147452,0.6849551,0.08012614,2.10048,0.28167933,487.07025,336.60535,2434.2444
8.14271,0.60680383,0.07098398,2.104931,0.27848026,473.9125,338.9287,2391.6382
8.076162,0.5379835,0.06293335,2.1059234,0.2755907,446.88876,320.9094,2374.109
7.9684277,0.47737598,0.055843484,2.1044319,0.27298564,403.73425,300.62946,2361.8687
7.8025246,0.4239767,0.04959682,2.1012037,0.27064064,348.66684,290.97412,2352.5293
