7.5933895,0.37491488,-2.2435231,0.06559445,0.37273642,679.1613,-228.60611,2535.9685
7.511309,-0.004554566,-2.2794237,-0.04871679,0.3837258,682.4672,-231.67172,2496.495
8.279008,-0.5626178,-2.0926332,-0.030114787,0.4004935,670.6022,-220.06459,2416.3457
8.944489,-0.874903,-1.9173971,0.06566938,0.40558055,677.6055,-209.97107,2362.5771
9.514048,-1.1818565,-1.6116914,0.1669491,0.41127124,692.58734,-198.37317,2275.0647
9.950238,-1.0073411,0.7303979,0.09095069,0.42162526,677.7901,-189.5296,2206.6895
10.313417,0.05915527,1.1859287,0.10895965,0.42148116,647.82227,-196.64806,2170.1438
10.327196,0.5915081,1.4916816,-0.12942392,0.4224158,646.06476,-194.18442,2140.2778
10.094365,0.7259205,1.9229403,-0.3801648,0.41656262,632.05304,-196.9531,2100.1587
9.796078,0.653137,2.263348,-0.42442226,0.40229455,617.5574,-200.3111,2058.422
9.613077,0.55598956,2.4857366,-0.39366543,0.3815777,618.36414,-195.86804,2027.696
9.369534,0.46860665,2.558173,-0.3392512,0.3606123,615.0317,-190.82953,2009.3544
9.336912,0.34994355,2.5280707,-0.22546738,0.33700722,593.24744,-175.0282,1998.332
9.79802,0.15700659,2.345838,-0.056973018,0.29833382,543.11145,-129.53116,2003.8395
9.156749,0.016464837,0.74516255,0.019433007,0.6663963,498.26126,-120.778076,2036.8386
8.8355,-0.059785593,0.84281003,0.10140136,0.52518076,386.03342,-145.47183,2082.9106
8.723298,-0.13712953,0.93569744,0.12875447,0.29847616,310.90717,-138.25058,2106.564
8.68274,-0.14810343,0.896679,0.21197402,0.3593037,219.3736,-176.68015,2143.1443
8.643375,-0.13203415,0.8667976,0.19932738,0.43760416,161.5355,-212.38686,2128.3591
8.518957,-0.03689056,0.9217223,0.07046205,0.37960804,140.41965,-217.65044,2190.1167
8.406193,0.004535067,0.93659353,0.008111246,0.35029453,114.74545,-208.11748,2255.7393
8.294976,0.018191786,0.95265573,0.019626822,0.30287108,81.75409,-194.79237,2323.6594
8.164641,0.012954996,0.97652125,0.031714454,0.21267983,34.110474,-230.71928,2353.0605
8.108846,-0.008929574,0.9938082,0.04061818,0.10303204,7.9652634,-280.38394,2367.0635
8.120137,-0.033150528,0.99819905,0.044719804,-0.022357881,-3.242157,-307.7849,2386.3276
8.134105,-0.04517934,0.99367565,0.047890216,-0.090961844,3.7000732,-323.20837,2377.6401
8.065464,-0.05346287,0.9862758,0.06567122,-0.14173567,5.1543236,-325.74805,2390.3284
