15.807423,0.2645915,-2.1222174,-0.32825762,0.39944157,-133.08293,-379.65262,2166.6938
15.373144,0.20662917,-2.1686628,-0.25119954,0.395341,-137.47174,-383.88245,2136.8545
15.40795,-0.04727017,-2.2967057,-0.18270981,0.38788152,-138.11272,-383.98328,2095.9038
15.664989,-0.13202736,-2.4376414,-0.17113702,0.37333798,-132.98128,-387.5331,2083.9985
15.822492,-0.24435815,-2.46579,-0.06063588,0.36447373,-140.30646,-384.6194,2056.9287
15.438688,-0.28863448,-2.4899,-0.03893021,0.3567524,-136.96936,-381.68512,2046.4453
15.650074,-0.2828251,-2.5017216,-0.03510813,0.34244245,-123.06053,-373.7027,2045.5367
15.370847,-0.31316677,-2.4414456,-0.030650323,0.31754115,-104.514084,-353.5921,2037.0027
15.0267515,-0.3455963,-2.316823,-0.040171366,0.2946923,-70.119064,-343.41443,2024.8235
14.92556,-0.4043997,-2.1352196,-0.1101947,0.27229744,-8.5269165,-316.64185,2033.6404
15.150852,0.15414704,0.82961214,0.026801141,-0.53597,14.493973,-304.98645,2041.4668
14.679243,0.21983513,0.7738919,0.08549996,-0.5877529,152.35576,-269.85007,2022.4298
15.180154,-0.64370453,-1.9910362,-0.33568665,0.27232394,272.44772,-284.04886,1997.4762
15.585334,0.14676788,0.8237352,0.1265707,-0.5328221,308.17438,-255.10164,2034.6178
15.667996,9.4583665E-4,0.91746587,0.088460855,-0.38785326,352.36676,-262.14886,2067.5046
15.829349,-0.057990983,0.92846423,0.029599497,-0.3656707,361.89526,-283.81525,2057.9924
15.956683,-0.086017914,0.9342045,-0.004410815,-0.34618375,376.2292,-306.40588,2054.9065
16.05358,-0.092016034,0.9382134,-0.009749134,-0.33345726,404.5277,-309.0282,2054.2754
15.273815,-0.05957715,0.9569386,0.0024870536,-0.2841001,471.1847,-322.7818,2061.618
15.664489,-0.02325251,0.9676242,0.011868016,-0.25104162,505.7442,-351.84048,2043.2783
15.994726,-0.0061862404,0.9784732,0.011503233,-0.20596035,523.7809,-329.99908,2050.9412
15.953675,0.013020311,0.99454474,0.014447438,-0.10248106,547.15283,-421.08655,2064.9253
16.24025,0.073357,0.99722856,0.0010374233,-0.012363654,535.25415,-452.85452,2056.1462
16.325903,0.032660645,0.9986407,0.03824598,-0.013685145,516.9012,-378.3046,2069.2844
15.949907,0.021574406,0.99793845,0.050680485,-0.032937877,507.60672,-329.18497,2086.5298
15.466475,-0.0057682446,0.9961711,0.06558071,-0.057523716,484.76068,-302.6365,2117.869
14.656329,-0.008514313,0.9908121,0.125223,0.050378323,477.93423,-256.74597,2221.3716
14.424193,-0.013172765,0.9853155,0.16631337,0.036327552,484.1815,-207.71689,2313.9746
14.368074,-0.001733523,0.98455364,0.1722177,0.03149957,479.34235,-201.80113,2348.5618
14.069087,-0.09665116,0.93514967,-0.009504726,-0.34068072,611.6887,-277.58423,2205.508
13.756311,0.033009883,0.9860952,0.16138867,0.02191759,464.81372,-205.13889,2372.4856
13.651557,0.032503083,0.9709554,0.15891086,0.17588732,376.87616,-214.39568,2341.4539
13.341234,0.029849473,0.8916848,0.14593711,0.42744538,336.09198,-223.03575,2226.4048
14.196968,0.026160575,0.78148746,0.12790169,0.61011016,352.50482,-240.34775,2153.333
14.565932,0.06808973,2.0340261,0.3328976,0.25880423,385.8058,-228.1096,2144.358
14.3769865,0.07482306,2.2351694,0.36581767,0.2914359,386.26233,-235.23112,2139.4998
14.301385,0.078150004,2.3345542,0.3820834,0.3174198,407.36853,-234.21925,2150.7383
13.939993,0.07882681,2.3547723,0.3853924,0.33834505,427.43707,-235.59274,2159.8184
13.669771,0.077527426,2.3159566,0.37903962,0.35530168,442.13904,-230.62305,2165.669
13.634487,0.074824125,2.2352014,0.3658228,0.3690945,422.86603,-234.35004,2153.7642
13.531513,0.071181856,2.126397,0.34801537,0.38034254,401.58713,-245.88239,2144.0544
13.224281,0.06696459,2.0004156,0.3273967,0.3895331,394.54645,-255.47986,2136.2642
13.431461,0.06244804,1.8654941,0.3053149,0.3970544,397.11697,-267.39117,2144.5566
13.829849,0.05783471,1.7276813,0.28275988,0.4032185,377.80405,-279.2139,2143.1836
14.201906,0.05326845,1.5912747,0.260435,0.40827733,393.30942,-308.68713,2177.3684
14.571998,0.04884764,1.4592131,0.2388212,0.41243482,393.26498,-330.72504,2218.295
14.863509,0.044636182,1.3334051,0.2182309,0.41585654,402.68936,-335.33398,2249.0935
14.755008,0.010109768,0.9713696,-0.060117636,-0.22961855,431.56635,-195.82448,2597.6829
14.746019,0.0022535345,0.9963314,0.077675425,-0.0358506,141.41295,-302.4219,2538.0742
14.900047,0.042852707,0.81898403,0.054194935,0.56964165,94.516556,-306.42117,2532.206
14.931174,0.034216754,0.7386154,0.04552318,0.6717173,53.384415,-303.21777,2487.6257
14.64206,0.024112148,0.71430796,0.04718073,0.69782275,56.259033,-304.95905,2488.9185
14.334351,0.038172722,2.119682,0.15672477,0.26696333,38.137253,-279.16876,2472.8933
14.201683,0.09594649,2.216248,0.11293178,0.28011042,67.85503,-285.65167,2476.2761
13.85388,0.034075826,0.94973594,0.066594236,0.30398306,-43.53206,-367.0287,2464.1323
13.598368,0.013512163,0.9955638,0.07089125,0.060369585,-90.73552,-404.69064,2411.7695
13.57613,0.0020070737,0.99851835,0.03574461,-0.04098162,-130.65321,-365.83838,2392.7751
13.487479,0.015897145,0.99744886,-0.0026773326,-0.06953902,-145.7164,-350.87292,2381.9238
13.208679,0.017557666,0.99725825,-0.01660061,-0.069942944,-153.86154,-348.16003,2367.616
13.050954,0.008474214,0.99743056,-0.041691758,-0.05764025,-164.01099,-352.2564,2365.6975
13.141021,-0.046347395,0.99746966,-0.052666973,-0.011505832,-176.83784,-362.47357,2342.7688
13.047501,-0.07950864,0.993939,-0.070449464,0.02829301,-181.47903,-372.8604,2341.4814
