14.38648,-0.2676576,-2.2322369,0.018673453,0.388608,106.83262,-464.00946,2262.673
14.701242,-0.13506152,-2.298773,-0.009824518,0.38257438,94.50397,-454.22363,2265.529
14.328171,0.2382836,-2.4091032,-0.19673626,0.36701435,106.556694,-442.55768,2265.337
14.186307,-0.03135905,0.94625586,0.2750507,-0.16722317,107.26972,-435.3639,2281.9697
14.105307,-0.030395245,0.96739095,0.18801312,-0.16697876,108.29886,-441.502,2304.3164
13.716608,0.0047812643,0.97699976,0.14351515,-0.15764505,107.99846,-437.52332,2299.3738
13.638351,-0.8351675,-0.93637717,0.3067533,0.42039728,149.87827,-349.85168,2017.4825
14.365169,-0.7626255,-1.7379545,-0.356285,0.42157474,206.09543,-254.78697,1972.0688
14.907818,-0.64149684,-2.453188,-0.028572135,0.37007794,187.10995,-393.67365,2348.6016
15.325344,-0.97421336,-2.4641747,-0.040348936,0.36468104,255.52573,-413.8958,2258.3262
15.737456,-0.028256537,-1.9775274,0.052124698,0.39989498,319.0863,-321.5694,1985.464
15.895982,-0.027325807,0.9484683,0.0042872266,0.3156623,321.89993,-347.26074,1976.7987
16.203693,-0.027120534,0.85252655,-0.017750585,0.52167773,366.5303,-362.3466,1980.487
16.268877,-0.032588612,0.88986677,-0.027108507,0.4542469,361.65732,-414.65778,1972.5652
15.329726,0.0038769902,0.8863619,-0.10574332,0.45073935,427.69666,-418.88318,1985.4813
15.549959,-0.028605882,0.8799047,-0.1260584,0.45722935,433.6444,-421.4201,1988.0311
15.876848,-2.0192518,-1.1191602,-0.23232977,0.42176193,448.0685,-413.85065,2007.2313
16.13878,-2.0967007,-0.8300083,-0.3305081,0.4251169,451.7779,-388.6421,2001.8516
16.400629,-2.2138638,-0.7875726,-0.38265574,0.4244563,465.05292,-416.38254,2023.5786
16.58567,-1.5753531,-1.0371994,-0.041913625,0.42349318,450.54828,-406.10727,2045.2319
16.716198,0.21416354,-1.5059583,-0.52884,0.42711583,473.69678,-377.29883,2083.0999
16.446154,-0.37297425,-1.4114001,0.12793931,0.4176775,465.3332,-449.0641,2166.722
15.757651,-0.1867223,-1.6027628,-0.23846225,0.42125136,505.55038,-439.77524,2174.687
15.905574,-0.06754629,-1.7761394,-0.36847472,0.41857696,525.14014,-458.80518,2192.1643
15.095024,0.20254946,-2.0109582,-0.25935712,0.40448394,522.2738,-512.4275,2253.3787
14.970882,-0.83336174,-1.8008579,0.9266533,0.37613973,554.7201,-487.38623,2270.394
14.251427,0.08796734,-2.0859194,0.23189665,0.3859487,521.0063,-466.54773,2267.16
14.075634,-0.063866094,-2.5088062,-0.19493419,0.35261968,542.0521,-442.5312,2206.8472
14.043526,-1.4638056,1.1798885,0.47988832,0.39162585,509.91336,-449.8003,2246.9473
13.68895,-1.2708876,1.4700173,0.18970187,0.39539748,510.97733,-467.82977,2287.7546
14.075293,-0.085613094,1.47966,0.10787385,0.4146037,515.4364,-458.498,2315.72
13.5401325,0.333232,-1.8960814,-0.3846035,0.41095236,600.711,-413.7834,2419.8103
13.566032,-2.5170035,-1.436085,-0.5131003,0.41085625,609.3791,-395.49915,2402.6763
13.415485,-0.036391255,-1.6805112,0.1912077,0.40742022,594.1715,-379.54434,2417.4211
13.05056,-0.16817428,-1.6816238,0.2966012,0.40510195,584.49554,-354.85205,2406.9148
13.13656,-0.06446512,-1.7307591,0.29277375,0.40284318,578.07196,-396.59305,2418.9758
12.7556715,-0.13379681,-1.4951466,0.5244234,0.40335426,552.8274,-428.5957,2436.9001
12.74909,-0.24084869,-1.3426471,0.56987035,0.40629363,525.6808,-462.34222,2443.922
12.860065,-0.25807968,-2.1482654,0.82507145,0.3437256,543.7731,-489.668,2451.3628
12.52637,-0.12214626,-1.715801,0.8153035,0.38376972,401.57568,-421.45636,2429.7551
12.587419,-0.28587613,-1.6410881,0.69958514,0.3930931,398.76703,-456.61737,2444.8076
12.660019,-0.19965056,-1.8111371,0.6103763,0.3890641,389.78607,-471.7466,2451.2607
12.36996,-0.0665823,-2.344588,0.31465247,0.35480618,332.8677,-415.1068,2439.642
12.175034,0.017042322,-2.3630037,0.3272637,0.33445987,317.86252,-399.5231,2452.2996
12.056562,0.084000215,-2.2193282,0.26277843,0.2868431,317.62506,-413.2854,2465.8906
11.630036,-0.027720626,0.6839273,-0.07507586,-0.72514737,313.9455,-398.93073,2474.4685
