14.551183,-0.6914414,-0.8605277,-0.33961886,0.4355145,-277.3528,-243.75964,2006.0842
15.128161,-0.9670246,-0.6452281,-0.33748245,0.43613443,-283.8897,-233.436,1976.7917
15.57167,-1.0318434,-1.1497536,-0.34009352,0.4316669,-287.24408,-224.15523,1950.8625
15.933542,-0.997554,-2.0018294,-0.38121355,0.4135803,-230.53506,-212.1695,1952.2465
16.276726,-0.85581774,-2.353569,-0.59922916,0.40054196,-207.80804,-192.14378,1948.2983
16.533138,-0.46516052,-2.5815544,-0.5346856,0.35837793,-199.24301,-187.76286,1977.4004
16.639975,-0.07644284,-2.510118,-0.31408414,0.33301795,-210.0817,-196.29955,2009.0319
16.47077,0.23682755,-2.3884428,-0.104442395,0.31528065,-231.26826,-203.62465,2062.7632
16.660748,0.32294115,-2.315468,-0.08355783,0.30276698,-249.68317,-215.13533,2088.7046
16.783796,0.28646564,-2.1391344,-0.13641547,0.2719385,-246.62572,-218.19453,2112.5286
16.962318,0.2483062,-2.0664108,-0.2030019,0.26164776,-229.54074,-226.15176,2113.4614
17.042646,-0.07704926,0.72718877,0.08329348,-0.6769949,-238.54903,-232.48305,2126.808
17.123861,-0.05916358,0.8797771,0.10703715,-0.4593856,-256.01468,-248.62152,2117.2327
17.21435,-0.020035293,0.9606047,0.04512434,-0.27349734,-221.81459,-249.89635,2085.781
17.252668,-0.029356252,0.9775822,0.024761893,-0.2070216,-225.46896,-260.3922,2098.1514
16.540997,-0.043102197,0.9820801,0.09816974,-0.15499528,-232.43481,-259.9744,2113.6833
16.665436,-0.039001655,0.98662454,0.10891183,-0.11484391,-239.17673,-264.6657,2106.2126
16.782402,-0.021269204,0.9926976,0.11024519,-0.044105623,-228.21533,-243.86017,2106.7634
16.93355,0.003320426,0.992574,0.11632116,-0.035430323,-198.8795,-216.59384,2112.9404
17.005098,0.029958181,0.99215907,0.12057377,0.013594483,-171.58492,-222.26247,2126.2969
16.718283,0.038645457,0.9893616,0.12837537,0.056478757,-171.78352,-240.71791,2124.8718
15.652298,0.006026615,0.98228925,0.18727389,7.754284E-5,-167.66705,-213.23517,2163.6973
15.360592,-0.0065117846,0.98474175,0.1680177,0.044847295,-173.41522,-215.31519,2187.0315
15.7048435,-0.019366782,0.9919172,0.09683128,0.07967996,-168.13278,-166.03293,2159.748
15.585204,-0.013341567,0.9883719,0.026844596,0.14907213,-161.49014,-177.75671,2141.2998
15.2136345,0.009299411,0.98676866,0.004890856,0.1617935,-150.4079,-144.39795,2120.3022
15.064504,0.021787774,0.9827664,-0.006134665,0.18346077,-157.80548,-142.74791,2134.6526
14.31339,0.004592587,0.9713819,0.007893238,0.23734756,-184.44496,-155.50296,2139.0977
14.166673,-0.0150587335,0.96608293,0.025304103,0.25654775,-223.13693,-157.21655,2172.1572
14.108398,-0.029230824,0.95603746,0.03620167,0.28952962,-216.44034,-186.72568,2151.769
13.545722,-0.07200601,0.90411544,0.050854426,0.41809592,-268.38794,-143.15341,2150.9587
