12.312216,0.0,0.0,0.0,0.43301272,124.35371,28.32853,2291.9785
12.463086,0.0,0.0,0.0,0.43301272,104.69856,1.6148834,2304.145
12.396292,0.0,0.0,0.0,0.43301272,452.71027,-71.42203,1906.1041
12.561748,0.0,0.0,0.0,0.43301272,488.86847,13.197296,1863.3812
12.76273,0.0,0.0,0.0,0.43301272,595.9163,-96.56998,1998.6643
12.224627,0.0,0.0,0.0,0.43301272,627.4244,-99.56293,1987.0186
12.353917,0.0,0.0,0.0,0.43301272,586.7963,-65.12872,2022.8773
12.325778,0.0,0.0,0.0,0.43301272,624.8683,-81.62378,2042.4265
12.127179,0.0,0.0,0.0,0.43301272,697.1881,-89.74811,2099.555
12.727448,0.0,0.0,0.0,0.43301272,754.98334,-63.15271,2154.222
13.167936,0.0,0.0,0.0,0.43301272,779.227,-73.50903,2193.6465
13.060753,0.0,0.0,0.0,0.43301272,787.6118,-79.059296,2229.5344
13.6629715,0.0,0.0,0.0,0.43301272,773.0047,-81.7673,2254.3345
14.045062,0.0,0.0,0.0,0.43301272,757.139,-79.14493,2270.3591
13.648814,0.0,0.0,0.0,0.43301272,674.2962,-82.76581,2394.7666
13.347257,0.0,0.0,0.0,0.43301272,671.16656,-90.75726,2343.2708
13.316316,0.0,0.0,0.0,0.43301272,279.44397,-206.39331,2040.468
13.240808,0.0,0.0,0.0,0.43301272,229.84729,-96.28931,2066.208
12.805382,0.0,0.0,0.0,0.43301272,455.2236,627.38617,2239.4585
12.874166,0.0,0.0,0.0,0.43301272,373.3355,546.4824,2184.6462
12.887955,0.0,0.0,0.0,0.43301272,173.2595,-65.79828,2263.515
13.779124,0.0,0.0,0.0,0.43301272,192.21939,-31.407852,2207.8198
14.467784,0.0,0.0,0.0,0.43301272,229.7679,-83.51459,2155.9548
15.076864,0.0,0.0,0.0,0.43301272,280.43564,-92.00937,2124.0603
14.922041,0.0,0.0,0.0,0.43301272,310.97202,-92.14554,2150.3032
15.178493,0.0,0.0,0.0,0.43301272,315.76294,-83.62845,2164.477
14.400654,0.0,0.0,0.0,0.43301272,288.9389,-88.08859,2263.5674
14.222844,0.0,0.0,0.0,0.43301272,298.5789,-76.07721,2274.8171
14.200726,0.0,0.0,0.0,0.43301272,327.34128,-88.64734,2300.9077
13.602761,0.0,0.0,0.0,0.43301272,394.8307,-85.56079,2373.0593
13.875733,0.0,0.0,0.0,0.43301272,404.97858,-87.39136,2384.8154
13.574056,0.0,0.0,0.0,0.43301272,424.46188,-79.89786,2406.794
13.192162,0.0,0.0,0.0,0.43301272,388.1162,-87.856384,2386.5583
13.241218,0.0,0.0,0.0,0.43301272,357.38483,-86.67645,2375.8416
12.829688,0.0,0.0,0.0,0.43301272,290.099,-70.62509,2329.8464
