14.416921,0.0,0.0,0.0,0.43301272,-152.5729,-98.5477,2520.4565
13.885287,0.0,0.0,0.0,0.43301272,-169.65836,-86.77402,2496.3423
13.714972,0.0,0.0,0.0,0.43301272,-158.85315,-115.2366,2487.343
14.027454,0.0,0.0,0.0,0.43301272,-141.77542,-118.77881,2469.072
13.947789,0.0,0.0,0.0,0.43301272,-132.94958,-120.19052,2459.0623
13.936726,0.0,0.0,0.0,0.43301272,-119.35563,-120.73651,2438.872
13.95215,0.0,0.0,0.0,0.43301272,-116.557816,-109.177124,2403.5676
13.716125,0.0,0.0,0.0,0.43301272,-99.04671,-115.906525,2361.6624
13.260114,0.0,0.0,0.0,0.43301272,-63.62747,-126.592255,2272.5388
13.269362,0.0,0.0,0.0,0.43301272,-39.401253,-108.243744,2221.6506
13.135431,0.0,0.0,0.0,0.43301272,-19.63105,-108.924225,2171.592
12.781263,0.0,0.0,0.0,0.43301272,-0.9433899,-121.34766,2147.362
12.858635,0.0,0.0,0.0,0.43301272,15.546173,-126.44919,2129.4724
12.791944,0.0,0.0,0.0,0.43301272,14.327858,-122.71097,2131.2654
12.492592,0.0,0.0,0.0,0.43301272,-14.972626,-85.33478,2116.5515
12.61011,0.0,0.0,0.0,0.43301272,-4.249401,-67.1225,2063.9873
12.551043,0.0,0.0,0.0,0.43301272,0.70355034,-76.55078,2022.7189
12.301755,0.0,0.0,0.0,0.43301272,110.74721,-71.67917,1892.9491
12.472981,0.0,0.0,0.0,0.43301272,143.21262,-61.144104,1866.4348
12.421116,0.0,0.0,0.0,0.43301272,175.41588,-68.04181,1842.0134
12.129961,0.0,0.0,0.0,0.43301272,268.2671,-74.10318,1827.8809
12.704221,0.0,0.0,0.0,0.43301272,168.80139,-297.30585,1806.2881
12.693157,0.0,0.0,0.0,0.43301272,282.80704,-153.43936,1849.2509
