8.024367,0.0,0.0,0.0,0.43301272,427.34003,-595.998,1948.1957
7.957536,0.0,0.0,0.0,0.43301272,298.0151,-576.2191,1983.9619
7.9335012,0.0,0.0,0.0,0.43301272,147.40897,-564.1405,2064.6497
7.9068775,0.0,0.0,0.0,0.43301272,43.918365,-570.4006,2157.6123
8.184476,0.0,0.0,0.0,0.43301272,-71.89,-607.4082,2273.4795
8.515983,0.0,0.0,0.0,0.43301272,-102.18791,-610.9413,2310.4756
8.799388,0.0,0.0,0.0,0.43301272,-95.7543,-613.1785,2308.8528
9.041945,0.0,0.0,0.0,0.43301272,-95.115425,-615.4164,2314.4722
9.268097,0.0,0.0,0.0,0.43301272,-84.82833,-618.15155,2306.326
9.455309,0.0,0.0,0.0,0.43301272,-83.16609,-603.58545,2298.0222
9.59988,0.0,0.0,0.0,0.43301272,-85.29847,-594.1478,2310.6257
9.922394,0.0,0.0,0.0,0.43301272,-46.64357,-618.1002,2301.2136
9.836407,0.0,0.0,0.0,0.43301272,-52.58898,-591.0681,2306.3835
9.932678,0.0,0.0,0.0,0.43301272,-29.746243,-595.78516,2309.3792
9.803623,0.0,0.0,0.0,0.43301272,-33.959732,-603.00446,2328.3894
9.612063,0.0,0.0,0.0,0.43301272,3.006775,-575.5675,2383.5308
9.349656,0.0,0.0,0.0,0.43301272,210.9382,-624.7489,2497.8625
9.253305,0.0,0.0,0.0,0.43301272,226.92354,-636.19147,2506.2527
9.404217,0.0,0.0,0.0,0.43301272,299.90326,-645.1289,2491.4675
9.618748,0.0,0.0,0.0,0.43301272,485.49603,-655.8524,2408.0535
9.511163,0.0,0.0,0.0,0.43301272,587.63837,-641.0031,2519.6543
9.506538,0.0,0.0,0.0,0.43301272,600.56946,-649.0435,2529.53
9.284924,0.0,0.0,0.0,0.43301272,614.6727,-648.31055,2540.7456
