11.56859,-0.48846626,1.8483346,0.05425323,0.3990954,171.32205,482.94202,2589.946
11.460648,-0.7126803,1.6537734,0.2102486,0.3989287,156.04823,489.05518,2592.9907
11.508623,-0.6863739,1.5289578,0.24315837,0.40308273,145.4178,488.06158,2588.5015
11.739847,-0.6451568,1.4175992,0.16617304,0.40945348,134.93802,487.44604,2585.401
12.002533,-0.47942105,1.0936824,0.029273678,0.42194504,117.18632,478.0537,2568.7856
12.290526,-0.46629518,1.0905112,8.941877E-4,0.42275771,115.12227,477.61285,2564.9639
12.333248,-0.68957275,0.5377769,-0.21088298,0.43290982,115.91283,486.915,2532.1187
12.41036,-0.7899784,0.54670924,-0.3056183,0.4340193,114.32606,488.7688,2522.5867
12.424652,-0.7144643,0.2696363,-0.5066347,0.44006684,110.53672,488.71545,2489.447
12.159756,-0.6113065,0.142087,-0.5433223,0.44168913,125.52,480.693,2449.4487
12.243829,-0.50798047,0.29600462,-0.5513897,0.441591,134.97035,477.10977,2432.984
12.215723,-0.5059729,0.08956238,-0.66344327,0.44414854,138.5771,476.5182,2426.1492
12.191753,-0.33352706,0.3902875,-0.82953864,0.44602904,136.26282,471.03156,2404.0664
12.025249,-0.4989353,-0.057679422,-0.87917054,0.4476132,138.60193,483.8468,2380.6648
12.946629,-0.3031328,-0.57121724,-0.97313565,0.44796574,129.08728,478.2293,2360.7708
12.720862,-0.2864498,-0.9497355,-1.102651,0.44669122,109.28151,474.78613,2346.3586
12.611562,-0.5842861,-1.9098572,-1.0057623,0.4277733,87.34362,474.9972,2326.7576
12.352865,-0.59064937,-2.0694056,-1.0207235,0.42239022,53.251163,470.85648,2288.671
12.903964,-0.59035134,-2.5740967,-0.4666941,0.3618467,44.116947,483.8588,2259.0125
13.369702,-0.59893715,-2.566254,-0.5049444,0.36917344,39.73089,486.46588,2248.7856
13.116253,-0.431981,-2.523525,-0.38978356,0.33262044,46.060204,476.16327,2226.3818
13.413433,-0.42686188,-2.4904566,-0.39397714,0.32511017,45.33357,484.75415,2222.7139
13.0709715,-0.38360852,-2.3978634,-0.35060304,0.30823943,49.966476,475.9423,2212.8743
13.033506,-0.39986253,-2.3157969,-0.39137778,0.2978695,68.670555,457.5529,2207.456
13.087714,-0.3854935,-2.2412944,-0.3929881,0.2886342,81.932045,460.61896,2210.1475
12.707108,0.09812478,0.78685915,0.15856682,-0.58828217,109.34224,469.97446,2197.6655
12.759227,0.08470998,0.7850245,0.15899219,-0.5926865,120.94112,476.62003,2196.4124
12.939406,0.0757115,0.8011796,0.16318303,-0.57074076,149.48444,489.7365,2204.5144
