15.807423,0.920353,-2.0110013,-0.010549794,0.3801113,-188.25906,73.194,2312.2773
15.373144,0.87533647,-2.057214,-0.0062197763,0.37732014,-193.11385,71.08446,2276.178
15.40795,0.6933045,-2.163037,0.10138589,0.36768487,-205.37424,78.08589,2201.307
15.664989,0.4267344,-2.2838073,0.21140957,0.35258168,-206.2574,81.52533,2137.7197
15.822492,0.36712313,-2.3252301,0.19593354,0.34506902,-209.58481,86.67798,2101.7092
15.438688,0.275999,-2.3320704,0.26780492,0.3362114,-213.39368,89.96796,2067.5735
15.650074,0.17539835,-2.3173623,0.33526933,0.3203518,-206.6925,96.753174,2037.8854
15.370847,0.022115916,-2.2369862,0.3781547,0.2942136,-184.89766,115.885574,1983.7041
15.0267515,-0.0014468974,-2.0632398,0.40105072,0.2654272,-160.1582,119.84233,1947.6624
14.92556,0.024441903,0.67304534,-0.18148497,-0.7165722,-116.3371,126.06308,1901.0925
15.150852,0.0043876222,0.8062773,-0.19721036,-0.55767894,-86.928566,134.35716,1887.6279
14.679243,-0.036350135,0.7424687,-0.23443356,-0.626466,-13.111084,152.46451,1878.4404
15.180154,-0.084781185,0.7078076,-0.24099909,-0.6585894,54.29823,149.5325,1883.0348
15.585334,-0.1073368,0.7932224,-0.25565252,-0.54214287,91.90886,153.8799,1894.8523
15.667996,-0.13792911,0.8883533,-0.2457588,-0.36250052,149.25978,141.51518,1905.9525
15.829349,-0.13058701,0.90400624,-0.21728368,-0.34424928,177.22372,133.43808,1912.9458
15.956683,-0.12865819,0.91527027,-0.19687949,-0.32705635,201.83452,119.35182,1922.666
16.05358,-0.13614991,0.9209013,-0.18723564,-0.31360298,228.17506,118.59598,1930.005
15.273815,-0.14541738,0.94001716,-0.16397431,-0.2614077,299.3212,109.81413,1950.4694
15.664489,-0.14166129,0.9545342,-0.12808144,-0.22889253,348.17746,92.049286,1957.2512
15.994726,-0.12476493,0.96864706,-0.102757156,-0.18867294,401.1723,84.296585,1984.5002
15.953675,-0.07253954,0.9920245,-0.035042603,-0.09693955,476.8438,39.358047,2039.0521
16.24025,-0.020880925,0.99962306,0.012773675,-0.012432873,515.58936,21.245117,2068.5146
16.325903,0.02422827,0.99539906,-0.09118352,-0.016704723,539.4009,110.75336,1978.4945
15.949907,0.0340905,0.9909417,-0.12345003,-0.040404364,535.67883,142.29248,1965.921
15.466475,0.05258069,0.98413295,-0.15191461,-0.07509725,523.67267,154.75824,1969.841
14.656329,0.010441363,0.96825707,-0.24467883,0.05001447,499.22208,162.41434,1996.1897
14.424193,0.006235258,0.94114166,-0.3357962,0.038135737,501.70438,155.61517,2017.6486
14.368074,0.0144618675,0.93612415,-0.35025173,0.028037157,501.48706,155.72234,2038.1003
14.069087,-0.052288413,0.92002404,-0.19866921,-0.3336947,502.01053,161.31128,2047.002
13.756311,0.039510712,0.93918526,-0.34111726,0.0029894204,501.07654,158.2518,2067.8948
13.651557,0.037547786,0.8925257,-0.32417017,0.3112906,505.74976,162.86159,2075.275
13.341234,0.09450735,2.2464762,-0.8159324,0.29917073,517.9155,197.83598,2086.441
14.196968,0.10480966,2.4913661,-0.9048776,0.3873659,501.06757,211.70496,2095.366
14.565932,0.08116158,1.9292415,-0.70071095,0.42010137,489.4584,239.45934,2123.9092
14.3769865,0.067826174,1.6122537,-0.5855792,0.4273337,470.77582,236.48225,2128.245
14.301385,0.05571503,1.3243673,-0.48101732,0.4314488,475.72437,240.20476,2145.0752
13.939993,0.04528482,1.0764371,-0.3909678,0.43366936,482.45532,240.59012,2157.453
13.669771,0.03656832,0.8692429,-0.3157137,0.4347594,486.2928,246.69543,2165.1716
13.634487,0.029412005,0.69913447,-0.25392938,0.43519175,458.23978,243.69931,2154.2622
13.531513,0.023598915,0.56095505,-0.20374191,0.43525624,429.8989,232.63638,2145.027
13.224281,0.018907296,0.4494335,-0.16323666,0.43512762,417.19394,223.34006,2137.4097
13.431461,0.01513553,0.35977727,-0.13067302,0.43490958,415.22858,211.62175,2145.7083
13.829849,0.012110352,0.2878676,-0.10455506,0.43466127,392.28656,199.92264,2144.2554
14.201906,0.009687327,0.23027144,-0.08363582,0.4344155,404.88974,170.52856,2178.322
14.571998,0.0077481098,0.18417552,-0.06689354,0.43418854,402.5249,148.54138,2219.1191
14.863509,0.00619679,0.14730005,-0.05350017,0.4339878,410.09415,143.96486,2249.7922
14.755008,-0.067405514,0.9329192,-0.27576315,-0.22152397,348.10138,86.54671,2434.5308
14.746019,0.21189578,0.97220683,-0.058965582,-0.08023125,308.43512,72.34317,2476.396
14.900047,0.19137831,0.8043393,-0.16343229,0.53823996,312.55133,87.16461,2506.565
14.931174,0.6394312,2.0843315,-0.4726306,0.28421596,297.16135,88.907455,2508.433
14.64206,0.67857075,2.203919,-0.47699663,0.29641587,292.68262,100.210754,2523.849
14.334351,0.8430229,2.364275,-0.55478454,0.32135683,285.21082,120.93851,2533.082
14.201683,0.784053,2.407751,-0.45651534,0.32195476,281.42517,133.03941,2545.5798
13.85388,0.2107625,0.9328364,0.08399991,0.27989164,155.08441,147.62248,2621.7312
13.598368,0.14705038,0.9795235,0.12507902,0.05714146,65.87427,124.6918,2561.5476
13.57613,0.1332806,0.9783161,0.15596089,-0.028460894,10.985798,115.201294,2549.0754
13.487479,0.109058596,0.9778995,0.17116983,-0.050195657,-30.086159,109.48653,2544.3843
13.208679,0.087492995,0.9796355,0.17280734,-0.0528853,-60.89398,105.14296,2529.0088
13.050954,0.07191551,0.9826065,0.16620117,-0.041107055,-88.93574,100.35077,2521.0413
13.141021,0.07309131,0.9851416,0.1550696,0.01034866,-109.359665,88.602234,2489.918
13.047501,0.07140121,0.98746616,0.1299239,0.05414946,-120.70371,84.85942,2468.0303
