13.504176,0.111121655,0.8910685,0.23151077,0.42296204,-158.08525,88.35336,2169.6978
13.013186,0.093790226,0.68605906,0.28646255,0.42373747,-142.94762,73.34267,2181.3367
13.3737755,0.33141792,0.43223217,0.18469146,0.42792854,-134.70233,103.69415,2201.283
13.1922035,0.64955014,1.3257952,0.15004039,0.41906813,-75.44127,108.65459,2197.4731
13.134604,0.2519828,1.4710119,0.20536146,0.41397953,-117.18762,66.03552,2229.5327
13.135418,0.02526501,0.8939773,-0.051102024,0.44447136,-84.918884,61.337418,2348.729
12.664099,0.048191756,0.87735605,0.007847439,0.47734916,-107.2712,102.999115,2355.1572
12.56969,0.04030257,0.87126553,0.018428927,0.48880723,-126.007256,78.08081,2354.8289
12.542443,0.05341375,0.9942881,-0.04843136,-0.07869255,-52.280174,117.94632,2453.7007
12.598065,-0.5171103,0.99789655,0.027692713,0.4233261,-126.37718,99.850494,2195.456
12.38833,4.946557E-4,0.9897201,-0.054854527,0.13207945,-121.31502,83.63197,2427.2314
12.515278,0.007969241,0.99703664,-0.067642935,0.035759564,-131.16798,97.592606,2403.516
13.361667,0.010805692,0.9962053,-0.06913192,0.051758796,-150.12598,100.53732,2390.5342
13.742817,0.5028594,2.5594802,-0.35872597,0.3467252,-164.18848,106.01413,2382.5845
13.2233515,0.5512678,2.5594654,-0.3946818,0.3461731,-183.43996,112.92267,2371.4248
13.283705,1.362843,1.9876397,-0.81888145,0.42065454,-224.60435,114.87796,2362.0308
13.251659,0.3418542,0.6047296,-0.5174004,0.44085053,-332.83325,99.03783,2254.0037
12.538717,0.43630785,-0.0772496,-0.49089903,0.4415656,-369.32852,98.122925,2197.1616
13.44089,0.32307044,-0.5028388,-0.40523088,0.43853742,-402.89203,98.72414,2170.799
14.153693,0.2947472,-0.92292625,-0.34782234,0.4335492,-424.18112,93.7404,2148.48
14.422191,0.25361538,-1.0884188,-0.23391882,0.4292039,-441.53226,89.64938,2136.9788
14.359124,0.16950485,-1.4098185,-0.1412362,0.42170584,-451.9207,87.42583,2120.742
13.685843,0.16354108,-1.6520327,-0.07604,0.41391665,-466.6557,93.60712,2099.9417
13.460096,0.08718827,-1.8846172,-0.011836818,0.40472057,-473.8685,87.59407,2079.6592
13.244339,0.048771545,-2.0331502,0.010566145,0.39756745,-475.79495,83.712296,2070.1301
13.060563,0.07751164,-2.1880069,-0.030812493,0.3890164,-472.1609,84.04852,2066.047
12.771814,-0.0815741,-2.432841,-0.060336515,0.3667183,-467.6747,91.16409,2071.8784
12.673996,0.07184743,-2.4737787,-0.17099024,0.35698774,-457.40268,92.898575,2081.2751
12.6816225,0.0084682,-2.275068,-0.15205668,0.2873531,-451.28845,85.56479,2108.1199
12.562295,0.025691636,-2.2185633,-0.11125194,0.2791585,-427.89722,76.20726,2103.3953
12.3244705,-0.046979256,0.72613347,-0.027198056,-0.6854074,-398.02762,69.57825,2064.7495
12.098962,-0.014383482,0.79618907,-0.009798417,-0.6047975,-352.74545,77.67276,2072.7073
12.177938,0.7789043,-2.0738225,0.29645184,0.36299056,-342.0983,79.38039,2071.4265
12.463464,0.010480847,0.98899084,-0.10538457,-0.103350565,-291.20865,92.29962,2096.1003
12.738175,-0.08097244,0.99155664,0.027784308,-0.0973999,-285.28082,92.891846,2096.7607
