15.386398,-0.08915889,-1.9017594,-0.48172322,0.4169365,197.91426,331.42426,2322.4658
15.28232,-0.03022546,-2.2514217,-0.53213155,0.40086463,200.1583,337.96127,2291.3774
15.146358,0.015992155,-2.3878865,-0.5381594,0.38936082,203.53174,340.68146,2274.7476
14.933383,0.07116411,-2.493751,-0.5155316,0.3719909,211.4534,337.05475,2249.999
14.395349,0.26784754,-2.4974089,-0.5906391,0.3468081,217.1062,336.62854,2173.731
14.73699,0.32626033,-2.4744935,-0.60812694,0.34052613,221.49399,339.2979,2145.4294
14.971752,0.13481699,-2.1733775,-0.4408591,0.27781406,215.74362,339.89972,2133.565
14.806243,-0.014538447,0.7822792,0.14278203,-0.6061612,204.85707,339.8947,2129.1128
14.801338,0.0034606175,0.838678,0.14504,-0.5249357,201.68849,338.6624,2130.0813
15.303325,0.004498249,0.8657831,0.13866697,-0.48079723,213.04561,335.3133,2141.0156
15.260048,0.0041492414,0.8787394,0.13172433,-0.45874146,221.69812,322.16785,2146.2046
15.235356,0.0036294735,0.89625317,0.12719707,-0.42489225,241.22101,327.06238,2170.2275
14.935007,-0.0037933392,0.90172344,0.11670364,-0.41624045,267.72412,325.9996,2200.6938
14.781883,-0.0068234303,0.9021404,0.114835575,-0.4158178,281.5373,329.49637,2215.6357
14.692577,-0.010756356,0.90958565,0.116227664,-0.3987793,306.69174,330.61133,2239.4858
14.72998,-0.013051471,0.9223681,0.1111378,-0.36974406,328.70914,327.02982,2251.2236
14.94631,-0.013399595,0.9271983,0.11644767,-0.35575178,333.39526,330.01318,2255.5989
14.773349,-0.012046055,0.9308813,0.13288109,-0.340078,342.51852,341.68845,2267.917
14.365516,-0.005715252,0.94957405,0.12779555,-0.2862529,362.6164,325.7378,2277.4536
14.653405,-0.0020096449,0.9585554,0.12361603,-0.25667557,375.0965,329.41675,2282.8167
14.766517,-7.2699135E-5,0.95987576,0.12847029,-0.24925838,383.60175,339.62363,2289.6458
14.592126,0.0026159585,0.9652486,0.12613408,-0.2288544,404.58154,342.9793,2301.6401
15.22788,-0.0028411865,0.9623861,0.1498399,-0.22660287,427.273,350.27704,2308.8813
15.406613,-0.04430926,0.93388206,0.1619707,-0.31569302,460.49704,352.391,2315.9785
15.751896,-0.09350193,0.8746681,0.14048852,-0.45439097,488.83026,346.07593,2325.513
16.008076,-0.13724633,0.7992063,0.117040925,-0.57334393,511.30164,349.2992,2334.5964
16.261988,-0.15564807,0.7636298,0.1034479,-0.6180067,517.772,349.4544,2337.5796
15.944769,-0.16160795,0.7538056,0.09868901,-0.6292149,511.47,346.43488,2337.5715
15.076733,-0.18216665,0.7241835,0.07346342,-0.66103584,491.54047,343.69342,2331.5957
14.980114,-0.18950044,0.7307087,0.0701588,-0.6520916,476.60458,346.56522,2336.8037
14.331042,-0.18966001,0.74550784,0.050784357,-0.63691384,436.0438,344.1043,2356.4417
14.7216425,-0.19232789,0.7293969,0.040305506,-0.6552536,421.36304,344.82675,2358.253
14.219631,-0.18036927,0.7835119,0.021805745,-0.5942141,389.5896,337.56433,2376.3147
14.2157345,-0.17122835,0.7797993,0.010444084,-0.6020588,383.41653,332.04242,2385.7686
13.680006,-0.15978412,0.8256278,-0.011037064,-0.5409933,373.6228,332.0542,2416.9087
13.635718,-0.16054317,0.8354148,-0.033459112,-0.5245716,377.1831,343.88504,2432.3557
13.624048,-0.16503835,0.86630154,-0.05601285,-0.46812537,379.84845,350.99118,2463.5444
13.916132,-0.16795725,0.8794008,-0.06483737,-0.44072187,379.21283,353.51074,2478.8735
13.528003,-0.16359237,0.9019569,-0.086037755,-0.39026144,360.7506,352.72595,2522.5347
13.246829,-0.14937083,0.9293321,-0.078595676,-0.32840285,320.28833,355.6033,2557.245
13.716437,-0.14373371,0.9420346,-0.0665064,-0.29577672,301.58325,354.4851,2569.248
13.6435995,-0.13223197,0.9478126,-0.09344597,-0.27464414,276.63916,352.8237,2598.772
