15.407382,-0.07751574,-0.8077525,1.9413929,0.2663864,-434.79367,367.22693,2376.7314
15.168467,-0.08780146,-0.7772715,1.9437256,0.26462886,-435.2415,368.79504,2377.38
14.793868,-0.14771926,-0.8372099,1.8900738,0.26072925,-440.3457,370.0452,2378.3743
14.660541,-0.160102,-0.82920784,1.8619153,0.25641575,-439.75305,367.25882,2380.6575
14.494522,-0.22984381,-0.8390156,1.8440464,0.25534877,-440.08716,364.9487,2381.618
14.54213,-0.23792969,-0.8356015,1.8294927,0.25343382,-440.39307,360.93414,2383.6428
14.672349,-0.2930297,-0.8364452,1.8168688,0.2527948,-440.02673,362.36185,2383.7114
14.585211,-0.32975286,-0.8090898,1.8306205,0.25362387,-439.59158,363.17554,2382.8328
15.029813,-0.37040666,-0.7192552,1.8746302,0.2552684,-441.21036,356.02258,2386.091
15.191824,-0.40275937,-0.7028253,1.877452,0.25561646,-442.67007,351.02722,2384.2095
15.210417,-0.41963536,-0.69509625,1.8704094,0.2548809,-443.62677,353.18875,2376.9792
15.368691,-0.5192563,-0.6911027,1.8221529,0.25238824,-448.2024,348.52423,2373.3245
15.500229,-0.51945484,-0.6746576,1.8334389,0.2529289,-446.6403,347.86456,2375.4866
15.631563,-0.5458431,-0.6326885,1.8405945,0.25301948,-446.73346,330.23236,2373.3726
15.349284,-0.22445382,-0.21819974,0.67413193,0.66899586,-444.5778,307.6446,2367.3162
14.99472,-0.25036362,-0.22226715,0.67905396,0.65330005,-445.60196,304.8092,2370.4795
14.461559,-0.24846713,-0.21225776,0.6903941,0.64541966,-444.82208,296.50458,2374.6511
13.927564,-0.26121104,-0.18613838,0.6861144,0.6529688,-443.60297,314.16248,2374.8237
13.14039,-0.24359821,-0.16655299,0.7060304,0.64377093,-443.6004,288.00122,2375.7744
13.057082,-0.1837007,-0.12152667,0.70160186,0.67767256,-428.47858,284.07422,2392.1755
13.359961,-0.22470643,-0.13723107,0.70936596,0.6538153,-431.63025,288.19318,2405.6396
13.722128,-0.23281027,-0.1451133,0.7114185,0.64701253,-436.4658,272.10062,2381.9385
14.157561,-0.26368195,-0.16176939,0.70505834,0.6381184,-438.48956,255.55371,2355.6392
14.705994,-0.26475653,-0.19750123,0.7029263,0.6299141,-439.8467,266.857,2372.1797
15.045832,-0.2572525,-0.21179087,0.69282013,0.6395044,-438.38083,272.97797,2377.3428
15.2894,-0.17520091,-0.21155554,0.6903585,0.6692936,-436.08615,289.55325,2381.8276
15.441002,-0.17269213,-0.2279695,0.6878823,0.66710216,-436.67358,285.49316,2380.7317
15.456747,-0.17094827,-0.22851643,0.6850851,0.67023516,-436.53738,282.3546,2379.1235
15.213126,-0.14981045,-0.234404,0.68746847,0.67081934,-436.63626,286.19354,2388.5007
14.878061,-0.12447236,-0.24905403,0.68361413,0.67464834,-436.54456,303.81375,2396.0999
14.664903,-0.09281477,-0.23225956,0.6661937,0.70258576,-429.04745,322.68515,2389.4448
14.395942,-0.0726083,-0.25925905,0.6671631,0.6945547,-427.90146,325.56207,2393.8552
14.379667,-0.06572016,-0.27565175,0.6594986,0.6962461,-428.02612,323.0958,2392.1353
14.41681,-0.051987104,-0.30607024,0.6594193,0.68467844,-428.19,318.7166,2388.9062
14.355931,-0.035484567,-0.3151026,0.65034443,0.6902922,-426.64053,316.82562,2388.843
14.296842,-2.1659037E-4,-0.32149184,0.6425809,0.69550896,-419.411,319.89597,2378.5696
14.621185,0.009839154,-0.32074025,0.6370522,0.70085186,-419.20236,321.33768,2376.2302
14.441043,-0.006755041,-0.3292888,0.6424358,0.69195336,-415.52612,321.7164,2369.7703
14.479757,0.0028816636,-0.32279745,0.64079887,0.69654167,-415.45007,322.3363,2369.0059
14.302292,0.0106143905,-0.339772,0.63803095,0.6909115,-415.6392,325.68024,2370.1155
14.21776,-0.010990079,-0.33528492,0.6343131,0.69649845,-413.78052,327.79913,2358.0657
14.465147,-0.017770605,-0.32825175,0.62724626,0.70604324,-406.58655,335.55176,2350.7441
14.384293,-0.02149213,-0.3215457,0.6271055,0.70914394,-407.1162,333.55426,2348.0928
14.151789,-0.03495324,-0.35133195,0.62692153,0.694488,-406.05814,334.11224,2339.1624
14.147396,-0.044072174,-0.35102102,0.6292996,0.69197106,-407.6348,332.62866,2344.0618
14.064735,-0.04131976,-0.35187986,0.63100505,0.6901491,-407.98953,334.85437,2346.2007
