12.801868,1.1540883E-19,-3.1302073E-19,2.0000033,0.25000045,-175.42676,331.2988,2638.8708
13.187002,9.348117E-20,-2.5354678E-19,2.0000033,0.25000045,-174.1901,330.2286,2649.3337
13.840657,7.571974E-20,-2.0537287E-19,2.0000033,0.25000045,-173.09904,341.31644,2657.257
14.161287,6.814776E-20,-1.8483559E-19,2.0000033,0.25000045,-172.41551,346.77805,2665.4426
14.278678,6.133298E-20,-1.6635203E-19,2.0000033,0.25000045,-173.24496,346.47043,2671.8958
13.941928,5.519968E-20,-1.4971682E-19,2.0000033,0.25000045,-174.7327,347.86002,2681.706
14.147696,4.471174E-20,-1.2127064E-19,2.0000033,0.25000045,-176.4662,351.37796,2686.9907
13.999276,4.024056E-20,-1.0914356E-19,2.0000033,0.25000045,-177.70963,352.78537,2694.0386
13.461103,3.2594845E-20,-8.8406285E-20,2.0000033,0.25000045,-175.01501,350.74838,2687.9927
13.708142,2.933537E-20,-7.9565657E-20,2.0000033,0.25000045,-174.39879,353.18417,2690.5562
12.923962,2.3761645E-20,-6.444818E-20,2.0000033,0.25000045,-174.03795,344.66763,2679.7747
12.925147,2.1385482E-20,-5.800336E-20,2.0000033,0.25000045,-174.02394,341.9722,2678.492
13.474026,1.732224E-20,-4.6982715E-20,2.0000033,0.25000045,-175.14832,339.02274,2667.8105
13.611897,1.5590017E-20,-4.228444E-20,2.0000033,0.25000045,-176.33913,331.86496,2656.367
13.106283,1.2627917E-20,-3.4250396E-20,2.0000033,0.25000045,-177.34546,329.0659,2649.3445
13.127785,1.1365126E-20,-3.0825357E-20,2.0000033,0.25000045,-177.27437,325.74936,2643.678
13.664892,9.205751E-21,-2.4968536E-20,2.0000033,0.25000045,-176.81816,323.4636,2631.9846
14.015711,7.456658E-21,-2.0224511E-20,2.0000033,0.25000045,-178.85896,324.86276,2619.4163
13.659452,6.7109914E-21,-1.820206E-20,2.0000033,0.25000045,-179.2102,318.4377,2603.639
13.487691,6.0398915E-21,-1.6381855E-20,2.0000033,0.25000045,-179.1346,305.99118,2596.6416
13.630166,4.8923113E-21,-1.32693E-20,2.0000033,0.25000045,-176.45885,284.69296,2573.0303
14.0598755,3.962771E-21,-1.07481345E-20,2.0000033,0.25000045,-179.24925,281.764,2562.4883
13.912888,3.5664942E-21,-9.673321E-21,2.0000033,0.25000045,-177.38438,266.8362,2554.57
13.731255,3.2098445E-21,-8.705989E-21,2.0000033,0.25000045,-176.49615,258.06906,2545.5127
13.253662,2.5999739E-21,-7.051851E-21,2.0000033,0.25000045,-172.82614,245.44699,2527.9888
13.339329,2.3399762E-21,-6.3466652E-21,2.0000033,0.25000045,-171.33661,229.85959,2522.692
12.9704275,1.895381E-21,-5.1407987E-21,2.0000033,0.25000045,-170.54718,206.31357,2515.368
12.88846,1.7058425E-21,-4.6267184E-21,2.0000033,0.25000045,-169.7248,192.93976,2508.887
12.9808445,1.5352584E-21,-4.164046E-21,2.0000033,0.25000045,-169.7401,188.70462,2498.7605
12.410844,1.2435592E-21,-3.3728778E-21,2.0000033,0.25000045,-168.09944,179.24435,2495.0063
12.475535,1.1192034E-21,-3.0355897E-21,2.0000033,0.25000045,-169.01933,180.17957,2495.4814
12.597877,1.0072828E-21,-2.7320305E-21,2.0000033,0.25000045,-169.76477,186.68472,2507.6648
12.374567,8.15899E-22,-2.2129446E-21,2.0000033,0.25000045,-174.58629,201.41818,2516.247
12.534742,7.343091E-22,-1.9916502E-21,2.0000033,0.25000045,-175.73877,209.60593,2519.922
12.333138,5.947903E-22,-1.6132362E-21,2.0000033,0.25000045,-179.80199,235.04037,2540.5522
12.4038,5.353112E-22,-1.4519125E-21,2.0000033,0.25000045,-181.17273,253.82736,2555.7578
12.909712,4.3360203E-22,-1.1760489E-21,2.0000033,0.25000045,-177.29512,261.60513,2564.6519
13.025715,3.9024184E-22,-1.058444E-21,2.0000033,0.25000045,-175.67831,270.17654,2570.895
12.646071,3.160959E-22,-8.573396E-22,2.0000033,0.25000045,-174.43407,290.69693,2590.6785
12.670491,2.8448637E-22,-7.716056E-22,2.0000033,0.25000045,-174.65271,298.51956,2602.408
12.789209,2.560377E-22,-6.94445E-22,2.0000033,0.25000045,-174.29968,308.5997,2612.4958
12.553097,2.0739051E-22,-5.6250044E-22,2.0000033,0.25000045,-173.37221,320.1575,2630.138
12.6981325,1.8665143E-22,-5.0625034E-22,2.0000033,0.25000045,-172.98863,323.62338,2638.2927
12.625943,1.5118769E-22,-4.1006275E-22,2.0000033,0.25000045,-170.54861,326.9758,2653.8699
12.519683,1.3606894E-22,-3.6905644E-22,2.0000033,0.25000045,-169.82996,332.96994,2662.303
12.946955,1.1021583E-22,-2.9893572E-22,2.0000033,0.25000045,-170.87036,339.37808,2675.0117
13.239178,9.919425E-23,-2.6904216E-22,2.0000033,0.25000045,-171.38004,343.46475,2676.7961
12.972204,8.927483E-23,-2.4213791E-22,2.0000033,0.25000045,-173.61737,344.33,2680.2095
