14.6662855,0.0,0.0,0.0,0.43301272,-201.92888,31.223816,2636.0845
14.907121,0.0,0.0,0.0,0.43301272,-193.40456,17.378265,2615.4238
14.757068,0.0,0.0,0.0,0.43301272,-194.50995,20.61908,2627.4167
14.524544,0.0,0.0,0.0,0.43301272,-202.28102,14.911346,2627.7341
14.338438,0.0,0.0,0.0,0.43301272,-203.42622,12.80954,2638.3362
14.580652,0.0,0.0,0.0,0.43301272,-190.39984,23.677246,2630.4387
14.823107,0.0,0.0,0.0,0.43301272,-207.1075,39.887787,2629.3962
15.1303425,0.0,0.0,0.0,0.43301272,-194.79433,25.824554,2630.436
15.293999,0.0,0.0,0.0,0.43301272,-198.12057,24.867737,2626.6409
15.239235,0.0,0.0,0.0,0.43301272,-189.62236,27.249542,2636.192
15.378116,0.0,0.0,0.0,0.43301272,-188.37813,17.78601,2629.2837
15.334346,0.0,0.0,0.0,0.43301272,-192.6857,20.584106,2628.8608
15.41061,0.0,0.0,0.0,0.43301272,-189.04633,23.711212,2633.428
15.571701,0.0,0.0,0.0,0.43301272,-184.49434,15.403229,2623.6638
15.616014,0.0,0.0,0.0,0.43301272,-185.09698,20.711243,2637.281
15.353617,0.0,0.0,0.0,0.43301272,-182.71295,22.392609,2638.77
15.206054,0.0,0.0,0.0,0.43301272,-184.48329,20.70819,2635.6074
15.302994,0.0,0.0,0.0,0.43301272,-186.39354,12.0416565,2657.2297
15.047605,0.0,0.0,0.0,0.43301272,-175.61041,-8.929108,2639.0312
14.769161,0.0,0.0,0.0,0.43301272,-186.309,9.663025,2651.4053
14.63445,0.0,0.0,0.0,0.43301272,-183.74666,6.707672,2638.2622
14.364507,0.0,0.0,0.0,0.43301272,-198.28902,38.04428,2671.6895
14.115377,0.0,0.0,0.0,0.43301272,-192.32727,35.972107,2649.977
13.975205,0.0,0.0,0.0,0.43301272,-179.52977,0.73861694,2643.3198
14.224305,0.0,0.0,0.0,0.43301272,-178.84933,7.5664062,2644.4678
14.007155,0.0,0.0,0.0,0.43301272,-180.50533,21.08841,2622.8628
13.960744,0.0,0.0,0.0,0.43301272,-177.81529,-0.8930664,2609.678
14.1173725,0.0,0.0,0.0,0.43301272,-189.01811,29.286682,2631.687
13.948783,0.0,0.0,0.0,0.43301272,-184.56798,10.445282,2616.7097
13.797393,0.0,0.0,0.0,0.43301272,-185.94614,4.264618,2614.1729
13.486256,0.0,0.0,0.0,0.43301272,-194.77638,5.763397,2622.916
13.604434,0.0,0.0,0.0,0.43301272,-194.76347,4.6326904,2623.8206
13.614083,0.0,0.0,0.0,0.43301272,-199.3433,21.064056,2627.915
13.371536,0.0,0.0,0.0,0.43301272,-200.08438,19.521576,2632.8804
13.511075,0.0,0.0,0.0,0.43301272,-196.74731,16.781189,2623.8455
13.241406,0.0,0.0,0.0,0.43301272,-198.26646,14.981323,2636.3545
13.545179,0.0,0.0,0.0,0.43301272,-197.6317,15.818481,2624.058
13.447299,0.0,0.0,0.0,0.43301272,-195.72968,32.518127,2616.8264
