14.596886,0.0,0.0,0.0,0.43301272,-69.49624,-787.81726,2327.9688
14.267899,0.0,0.0,0.0,0.43301272,-68.30899,-808.0453,2275.7385
14.3636675,0.0,0.0,0.0,0.43301272,-31.988594,-796.057,2417.2302
14.925361,0.0,0.0,0.0,0.43301272,-39.846653,-832.449,2391.997
15.019288,0.0,0.0,0.0,0.43301272,-59.045578,-719.7953,2250.0574
15.24956,0.0,0.0,0.0,0.43301272,-73.42638,-699.43164,2275.8643
15.454021,0.0,0.0,0.0,0.43301272,-82.221054,-810.2246,2294.5198
15.48773,0.0,0.0,0.0,0.43301272,-65.71112,-761.7069,2338.0159
15.831024,0.0,0.0,0.0,0.43301272,-73.92912,-766.2479,2313.0007
16.075193,0.0,0.0,0.0,0.43301272,-65.61791,-812.7134,2327.796
16.34359,0.0,0.0,0.0,0.43301272,-78.63649,-756.1249,2300.0369
16.102652,0.0,0.0,0.0,0.43301272,-82.4047,-746.1732,2287.1418
15.667793,0.0,0.0,0.0,0.43301272,-82.20586,-739.31104,2283.64
15.155439,0.0,0.0,0.0,0.43301272,-99.38597,-767.085,2292.6821
14.842132,0.0,0.0,0.0,0.43301272,-296.76724,-729.3481,2579.3845
15.234137,0.0,0.0,0.0,0.43301272,-68.69561,-716.8223,2363.9016
15.598569,0.0,0.0,0.0,0.43301272,-113.7588,-847.799,2260.4817
15.889382,0.0,0.0,0.0,0.43301272,-116.42006,-848.4799,2278.4824
16.178211,0.0,0.0,0.0,0.43301272,-78.54827,-802.0071,2271.6387
16.39299,0.0,0.0,0.0,0.43301272,-101.363815,-678.34375,2256.795
16.510685,0.0,0.0,0.0,0.43301272,-107.32815,-697.2013,2303.6682
16.612724,0.0,0.0,0.0,0.43301272,-89.43848,-817.3004,2467.271
16.614332,0.0,0.0,0.0,0.43301272,-87.98032,-827.5632,2445.5508
16.667065,0.0,0.0,0.0,0.43301272,-78.60977,-737.678,2275.8237
16.737167,0.0,0.0,0.0,0.43301272,-72.40616,-738.30615,2273.1458
16.76534,0.0,0.0,0.0,0.43301272,-78.54189,-826.34973,2399.3047
16.786947,0.0,0.0,0.0,0.43301272,-84.85705,-832.1715,2395.081
16.790203,0.0,0.0,0.0,0.43301272,-90.21155,-838.2167,2382.4187
16.884623,0.0,0.0,0.0,0.43301272,-88.028366,-772.98865,2283.663
16.9574,0.0,0.0,0.0,0.43301272,-79.05738,-773.9625,2254.7498
17.00286,0.0,0.0,0.0,0.43301272,-85.33619,-784.8721,2457.0916
16.537811,0.0,0.0,0.0,0.43301272,-84.875374,-784.00854,2441.853
16.047596,0.0,0.0,0.0,0.43301272,-92.38884,-770.8054,2276.2625
15.8054695,0.0,0.0,0.0,0.43301272,-108.58364,-808.71497,2289.6487
15.366634,0.0,0.0,0.0,0.43301272,-106.65633,-802.50555,2287.9026
14.881665,0.0,0.0,0.0,0.43301272,-82.985794,-804.9563,2247.9612
14.61189,0.0,0.0,0.0,0.43301272,-91.831795,-803.3729,2282.0742
14.536606,0.0,0.0,0.0,0.43301272,-90.6737,-805.8813,2298.214
14.216241,0.0,0.0,0.0,0.43301272,-87.28334,-673.87134,2249.7566
13.85785,0.0,0.0,0.0,0.43301272,-89.08642,-738.1955,2319.6008
13.717901,0.0,0.0,0.0,0.43301272,-86.29313,-761.6183,2329.2017
14.077452,0.0,0.0,0.0,0.43301272,-74.3681,-770.2472,2338.8398
14.688938,0.0,0.0,0.0,0.43301272,-77.16293,-754.4889,2284.7112
14.717205,0.0,0.0,0.0,0.43301272,-82.53929,-837.51184,2409.31
