12.692271,0.39104927,-0.4019904,0.049501356,0.43001214,-178.81947,631.2189,2345.5518
13.090104,0.26899323,-0.3694812,0.04399378,0.43072155,-178.75047,624.9451,2336.435
13.955453,0.1964492,-0.3840988,0.07810726,0.43009385,-179.96346,622.4949,2332.8633
14.157429,0.19262734,-0.3739956,0.085289635,0.43000016,-179.0067,623.90857,2333.6
14.006234,-0.07718563,-0.3962596,0.07895689,0.4304475,-179.51497,612.91583,2318.1433
13.91964,-0.29097742,-0.35813144,0.091193296,0.4303425,-181.43027,604.24695,2307.2095
14.629955,-0.55977744,-0.35129485,0.09135184,0.4299399,-181.43333,587.43585,2292.3914
15.118658,-0.76003385,-0.32877466,0.064534456,0.42995095,-180.10007,577.54376,2280.8652
15.47567,-1.0732888,-0.3071859,0.038458224,0.4289968,-181.77504,561.32135,2277.922
15.467467,-1.1102173,-0.33890918,0.058636494,0.42830116,-181.55276,555.647,2264.7883
14.712238,-1.432301,-0.35757366,0.050200287,0.4260187,-182.96442,538.64734,2252.0547
14.937033,-1.4878857,-0.36812326,0.06900939,0.4250714,-180.88431,523.0407,2239.6963
14.67726,-1.6149061,-0.39338267,0.057118587,0.42404708,-180.37877,515.065,2227.3884
14.347961,-1.8256569,-0.36740658,0.035945855,0.421974,-180.29793,507.70807,2224.1426
13.928011,-1.8927703,-0.37373072,0.052864745,0.4206413,-178.21059,488.8296,2210.2686
13.818499,-2.0331445,-0.35613894,0.06171797,0.41819468,-176.44948,459.66577,2191.2073
13.8920965,-2.0911894,-0.31386152,0.0033066866,0.4185048,-176.54355,441.44614,2186.5103
13.791757,-2.2088559,-0.3081897,0.001172717,0.41627717,-175.38742,429.68042,2176.7224
13.351989,-2.2993412,-0.33692423,0.03628067,0.4135179,-175.96573,417.8751,2166.7236
13.078712,-2.3239975,-0.3329097,0.049621638,0.41256952,-178.59224,407.5844,2167.1675
12.549114,-2.3029323,-0.34515697,0.047657873,0.4131665,-180.74953,405.9031,2168.8872
12.559101,-2.3201067,-0.28626874,-0.037460435,0.41470823,-182.6957,406.92084,2167.6777
12.747534,-2.2718654,-0.2495918,-0.0638165,0.41627657,-187.51137,415.9414,2180.3772
12.839317,-2.315441,-0.23427485,-0.09577773,0.41598433,-191.77896,427.95404,2188.1833
12.98391,-2.1053166,-0.18408202,-0.18097436,0.421976,-194.72487,450.97015,2185.2488
13.273985,-1.8628954,-0.1483704,-0.193781,0.42596108,-198.10939,467.13623,2201.008
13.4043455,-1.7809638,-0.13163246,-0.20312622,0.4272019,-199.20102,478.7716,2205.393
13.572575,-1.6918344,-0.18405178,-0.2025528,0.42850012,-200.65094,508.95264,2230.4446
13.991008,-1.4365332,-0.14138202,-0.17949107,0.43060097,-198.81465,529.17926,2231.8333
13.880485,-1.156819,-0.29140118,-0.05579318,0.43048814,-195.95757,552.7643,2252.905
13.975132,-0.99987775,-0.32214093,-0.009978438,0.4304546,-194.70702,558.357,2260.6357
13.866404,-0.75364554,-0.32969972,0.0026329504,0.43130308,-192.5426,578.132,2275.1545
13.9866905,-0.4713834,-0.2536336,-0.001221237,0.4323357,-193.26405,595.3986,2293.1565
14.079323,-0.32145104,-0.2611881,-0.0032480303,0.43260914,-190.81381,602.5142,2301.5981
13.091831,-0.026244523,-0.20570654,-0.00859423,0.43295094,-188.26613,617.8564,2322.7341
13.263238,0.16996618,-0.1327469,-0.01020232,0.432964,-190.7692,628.5354,2336.5056
13.068732,0.33564147,-0.14235203,-0.0047443435,0.43250388,-192.5271,632.798,2346.7856
12.971372,0.4938327,-0.13161309,0.01083598,0.4317393,-194.01503,640.8601,2359.8108
13.081365,0.59735507,-0.12623432,0.021313772,0.43114233,-194.97876,652.7511,2369.6594
13.055522,0.64420474,-0.14983562,0.017813735,0.43092853,-194.55817,651.0535,2372.3442
13.5282545,0.66820514,-0.1901257,-0.010780166,0.43125615,-193.47932,646.5044,2374.2144
13.362735,0.56764865,-0.1552778,-0.0031899058,0.43167952,-192.78685,641.92236,2366.2285
