13.625832,0.29592586,0.0068846196,0.16794519,0.4291151,13.75151,660.1328,2695.0188
14.017217,0.34200943,0.018852491,0.17047359,0.42897776,13.454542,659.0371,2695.3271
13.88364,0.3498497,0.02368169,0.18148637,0.42871654,13.570749,658.17944,2696.9019
13.577482,0.46916154,-0.148242,0.20899154,0.42739326,14.284836,658.08014,2702.1213
13.497754,0.44056195,-0.27103496,0.23000675,0.42649642,14.967915,657.504,2698.1467
13.621668,0.36869267,-0.15039742,0.2526586,0.42668983,14.726166,660.7913,2699.5962
13.675866,0.34812298,-0.114074916,0.24840806,0.42694926,13.46879,660.6394,2700.486
14.090574,0.35155845,-0.1611006,0.265369,0.4264054,11.543299,659.3874,2699.9536
14.489388,0.20749524,-0.14034735,0.2812797,0.4264188,9.835459,655.1312,2693.2654
15.034119,0.05103253,-0.06731525,0.26481888,0.4271155,7.7831116,646.8345,2683.2317
15.513372,0.033452433,-0.06486515,0.2494761,0.4274843,5.102064,648.20966,2680.2307
14.648588,-0.18206243,-0.14404492,0.28125182,0.42662218,3.157341,642.7939,2661.733
14.433398,-0.27853167,-0.16513003,0.29101914,0.42626917,2.7512417,632.62506,2652.6313
14.018655,-0.3949318,-0.13607839,0.27955413,0.42636892,1.3552418,626.05554,2643.377
13.968697,-0.5019238,-0.1688474,0.27146497,0.42628425,0.39073944,626.68524,2633.3918
13.643967,-0.5689397,-0.14626755,0.27686408,0.4259631,0.3721695,623.84485,2619.1147
13.390568,-0.7411028,-0.14120658,0.2982754,0.42478192,-2.2736359,619.6775,2608.0403
13.434811,-0.79672724,-0.19655977,0.31800082,0.42406088,-3.6338882,617.7782,2595.186
13.359415,-0.9429684,-0.11886987,0.3286197,0.42294088,-4.5749054,607.3424,2588.081
13.066668,-1.1042733,-0.11988273,0.31010333,0.4223059,-2.701254,586.84326,2572.1143
12.787841,-1.3123219,-0.10762642,0.29611918,0.42087492,-3.6851768,567.63574,2564.0889
12.703665,-1.5032246,-0.08470829,0.27239648,0.41940686,-2.8377094,544.50903,2547.08
12.865713,-1.6843979,-0.18301058,0.32203588,0.4162385,-0.14934158,529.139,2530.714
12.695539,-1.784863,-0.26188567,0.32591587,0.41497573,0.65761375,514.6904,2522.369
12.870092,-1.8825355,-0.27337912,0.3170381,0.41375634,1.4040527,501.5509,2515.1824
12.641323,-1.9498156,-0.19791014,0.29935732,0.41282496,0.52446175,483.5335,2511.8782
12.878549,-2.127208,-0.17871667,0.25237697,0.41061863,2.4323597,468.35083,2495.3853
12.898766,-2.2148626,-0.19074179,0.22802912,0.40944275,3.6599703,460.76074,2488.9214
13.220103,-2.2543976,-0.17864949,0.2659052,0.40727854,4.3032846,444.43405,2486.7983
13.673699,-2.2585862,-0.16234484,0.28830734,0.4063663,2.4209118,432.7445,2485.8896
13.971765,-2.2710958,-0.16481236,0.28942344,0.4060262,1.807064,432.3849,2482.7708
13.8667,-2.2560828,-0.19859067,0.28267288,0.40686497,3.5954628,434.0943,2481.9062
13.511761,-2.2534592,-0.21419048,0.2652991,0.4075615,6.2570076,437.9782,2480.538
13.735005,-2.2046824,-0.23899093,0.2689554,0.4087683,3.9776134,443.81326,2484.1086
14.5012245,-2.1618555,-0.27139047,0.30460373,0.40884012,2.8365135,461.53387,2485.8296
14.796146,-2.0949059,-0.24074991,0.30412278,0.41013464,2.962099,466.67206,2491.704
14.892521,-1.9764822,-0.21797687,0.27562046,0.41310808,2.0366116,473.77557,2502.5608
14.752735,-1.9196112,-0.21392442,0.2782727,0.41400236,2.3055077,482.3458,2506.5845
14.181054,-1.9276088,-0.22955677,0.2686728,0.41419566,2.543604,496.58398,2518.8403
13.858775,-1.9230986,-0.22738302,0.25524324,0.41462865,4.2713985,510.25824,2526.6306
14.121165,-1.7982376,-0.22431514,0.25263557,0.41663602,4.1643105,521.7173,2528.8774
14.095074,-1.533698,-0.22008201,0.2752743,0.4194344,5.57082,537.62805,2545.7798
13.956702,-1.4090029,-0.23288254,0.29475948,0.42027748,7.267458,548.8098,2551.2708
14.039877,-1.2868382,-0.3087032,0.33591577,0.42041412,8.557837,579.1697,2559.379
13.670668,-1.2051797,-0.30008718,0.33460373,0.42111146,8.796991,589.30817,2572.555
13.410446,-1.037482,-0.3301125,0.31879222,0.42266068,7.611578,598.79517,2578.2922
13.365993,-0.96957684,-0.330498,0.30804566,0.42332748,6.5497513,607.4418,2590.668
13.291061,-0.79312366,-0.2823427,0.2901766,0.42470545,4.162113,617.50165,2605.1104
13.342494,-0.6999218,-0.2586895,0.284925,0.4252421,4.489376,620.93317,2613.1558
12.99939,-0.67660064,-0.25653207,0.28370556,0.42536092,4.1685123,624.8156,2618.2449
12.897315,-0.49992722,-0.23678543,0.30706245,0.42537084,2.4278717,628.9194,2629.4338
