12.723299,0.10847882,0.30220374,-0.1685806,0.43592605,-165.51495,568.41595,2317.5383
12.456681,-0.043558743,0.22674356,-0.09535842,0.43461934,-158.14919,579.26685,2318.8857
12.575445,-0.049133446,0.22333805,-0.15182048,0.43574214,-162.00648,574.6435,2318.8782
12.531297,-0.23397611,0.21906708,-0.22141993,0.4368246,-163.38892,572.801,2319.6143
12.336298,-0.29715794,0.1662168,-0.23423104,0.43709385,-163.13985,571.3568,2317.4258
12.485533,-0.31604743,0.18897036,-0.24752463,0.4372336,-163.28888,571.74304,2316.753
12.20521,-0.6348143,0.12239272,-0.35484675,0.43839258,-161.11179,571.60913,2308.3135
12.255937,-0.51973534,0.16623189,-0.3035503,0.43774766,-160.66394,571.41974,2301.58
12.719439,-0.76256186,0.13800472,-0.26620528,0.43611583,-159.6092,563.14905,2298.872
13.627974,-1.0288709,0.16530357,-0.35081333,0.43598062,-159.1892,561.7455,2294.3372
13.689066,-1.0594239,0.18641917,-0.3706557,0.43601578,-157.44415,559.52185,2286.9617
14.070991,-1.0917706,0.1890433,-0.35158908,0.43541172,-156.7509,559.2933,2283.9702
14.673874,-1.3091782,0.1800148,-0.30286208,0.4327208,-156.86539,554.9863,2274.1545
15.14456,-1.4435233,0.20982139,-0.29229638,0.43095428,-155.16942,539.83154,2266.2024
15.509509,-1.518785,0.1466218,-0.38457003,0.43235624,-159.65363,534.85095,2259.6904
15.424469,-1.5092372,0.20176288,-0.37976304,0.43196854,-159.2125,531.41064,2258.1462
14.43248,-1.7460968,0.14518496,-0.46777585,0.4311145,-160.97743,518.81714,2257.0872
14.231365,-1.7899898,0.1259977,-0.43327814,0.43002352,-159.53947,518.052,2253.023
14.624517,-1.9094676,0.055250403,-0.38898554,0.42797482,-157.03915,515.5266,2250.6877
14.857463,-1.9670596,-0.0114091495,-0.35726252,0.42693946,-157.49472,511.5842,2248.4243
14.5157995,-2.003202,-0.0062179053,-0.36222512,0.4264094,-158.09807,509.50424,2246.9675
13.79235,-1.285194,-0.1242514,-0.14522299,0.4311858,-156.0852,533.5749,2234.1748
13.437442,-0.86963445,-0.2181824,-0.04971774,0.4320081,-159.20412,533.06683,2245.28
13.331063,-0.6075404,-0.2655201,-0.009817577,0.43215364,-160.03688,533.3279,2256.5977
13.320077,-0.4278805,-0.27000934,-0.002216347,0.43241167,-159.57645,533.1129,2265.2922
12.975778,-0.15732236,-0.2704283,-0.0094262855,0.43282142,-160.72794,530.2815,2281.311
13.081771,-0.06342021,-0.2775268,-0.0068761865,0.43273216,-161.57324,526.7903,2287.2598
13.543242,0.08609273,-0.32430366,0.0074334717,0.4321128,-164.01404,524.04193,2297.4277
13.533535,0.25161168,-0.280502,0.0066482024,0.43198994,-163.00595,523.5557,2307.018
14.421081,0.33165,-0.26595083,0.008647474,0.43179905,-163.15057,523.2667,2312.8113
15.101601,0.44474202,-0.27944157,0.042416178,0.4306497,-163.71918,520.68713,2317.4294
15.610894,0.52876574,-0.26062295,0.04459078,0.4303671,-163.23112,519.96936,2321.168
16.01277,0.62543344,-0.31914207,0.054115392,0.42939618,-164.41344,520.4694,2324.058
16.361328,0.76727664,-0.27470383,0.051790398,0.42894113,-162.85472,517.16974,2329.3342
16.131407,0.868589,-0.23393606,0.088676624,0.4277378,-164.3791,522.57837,2335.1267
15.665154,0.918969,-0.24706355,0.09766826,0.42711526,-167.23,524.4931,2337.073
15.268381,0.9886371,-0.27150333,0.098621756,0.42642203,-168.21071,525.336,2340.5662
14.9527855,1.0043341,-0.2931269,0.07142449,0.4267625,-168.50023,524.3815,2342.7285
14.672303,1.0713885,-0.31578913,0.060690552,0.4262855,-169.08153,523.9012,2345.1018
14.1254835,1.1366984,-0.3591576,0.04648269,0.4256651,-170.45584,523.34247,2349.0159
