13.342761,-2.9052388E-5,0.9624051,-0.11033697,0.24819762,-57.541462,110.166306,2228.747
12.963442,-0.0045829182,0.96367836,-0.11760456,0.23973341,-65.52246,111.98471,2225.2302
12.970974,-0.011141701,0.96288717,-0.12000641,0.24150078,-62.8478,104.59538,2227.4119
12.8782835,-0.00379709,0.9632316,-0.116770834,0.24193993,-64.127945,99.18033,2229.8037
13.247374,-0.005354199,0.9628978,-0.11677381,0.24323466,-55.971832,91.940216,2246.803
13.066358,0.002783342,0.9617081,-0.11318277,0.24959852,-52.73294,90.00125,2257.1453
12.697195,0.016375205,0.9551522,-0.102252536,0.2774178,-46.45491,82.30609,2284.591
12.775199,0.022157691,0.9547295,-0.0835538,0.28463912,-46.65991,79.56302,2295.8267
12.87325,0.023122225,0.9550484,-0.072377406,0.28654772,-45.880962,78.98421,2303.6465
12.621718,0.039014373,0.95505464,-0.0322413,0.292077,-51.072342,132.35756,2374.7432
12.778489,0.040439676,0.9586581,0.004420554,0.28163758,-57.61893,148.90504,2401.3308
12.493358,0.035622213,0.9562829,0.046369683,0.28653786,-66.326164,171.73026,2436.108
12.531527,0.033011865,0.9560427,0.06435646,0.28416687,-62.00155,158.19508,2434.9167
12.968713,0.056856293,0.95628715,0.053479005,0.28181952,-44.3684,156.81837,2449.3293
13.899385,0.07025999,0.9551122,0.04803595,0.28375474,-38.375267,166.49452,2461.8396
14.261295,0.073313735,0.9536487,0.05906905,0.28581485,-42.35203,164.603,2472.2197
14.093312,0.07140533,0.95251286,0.054974657,0.29085794,-44.480835,171.28964,2476.0544
14.059798,0.07088226,0.95133835,0.05432635,0.29492313,-48.153908,179.20546,2482.4617
13.876608,0.051900633,0.9498491,0.055874195,0.30326733,-56.36575,154.92978,2467.8982
13.804744,0.050349854,0.95256966,0.06209278,0.2936333,-58.287636,169.40094,2480.024
13.649505,0.050498173,0.9495867,0.06684512,0.30210406,-55.99973,142.65779,2475.5737
13.648917,0.05654142,0.95084745,0.07439339,0.29522505,-52.61197,133.62404,2469.2627
12.94058,0.06237259,0.9550876,0.056222994,0.28417656,-50.843346,141.27087,2462.386
13.354623,0.05265756,0.9534544,0.05744578,0.29129347,-58.486313,151.35464,2437.3042
13.34538,0.044745903,0.95361066,0.053743836,0.29280734,-59.65008,154.0162,2429.0354
13.350812,0.041743595,0.9527674,0.05413384,0.29590738,-61.580902,151.797,2414.717
13.27261,0.04345654,0.95135176,0.053683076,0.3002657,-62.598812,154.53815,2403.8806
13.518941,0.04333671,0.9511259,0.035706565,0.30365512,-64.98477,165.53413,2384.9624
14.417625,0.03917719,0.9533224,0.031248292,0.2977667,-63.82421,175.37836,2368.8008
14.502902,0.03635994,0.95302975,0.0308457,0.2991001,-61.37786,184.90146,2358.6013
14.268425,0.034654666,0.95359653,0.023665885,0.29814857,-58.619904,191.6914,2351.3855
13.786621,0.038472995,0.9507759,0.02122657,0.30674788,-58.15742,200.86649,2338.3486
13.827273,0.03880454,0.95006776,0.02151284,0.30887318,-58.06977,209.03412,2331.0247
13.32497,0.0340066,0.9522208,0.010098196,0.30334333,-57.413086,224.07903,2313.4963
14.10723,0.028708521,0.9557116,0.004063113,0.29287285,-56.284763,235.34705,2304.3472
14.805678,0.03220017,0.9550351,0.0040036556,0.29471186,-57.73079,239.1252,2303.0088
15.364624,0.029277015,0.9542599,0.016333936,0.29709297,-57.28099,250.37132,2304.545
15.714868,0.029359668,0.95400727,0.019800622,0.29768434,-58.848454,260.86017,2308.428
16.119896,0.022532111,0.9541172,0.02203146,0.29777077,-58.26956,259.94714,2307.6216
