14.378944,-0.036306717,0.8192706,0.006007504,-0.5722248,-82.33973,222.37273,2347.2786
14.20679,-0.03215396,0.8678146,-0.008321316,-0.4957769,-76.73307,215.12645,2352.317
14.389898,-0.028111309,0.8782151,-0.013947229,-0.47723526,-79.53714,217.12291,2355.1787
14.025917,-0.02625726,0.8924871,-0.016787753,-0.44999498,-81.1496,216.53615,2359.9949
13.52822,-0.029481366,0.89841104,-0.028648736,-0.4372272,-80.68555,204.3162,2367.67
13.739175,-0.026349606,0.89636415,0.022043964,-0.44198534,-78.29172,201.02934,2373.3242
13.775254,-0.024787027,0.8866951,0.072977975,-0.4558855,-74.22418,198.65448,2383.3284
13.90421,-0.030180473,0.8841574,0.0922373,-0.45699784,-76.71472,190.42715,2391.8406
14.261627,-0.018248335,0.8842421,0.043342937,-0.46465507,-74.45337,188.5565,2393.961
13.752816,-0.04425964,0.886397,0.04656114,-0.4584469,-77.40024,176.88638,2410.261
13.624212,-0.039671525,0.8875342,0.06031829,-0.4550504,-62.835808,170.29971,2429.1582
13.944422,-0.031992693,0.89230615,0.07012736,-0.44480148,-59.551357,175.7975,2438.8113
14.333749,-0.037293423,0.893738,0.083295666,-0.4392077,-70.6362,169.34328,2451.9954
14.434706,-0.051797763,0.8833804,0.07495306,-0.45971525,-75.24812,177.1416,2465.9172
14.671066,-0.0567356,0.881128,0.07503327,-0.46342692,-76.930046,179.9058,2471.495
14.309879,-0.06092649,0.87873733,0.07954486,-0.46667057,-77.17088,172.94688,2476.211
14.344858,-0.05875187,0.8812274,0.079168566,-0.46229723,-76.98498,182.78093,2483.849
14.388389,-0.055748362,0.87986004,0.080220714,-0.46508384,-74.26231,171.90933,2495.0972
14.597564,-0.062106524,0.8822098,0.09833456,-0.4562664,-84.27152,165.13162,2504.4314
14.463448,-0.06374714,0.88171387,0.09408381,-0.4578921,-83.32111,151.20102,2509.1948
14.785353,-0.061837144,0.8823856,0.091349155,-0.45741352,-85.251434,168.42413,2514.5652
14.317931,-0.06396931,0.8830153,0.08627138,-0.45689073,-87.02735,170.411,2513.998
14.405643,-0.067226775,0.88401157,0.08642301,-0.45446134,-90.12363,163.78688,2508.4146
14.441792,-0.0661266,0.8855919,0.076573,-0.45331088,-91.4383,166.58597,2506.71
14.185575,-0.0751439,0.88627696,0.07630088,-0.4506048,-95.8047,157.72491,2511.938
14.439537,-0.08045732,0.8838954,0.08547937,-0.45271263,-92.74693,154.13142,2508.789
13.819909,-0.07205867,0.88220084,0.090854675,-0.45637107,-89.44673,156.32796,2509.6846
13.434231,-0.07407039,0.88190424,0.09395849,-0.4559937,-91.88977,154.38914,2502.5315
13.35342,-0.07704357,0.8823675,0.09268312,-0.4548644,-96.4965,155.345,2497.2595
13.510784,-0.09519252,0.88696367,0.07761516,-0.44520748,-103.06487,158.85233,2488.003
13.675314,-0.1010547,0.88844466,0.07910566,-0.44067723,-92.29354,166.83183,2482.849
14.148837,-0.09131643,0.8913408,0.07684584,-0.43734145,-90.76591,177.36443,2477.4497
14.428964,-0.0948073,0.88989127,0.07764627,-0.43940434,-97.231964,173.08043,2466.8862
14.074968,-0.10016495,0.88777405,0.06559985,-0.4444331,-98.34551,169.89185,2449.057
14.466447,-0.10184159,0.88526213,0.058828354,-0.449976,-101.47173,173.88527,2426.3386
14.447154,-0.09918223,0.88607347,0.049526814,-0.45009312,-97.93137,179.01842,2414.083
14.256976,-0.09001945,0.8938487,0.051248055,-0.43623906,-95.52175,188.54352,2411.1455
14.700311,-0.0834543,0.9000148,0.06571403,-0.4227179,-83.004906,190.52995,2392.7942
14.78323,-0.07076547,0.90782946,0.06711026,-0.40784073,-82.905785,188.43982,2380.4336
14.738751,-0.065981664,0.9103262,0.062145624,-0.40384474,-77.403076,193.80244,2374.6575
14.276467,-0.057727512,0.91752476,0.06200065,-0.38855082,-81.16579,202.21617,2362.1228
14.320219,-0.05973236,0.9193916,0.052989427,-0.3851534,-80.42921,207.85905,2355.9316
13.592261,-0.022712246,0.9222821,0.03744606,-0.38402808,-81.79665,214.25204,2343.2607
14.23895,-0.020445548,0.92256695,0.015368312,-0.38498828,-80.12524,218.03249,2336.5251
14.719992,-0.01908906,0.9199488,0.0099041425,-0.39144817,-80.26905,227.86714,2330.9106
15.074245,-0.0239677,0.85804486,-0.015817698,-0.5127712,-78.76956,230.61366,2328.6963
14.9968605,-0.026890727,0.8345739,-0.010189764,-0.5501446,-80.75474,227.15152,2330.3428
14.969897,-0.02691864,0.82664245,-0.0023937074,-0.5620782,-75.12906,217.42966,2331.9426
14.937847,-0.02073381,0.8340027,0.0047598025,-0.55135,-79.250595,219.40137,2334.6077
