14.5086355,-0.020708935,0.42798012,-0.028452152,0.43246663,-60.041546,68.2811,2389.575
14.753445,-0.0046772105,0.44584402,-0.024222355,0.432305,-59.337593,67.19237,2393.6584
14.955558,0.029475536,0.39169094,-0.052004643,0.43319473,-59.984646,68.13942,2394.9353
14.787241,0.048961733,0.3904936,-0.03414229,0.43285045,-61.879715,70.242325,2398.19
15.115968,0.36877534,0.13808554,-0.09867244,0.43465933,-60.541893,118.66107,2434.3699
15.547871,0.3892754,0.07333604,-0.064309515,0.43393445,-66.45736,149.58173,2463.0962
15.618186,0.41899037,-0.03464426,-0.18527164,0.43615815,-49.80493,151.7003,2479.8718
15.48474,0.43429098,-0.060378402,-0.20706913,0.43649027,-49.01082,152.11525,2492.6116
15.712132,0.42616138,-0.04504572,-0.24258061,0.43721578,-44.191906,152.53532,2502.2976
15.922383,0.49236932,-0.061169345,-0.28174108,0.43772867,-45.325676,143.75433,2508.935
16.007465,0.5121049,-0.07797612,-0.27755538,0.43755051,-43.22289,143.02498,2520.0051
15.68454,0.5185574,-0.05930564,-0.28794035,0.4377656,-42.855644,136.70662,2526.499
14.9675455,0.5014991,-0.08849845,-0.30031046,0.4379804,-46.87946,131.3112,2534.3542
14.820647,0.48939332,-0.15215139,-0.28942797,0.4376375,-57.21242,130.6566,2547.3005
14.895894,0.51870745,-0.17514652,-0.20179388,0.43579966,-68.70236,126.87218,2561.7036
14.699565,0.5427287,-0.11001627,-0.13276,0.43457523,-59.721416,119.03201,2570.8262
14.754581,0.5846008,-0.12219419,-0.2673849,0.43698165,-53.85045,129.60391,2592.754
14.6338215,0.6462359,-0.14510636,-0.26727328,0.43665144,-48.57635,124.71715,2595.6458
14.525457,0.6792604,-0.20254762,-0.34104058,0.43764025,-46.8582,128.75018,2603.908
14.666143,0.73861223,-0.2579961,-0.33599097,0.43698648,-43.043163,129.98557,2607.9363
14.580851,0.7391037,-0.30712906,-0.4240722,0.43829983,-39.857174,123.75481,2609.2576
14.918978,0.70637023,-0.30577448,-0.41374275,0.4382961,-38.717514,132.68253,2611.472
14.662026,0.72419214,-0.30240232,-0.4434609,0.43874744,-41.129353,127.38141,2605.607
14.504997,0.69786596,-0.3007779,-0.45191595,0.4390395,-51.877438,126.1577,2603.279
14.856418,0.56114846,-0.14589812,-0.4067259,0.43952826,-55.080917,125.35538,2586.7239
13.925693,0.59996694,-0.060916435,-0.38522953,0.43924832,-53.304855,128.00676,2561.78
13.563101,0.51476526,-0.057976134,-0.37163472,0.4393033,-55.747635,129.3806,2549.3672
13.645559,0.5182287,-0.065085955,-0.3433887,0.43876895,-56.40531,135.2805,2543.8608
13.614204,0.5737875,-0.012510304,-0.30049884,0.43790898,-57.85628,144.58731,2523.9045
13.551833,0.40612411,0.040086858,-0.23991778,0.43732008,-50.357807,156.79886,2497.5295
13.415038,0.41059798,0.031191148,-0.2721203,0.43790597,-47.52904,162.72734,2486.8958
13.555573,0.40099138,0.060482785,-0.28462726,0.43817806,-44.477997,172.03473,2479.0034
13.279182,0.36046198,0.13041082,-0.30830124,0.43869114,-56.25502,171.04619,2467.8054
13.516392,0.3330358,0.15041956,-0.21192296,0.436923,-47.46173,174.43964,2463.5293
14.032986,0.36012402,0.09027421,-0.29651394,0.4384851,-42.888557,188.90532,2457.4783
13.906654,0.36924744,0.09020911,-0.31637436,0.43883178,-42.76009,184.92204,2453.1714
14.30153,0.39071235,0.10991807,-0.331925,0.43907222,-42.96205,184.37784,2445.6145
14.144006,0.29367027,0.23307587,-0.3105688,0.43870535,-53.026047,187.6454,2425.693
14.382795,0.22806652,0.258737,-0.27078205,0.43797088,-54.756508,190.6428,2417.9094
14.02218,0.19234316,0.25676984,-0.254827,0.43769494,-55.71331,187.30789,2417.3533
