15.0927305,0.64304286,-0.14312325,-0.042850528,0.43223616,-186.42883,414.53656,2276.5735
15.451141,0.697589,-0.19790526,-0.05596793,0.43202293,-185.97818,420.88556,2279.2458
15.843978,0.59903073,-0.16024256,-0.037109904,0.43224224,-186.41873,415.99097,2281.5757
15.818787,0.53320843,-0.15871225,-0.05663014,0.4329132,-185.47818,410.57764,2280.7563
15.886891,0.36170873,-0.17503335,-0.015668748,0.43256626,-180.80664,399.1016,2284.2122
16.076853,0.15139942,-0.16500391,0.01242196,0.4324438,-180.60458,396.8818,2286.3838
16.1639,-0.051367447,-0.32290933,0.015763095,0.43209293,-180.5557,386.21875,2285.2417
14.776714,-0.54326504,-0.3742497,0.031859282,0.4312009,-179.32385,361.20026,2290.2244
14.791424,-0.76055664,-0.36951318,0.0463523,0.43026084,-178.96384,351.34387,2289.2454
15.20766,-1.0246749,-0.26315233,0.041352417,0.42923996,-180.56638,329.50497,2292.9082
15.405375,-1.330363,-0.21497455,-0.101791285,0.43009946,-193.05261,322.41165,2308.066
15.652864,-1.4972976,-0.31294572,-0.10190694,0.42872548,-195.427,304.46832,2308.1934
15.839102,-1.5987624,-0.26553872,-0.1169902,0.42796296,-197.82558,301.94287,2320.9143
15.700466,-1.7832526,-0.1241794,-0.17311974,0.42650995,-204.77275,292.14435,2314.3835
15.321007,-1.9142839,-0.019309076,-0.27432057,0.4261548,-211.06323,261.1679,2318.479
15.576382,-1.9761826,-0.10737671,-0.28043747,0.4258564,-214.10936,246.88985,2322.0718
14.945848,-2.1809282,-0.19363129,-0.2504017,0.42212734,-215.56036,258.0622,2327.038
14.771633,-2.4087684,-0.3075092,-0.21179205,0.41687235,-216.89185,260.00476,2312.743
14.808889,-2.4788675,-0.19219981,-0.27096316,0.4156679,-218.9967,253.19016,2314.708
14.592212,-2.5939121,-0.33184347,-0.20693439,0.4115815,-220.86351,254.97353,2319.9495
14.749228,-2.602276,-0.279061,-0.24108568,0.41180906,-221.61194,232.56943,2325.773
14.2908,-2.6121066,-0.23747991,-0.2251541,0.4107708,-216.83513,223.82358,2328.2163
14.208469,-2.6088314,-0.14127403,-0.250263,0.4106179,-213.27087,222.45605,2329.1162
14.438675,-2.4827783,-0.34297416,-0.08259718,0.41191778,-207.32932,196.86215,2321.9868
14.574597,-2.358689,-0.4990775,-0.04700724,0.41464433,-204.81909,189.27414,2319.3447
