12.763586,0.018147249,-0.055353146,0.25420094,0.4273878,29.529808,885.56067,2651.007
12.734153,-0.10307079,-0.06941314,0.28158262,0.4267277,27.4833,876.703,2636.1558
12.5251665,-0.2949273,-0.06508258,0.30086613,0.42606673,26.365864,863.7103,2610.7327
12.34617,-0.5902289,-0.06594529,0.30539846,0.4251659,28.198391,834.45374,2572.0361
12.298452,-1.0264664,-0.11523988,0.31906512,0.4226295,29.292639,796.1817,2519.7383
12.360382,-1.3661884,-0.14838386,0.33351934,0.4195187,30.694246,755.6157,2476.6252
12.284881,-1.7844778,-0.19439743,0.35418454,0.41397148,30.66007,710.07465,2424.1003
12.104266,-2.0070565,-0.22971526,0.38452113,0.40944925,30.112114,670.9743,2391.3247
12.199974,-2.1485152,-0.2143334,0.39279437,0.40613297,33.128,637.7345,2373.8765
12.555974,-2.2402399,-0.20543134,0.39017713,0.4039113,32.65664,621.0711,2360.4558
12.549502,-2.122411,-0.2286489,0.39841044,0.4066285,34.166435,647.0509,2372.3728
13.036364,-1.8993142,-0.23332067,0.38492253,0.41140616,33.2598,692.6838,2398.0667
13.048114,-1.536063,-0.20184632,0.3404183,0.41766298,32.55457,732.0671,2442.6682
13.088467,-1.2998309,-0.20551917,0.31539908,0.42073423,32.85509,772.17035,2470.4175
12.995386,-1.0359933,-0.14267291,0.3018487,0.42303914,32.686623,794.89514,2501.8125
12.992498,-0.7621963,-0.08230914,0.27448702,0.42519736,31.498531,818.32306,2535.5095
