12.2024555,0.010709178,-0.43109122,0.60049474,0.6733882,-376.7876,303.52905,2447.6943
12.114457,-0.051771093,-0.43044037,0.62665874,0.6475644,-376.55856,292.46945,2465.595
13.021397,0.022294283,-0.41181737,0.63257813,0.6555565,-373.21774,290.41904,2481.7185
13.436244,-0.09954136,-0.44666162,0.6127971,0.644255,-382.5559,324.23972,2480.038
13.760083,-0.09657683,-0.47811496,0.6041029,0.6301893,-392.5658,332.95135,2475.0044
14.117788,-0.10552445,-0.4553344,0.6122108,0.6377563,-389.6674,330.72736,2475.07
14.40206,-0.13398166,-0.45475793,0.61961704,0.6255548,-388.0204,333.22028,2476.0125
13.343554,-0.2193168,-0.36380917,0.6850433,0.59182656,-396.2711,323.19293,2450.4695
13.897239,-0.15479086,-0.3235253,0.714141,0.60114366,-398.4586,335.87796,2447.0627
14.439672,1.0091027,0.5775563,-0.5808133,0.32013726,-325.24866,351.20184,2190.2017
14.577694,-0.30623066,-0.36252123,0.755581,0.4515511,-456.00934,348.06958,2402.7998
14.262367,-0.20206326,-0.37772718,0.7804419,0.45541522,-450.50616,286.48282,2450.6606
14.0653,-0.116990045,-0.3241991,0.7545091,0.5585018,-427.13074,313.37885,2476.0732
13.659456,-0.13733588,-0.32355776,0.75095594,0.5590298,-413.4837,300.93826,2463.3994
13.502389,-0.11712413,-0.33675814,0.7387958,0.57188874,-398.03778,275.08075,2461.8325
13.542729,-0.11185181,-0.319484,0.72892416,0.5950535,-392.3556,295.4812,2473.0698
13.358518,-0.115971014,-0.36320978,0.6992927,0.6046644,-389.95984,296.6052,2473.0366
13.192919,0.026770504,-0.36089715,0.6752417,0.64271706,-381.5882,325.35425,2504.228
12.880273,-0.023036709,-0.38662276,0.6636508,0.63996845,-381.12756,335.93073,2481.1228
12.86357,-0.03608078,-0.36762598,0.6605538,0.6536191,-377.63385,325.62738,2478.6357
12.599785,0.004102137,-0.37458494,0.6564938,0.6547406,-376.3412,322.2732,2478.5503
12.538813,-0.033998083,-0.3714403,0.6547054,0.65744734,-372.4876,311.63315,2459.4158
12.285548,-0.07202776,-0.35656074,0.6563339,0.6609858,-368.55933,310.88205,2479.5127
12.048498,0.039698314,-0.37477466,0.64240545,0.6672954,-366.41998,310.0769,2475.1084
