14.153793,-0.06021791,-2.5148225,-1.0366061,0.3489791,-232.72226,-275.2885,2390.1567
13.69776,-0.060180377,-2.5132551,-1.0359601,0.3835077,-236.82802,-289.14587,2408.229
13.606632,-0.05817976,-2.4297054,-1.0015208,0.3955774,-233.6021,-290.79175,2414.354
13.51922,-0.05538458,-2.3129718,-0.9534035,0.40509298,-239.64314,-335.57214,2405.9204
13.337993,-0.05209702,-2.175677,-0.8968107,0.4125656,-223.76169,-402.35645,2425.2283
13.000131,-0.044911336,-1.8755894,-0.773115,0.42294362,-228.3878,-428.15396,2459.0398
13.235243,-0.037816435,-1.5792918,-0.65098155,0.42912358,-252.5509,-426.76804,2468.204
13.668627,-0.0344957,-1.440611,-0.59381753,0.43115088,-249.09813,-425.1051,2468.111
14.114099,-0.028472444,-1.1890676,-0.49013183,0.43377507,-255.54335,-411.36902,2457.7385
14.60904,0.0031621552,0.9858314,0.16683702,-0.017083727,-270.2249,-403.9434,2418.2205
14.782724,-0.06699911,0.9835218,0.16790967,0.0015178138,-271.45523,-363.47687,2457.6914
14.673271,-0.06401308,0.9396881,0.16042624,0.2952152,-259.9247,-297.72247,2434.3228
14.759356,-0.057424657,0.84297246,0.14391468,0.5151586,-256.51306,-273.1982,2402.9937
