14.105996,0.013793827,0.9171618,0.079586074,0.39024353,-265.17996,-264.50616,2414.068
13.431084,0.010768157,0.93312347,0.080404885,0.35028514,-244.08875,-266.7544,2453.5396
13.243879,0.015341136,0.9259903,0.0987145,0.36409068,-239.97705,-283.7854,2465.4038
13.193031,0.021178303,0.92072123,0.119206436,0.37096334,-247.15024,-297.57736,2495.9392
13.05623,0.035947118,0.91254455,0.14692411,0.3799784,-240.28134,-322.6456,2496.8787
12.628393,0.042223725,0.9022744,0.18047786,0.38928875,-262.69174,-359.7373,2497.9585
12.676224,0.046412975,0.899762,0.19169322,0.3892659,-253.72528,-363.96637,2496.1636
12.612535,0.056787185,0.8946136,0.18295482,0.40369436,-243.21402,-362.68207,2471.772
12.402086,0.05850806,0.9025178,0.15700021,0.39672318,-244.4665,-317.1247,2460.4136
12.559455,0.033358134,0.90192556,0.12373719,0.41243988,-244.74435,-305.21454,2418.8113
12.851683,0.01952779,0.90547204,0.07719429,0.41686946,-242.6542,-281.6088,2395.99
13.768744,0.013579105,0.91509616,0.06541312,0.3976627,-241.21898,-259.2505,2409.671
14.406895,0.014962471,0.91863805,0.0670336,0.38908437,-245.0531,-250.55576,2422.106
