14.348391,-0.041312404,0.8648646,0.046189155,-0.49816567,-84.88097,-227.84514,2406.888
14.234753,-0.042191885,0.8688937,0.047765855,-0.49087888,-88.54333,-231.49406,2431.9841
13.705745,-0.062732376,0.8665684,0.06469228,-0.49085522,-99.36772,-267.82593,2464.2302
13.730369,-0.07874733,0.8650268,0.08507323,-0.48814964,-101.492,-285.34375,2484.668
13.577631,-0.097428754,0.8683436,0.1184333,-0.47165728,-101.6487,-306.76868,2526.9277
13.175586,-0.11576842,0.8665228,0.15642154,-0.45963925,-97.160355,-350.99518,2537.6206
12.826221,-0.12499426,0.8653476,0.15960033,-0.45834234,-103.96999,-366.17627,2531.1965
13.20569,-0.13641927,0.8619639,0.1716606,-0.45710024,-105.848694,-361.59473,2513.624
13.6693735,-0.14221722,0.8605059,0.16793817,-0.45945692,-103.095634,-353.21942,2495.183
13.1984625,-0.12692167,0.85588163,0.14171363,-0.48091036,-100.91194,-310.77765,2467.5342
13.205765,-0.11258141,0.8573647,0.11992378,-0.48771864,-98.19391,-287.49487,2452.5789
13.181275,-0.09487308,0.8554482,0.09427102,-0.50032043,-99.790634,-260.94757,2432.4402
