14.432455,0.0,0.0,0.0,0.43301272,217.26392,119.89032,2642.6187
13.923916,0.0,0.0,0.0,0.43301272,216.61707,105.70184,2626.1206
13.861867,0.0,0.0,0.0,0.43301272,215.91382,86.828,2604.1724
13.291503,0.0,0.0,0.0,0.43301272,216.7813,40.328247,2559.9424
12.949714,0.0,0.0,0.0,0.43301272,214.1188,10.93219,2532.9412
12.716545,0.0,0.0,0.0,0.43301272,214.40164,-17.535583,2516.0042
12.668257,0.0,0.0,0.0,0.43301272,214.621,-27.50293,2501.0798
12.953287,0.0,0.0,0.0,0.43301272,213.5476,-33.54724,2503.0144
13.723201,0.0,0.0,0.0,0.43301272,213.84357,-10.057434,2526.7715
14.416194,0.0,0.0,0.0,0.43301272,212.76001,28.824951,2548.2048
14.896698,0.0,0.0,0.0,0.43301272,209.267,67.40039,2570.8755
15.205398,0.0,0.0,0.0,0.43301272,206.81282,86.74371,2586.3909
14.760631,0.0,0.0,0.0,0.43301272,212.74397,116.905334,2615.0269
15.253485,0.0,0.0,0.0,0.43301272,214.92447,133.25739,2640.49
