13.179581,0.0,0.0,0.0,0.43301272,295.23553,69.279236,2545.6292
13.090498,0.0,0.0,0.0,0.43301272,298.56244,68.28162,2548.3591
13.388478,0.0,0.0,0.0,0.43301272,300.35632,68.23627,2551.6414
13.251794,0.0,0.0,0.0,0.43301272,301.667,33.20813,2572.5054
13.325448,0.0,0.0,0.0,0.43301272,295.69382,21.675598,2590.1357
13.0834255,0.0,0.0,0.0,0.43301272,284.94083,-4.991577,2609.4685
12.783421,0.0,0.0,0.0,0.43301272,271.63977,-24.426422,2626.254
12.582539,0.0,0.0,0.0,0.43301272,253.49902,-38.434814,2635.64
12.5739155,0.0,0.0,0.0,0.43301272,218.26779,-60.7473,2627.675
12.657301,0.0,0.0,0.0,0.43301272,189.48325,-74.91736,2623.1836
12.4179945,0.0,0.0,0.0,0.43301272,169.646,-87.34259,2616.0266
12.428162,0.0,0.0,0.0,0.43301272,168.13751,-73.42404,2608.45
12.269617,0.0,0.0,0.0,0.43301272,176.43163,-49.334534,2595.9065
12.374754,0.0,0.0,0.0,0.43301272,191.88489,-22.67978,2582.9783
12.654339,0.0,0.0,0.0,0.43301272,208.83524,-2.6533813,2570.7861
13.163024,0.0,0.0,0.0,0.43301272,223.75839,13.971405,2565.6587
13.159948,0.0,0.0,0.0,0.43301272,236.29883,23.855957,2557.8413
12.968633,0.0,0.0,0.0,0.43301272,242.98468,33.83908,2552.3652
13.169617,0.0,0.0,0.0,0.43301272,252.08768,37.869324,2550.9036
