14.367835,-0.01403714,5.4839964E-4,-3.465094,0.433141,213.12018,696.7723,2635.9639
14.1565075,-0.011227063,4.3861597E-4,-3.4649026,0.43311554,211.83937,693.30835,2620.615
14.096552,-0.008979951,3.508261E-4,-3.4647474,0.43309516,211.32265,676.32605,2594.2808
13.74706,-0.007182869,2.8061858E-4,-3.4646208,0.4330787,210.35727,658.1953,2566.633
13.603564,-0.005745597,2.244678E-4,-3.4645188,0.43306556,210.69975,626.48035,2543.27
14.393511,-0.003676537,1.4363421E-4,-3.4643703,0.43304655,211.48744,577.441,2526.947
14.783236,-0.0023527187,9.19155E-5,-3.4642744,0.4330344,210.09134,544.74585,2498.819
15.288391,-0.0015056316,5.8821588E-5,-3.4642127,0.43302658,211.07811,532.28705,2493.4907
15.488975,-9.6355955E-4,3.7644128E-5,-3.4641721,0.43302158,209.48465,559.7495,2508.5515
15.82913,-6.1666005E-4,2.4091532E-5,-3.4641469,0.4330184,206.98753,588.1057,2522.573
15.992184,-4.933229E-4,1.9273044E-5,-3.464138,0.43301728,202.66537,603.2554,2530.1218
15.877675,-3.9465498E-4,1.5418296E-5,-3.4641304,0.43301633,200.49301,620.56995,2536.776
15.576047,-3.1572187E-4,1.2334562E-5,-3.4641247,0.4330156,200.92776,637.5214,2557.1638
15.69721,-2.0206005E-4,7.894044E-6,-3.464116,0.43301454,203.23683,657.11707,2588.8293
15.981307,-1.2931765E-4,5.052161E-6,-3.4641109,0.4330139,206.02214,681.2755,2619.9048
