12.843352,0.0,0.0,0.0,0.43301272,-187.98732,-688.3506,2363.931
12.6144,0.0,0.0,0.0,0.43301272,-190.4364,-690.533,2359.303
12.568581,0.0,0.0,0.0,0.43301272,-192.67073,-692.2799,2342.6243
12.390293,0.0,0.0,0.0,0.43301272,-134.60645,-706.77124,2337.2366
12.396794,0.0,0.0,0.0,0.43301272,-119.463524,-696.87274,2375.5303
12.274615,0.0,0.0,0.0,0.43301272,-109.387474,-705.57153,2400.9185
12.194794,0.0,0.0,0.0,0.43301272,-104.48014,-707.6105,2410.3545
12.036319,0.0,0.0,0.0,0.43301272,-91.02763,-723.2816,2420.7966
12.214821,0.0,0.0,0.0,0.43301272,-94.35735,-730.1649,2423.7737
12.942734,0.0,0.0,0.0,0.43301272,-123.876755,-742.50415,2407.5935
13.124288,0.0,0.0,0.0,0.43301272,-123.65127,-752.6349,2408.2268
12.943637,0.0,0.0,0.0,0.43301272,-131.05049,-775.23267,2398.9429
12.667081,0.0,0.0,0.0,0.43301272,-124.60975,-787.98193,2381.0183
12.8574295,0.0,0.0,0.0,0.43301272,-113.54362,-801.1946,2375.3955
13.0942135,0.0,0.0,0.0,0.43301272,-118.5052,-802.79944,2364.1357
13.653402,0.0,0.0,0.0,0.43301272,-79.64407,-770.7794,2366.5527
13.979217,0.0,0.0,0.0,0.43301272,-72.86626,-711.8434,2369.516
13.810215,0.0,0.0,0.0,0.43301272,-83.38861,-677.51794,2371.3257
13.776411,0.0,0.0,0.0,0.43301272,-82.57877,-672.4164,2352.6685
12.984496,0.0,0.0,0.0,0.43301272,-85.0431,-662.88574,2347.3486
13.184423,0.0,0.0,0.0,0.43301272,-86.41418,-665.412,2334.57
12.860077,0.0,0.0,0.0,0.43301272,-87.786476,-661.8966,2350.144
12.931619,0.0,0.0,0.0,0.43301272,-86.31376,-671.4087,2346.291
12.635133,0.0,0.0,0.0,0.43301272,-89.34605,-674.9524,2370.2412
12.581401,0.0,0.0,0.0,0.43301272,-87.74366,-663.575,2359.0571
