14.069498,-0.1370709,-2.1864014,-0.11145635,0.39476636,185.03574,205.54483,2609.2427
14.581866,-0.17951809,-2.174589,-0.10878661,0.39586908,188.10852,204.6883,2607.4626
15.063319,-0.17635837,-2.149241,-0.083214566,0.39655492,181.24242,202.25064,2608.734
15.302413,-0.15451042,-2.1301045,-0.07235204,0.39710546,179.6958,201.89296,2611.1497
15.53308,-0.1343812,-2.1615903,-0.07924962,0.39525717,183.41502,191.16916,2625.4038
15.442018,-0.11663679,-2.1672854,-0.10231834,0.3954417,185.29436,173.15723,2657.4087
15.433521,-0.03480792,-2.223001,-0.1500128,0.3922774,187.88661,161.42552,2680.8984
14.6394205,0.13662207,-2.286615,-0.22561756,0.3868697,191.51604,127.21556,2721.3599
14.227996,0.17955975,-2.293845,-0.26568955,0.38666442,191.9891,112.82811,2739.0256
14.352167,0.24809393,-2.2772748,-0.31653997,0.38827583,190.24237,104.81355,2749.3352
14.388868,0.31231898,-2.2747595,-0.3176998,0.38700128,188.922,102.625595,2763.752
14.938684,0.3606947,-2.2613873,-0.33923283,0.38767955,188.90828,103.38417,2746.224
15.269719,0.3454094,-2.2687235,-0.29437518,0.38594148,184.9422,119.10405,2735.6572
15.581652,0.26419702,-2.261948,-0.26956743,0.38773152,189.978,143.61333,2706.5364
15.386491,0.13867205,-2.2376385,-0.24699931,0.39153478,190.79588,158.2499,2692.1821
15.75467,0.042647816,-2.2345276,-0.19640718,0.39178908,183.06424,178.34177,2667.4722
15.973831,0.045639265,-2.220282,-0.14839461,0.3912236,178.69873,195.28983,2647.489
16.278954,-0.03318777,-2.1916344,-0.1221441,0.39349845,179.40004,202.47972,2632.9207
15.975774,-0.063428156,-2.1360936,-0.10052635,0.39665094,174.75026,204.68504,2623.3171
