12.763586,0.12446473,-0.051373597,0.24999483,0.4274231,62.578392,439.62122,2641.872
12.734153,0.01004939,-0.064967446,0.27095664,0.4269904,63.517193,432.00824,2642.5076
12.5251665,-0.16946335,-0.060326114,0.2863769,0.42657375,64.42987,420.9382,2641.3245
12.34617,-0.45884717,-0.06147632,0.2921951,0.42590415,66.41189,398.66293,2640.5176
12.298452,-0.8452942,-0.10891427,0.31166807,0.42390892,68.184555,375.63196,2641.793
12.360382,-1.1652558,-0.14262041,0.3241794,0.4215309,69.92041,350.8307,2642.759
12.284881,-1.5506576,-0.18897188,0.34752542,0.41726676,70.006744,334.67148,2644.7998
12.104266,-1.7839067,-0.22604136,0.37894493,0.4134014,71.20732,317.1292,2645.1826
12.199974,-1.9553758,-0.21160626,0.38812122,0.41022855,75.274536,301.82828,2650.4985
12.555974,-2.0679662,-0.19630481,0.4029994,0.40748584,76.03613,296.54852,2654.3784
12.549502,-1.9448227,-0.22335105,0.40155897,0.41007444,77.4541,306.31662,2649.0115
13.036364,-1.6956553,-0.22364363,0.39631093,0.41417852,76.46332,325.68222,2640.6123
13.048114,-1.3681363,-0.19219878,0.35624167,0.41901544,72.39718,338.72687,2634.6748
13.088467,-1.131921,-0.19809079,0.32474497,0.42186186,69.79019,363.19568,2630.6172
12.995386,-0.8974491,-0.13759121,0.30150145,0.42390424,69.30072,374.0135,2628.3716
12.992498,-0.6445551,-0.07663093,0.2851305,0.42545515,66.771515,387.48016,2627.183
