11.619912,-1.7275703,-0.19865188,0.57818323,0.40821657,184.11304,755.66486,1743.7998
11.973349,-1.7009497,-0.37030277,0.57086694,0.4092325,194.42432,748.24896,1754.7565
12.2020235,-2.106922,-0.0018341889,-0.7717876,0.43185347,252.4607,647.6448,1821.8607
13.071963,2.1739235,0.2018348,-1.3100477,0.4388006,229.54567,579.1464,2018.0079
13.908165,1.1594298,0.18176846,0.07676239,0.4275225,153.92198,568.761,1989.7142
14.5437565,-1.2179614,-1.6302404,0.57817775,0.27792394,95.20321,564.0502,1975.0144
14.773769,0.8579557,2.5367334,-1.1207714,0.37641692,90.90714,565.65857,1975.9126
14.797098,-0.26838663,2.3781419,-0.9417379,0.32476056,54.68577,559.30383,1966.7915
14.997882,-0.3231238,2.3412335,-0.72540843,0.31227478,36.79574,564.71765,1967.9
14.631421,-0.59390944,2.046898,0.18688522,0.27373546,-96.85719,669.557,2023.3378
14.642533,-0.28391978,0.6036852,0.09999084,0.7382098,-135.20149,647.5502,2016.2506
14.883229,-0.07124454,0.7735735,1.9210621,0.2617485,-238.46573,509.4182,2037.8015
15.108218,-0.25398034,2.121037,0.38073617,0.3726369,-196.80042,746.8818,2051.9421
15.07489,-1.1237842,1.6040428,-0.1986347,0.40489265,-220.8419,804.60315,1957.5237
15.43106,-0.8115331,1.2310238,-0.32971054,0.42406324,-236.8869,790.2208,1981.4056
15.694688,-1.4483008,0.78356546,-0.25400174,0.42307413,-270.0844,743.99786,1939.7014
15.869202,-1.5806437,0.5198851,-0.18379243,0.42374417,-276.76022,740.65796,1924.4098
15.987786,-1.0880836,0.28217834,-0.09155255,0.4297137,-281.7455,789.5593,1907.5939
16.047209,-0.89508414,0.14158303,-0.08128402,0.43170786,-281.27057,793.6781,1904.8823
15.785436,-0.90354496,0.073408306,-0.043391638,0.43115216,-264.15326,777.79694,1881.2252
15.250197,-2.623705,-0.78489643,-0.18744072,0.41015035,-203.79243,654.79535,1724.3665
14.86095,-0.70312566,-1.6909119,-0.39008296,0.42346418,-178.29752,728.212,1809.9102
14.79125,-1.2570087,-2.0264757,-0.0057984716,0.40169382,-151.83368,713.7421,1750.9316
14.48609,-0.3903646,-2.305255,0.013683005,0.38414273,-146.04156,718.3625,1739.3679
14.416275,-2.3092673,-1.718392,-0.12700921,0.3614946,-64.74821,602.0197,1635.6616
14.283613,-1.3693031,-2.0343106,0.4192789,0.31137776,-70.84297,600.15674,1639.8252
13.974452,-0.42118135,0.576042,-0.45358512,0.5338925,-59.46646,448.54343,1716.5264
14.130644,-0.48154593,2.0461073,-0.120989464,0.26468822,-62.537277,506.76096,1641.1874
14.143926,-0.39390436,0.5786591,0.049220208,-0.71243805,-62.86374,514.89685,1650.5028
14.390557,-1.564581,1.9501336,-1.1088821,0.3705031,16.002281,531.1699,1573.375
14.523607,-0.8850569,2.2567415,-0.3329457,0.36261466,-4.5509706,573.3684,1547.9056
