13.568087,0.49455088,0.2633284,1.9336977,0.25186563,267.46146,269.63367,2419.4873
13.411553,0.40337908,0.21478318,1.9563402,0.25121832,303.51218,260.41904,2391.3516
13.551959,0.36395308,0.19379039,1.9645704,0.25098282,319.85452,258.95172,2384.2976
13.633166,0.59908813,0.043250803,1.9143729,0.251049,387.8509,180.38248,2331.5803
13.871731,0.22698195,-0.008186276,0.69519603,0.6819932,404.15115,185.93674,2320.9788
13.668858,0.22070219,-0.032002162,0.7069802,0.67115235,414.16122,193.20905,2322.4644
13.184304,0.16577226,-0.07531421,0.73301136,0.6553944,409.2423,195.48999,2327.138
13.634527,-0.005593614,-0.13910177,0.75713056,0.63825756,391.405,193.02786,2363.67
13.732356,-0.016586708,-0.14357558,0.7529724,0.641984,384.82202,202.92087,2355.8464
13.095689,-0.023787595,-0.14810912,0.7342577,0.66209024,353.7447,243.1499,2301.962
12.829962,-0.021426035,-0.13340528,0.7323697,0.66736686,341.62732,232.22696,2271.3877
12.571541,-0.019295972,-0.120142855,0.730512,0.6719714,341.1078,229.89728,2261.3127
12.388974,-0.01737552,-0.108185515,0.7287118,0.67599773,342.5711,227.51846,2253.7305
12.261129,-0.015644632,-0.09740849,0.72698814,0.67952555,353.90573,233.4851,2264.7195
12.366014,-0.014085034,-0.08769793,0.7253534,0.68262225,370.6341,226.12091,2266.3518
12.862232,-0.011414658,-0.07107132,0.72237486,0.68774503,352.72113,225.55792,2319.9084
13.306364,-0.009248948,-0.057586893,0.71979344,0.6917338,341.75894,225.50204,2378.676
13.575639,-0.008325053,-0.05183442,0.7186472,0.69339037,325.41113,217.98709,2392.022
14.003162,-0.0067444826,-0.041993286,0.71662366,0.69616205,319.6486,207.6648,2425.261
14.113514,-0.0054636663,-0.03401853,0.7149265,0.69835025,304.13754,188.91766,2445.858
14.034276,-0.004425909,-0.02755712,0.71351343,0.70008546,298.48932,187.94443,2462.0964
14.120255,-0.003983431,-0.024802111,0.71290064,0.7008151,300.3327,194.06583,2457.0964
13.902903,-0.2522604,-0.21672331,0.6728651,0.66079366,249.22313,151.38614,2463.2168
14.004651,-0.8441196,-0.6932831,1.6187744,0.25037333,242.90787,145.76941,2457.8882
13.341625,-1.0142645,-0.80449927,1.299499,0.25164884,269.07486,143.37132,2431.2202
13.658011,-1.0507499,-0.830032,1.146103,0.25351578,279.06757,161.1953,2422.2607
