10.095233,-1.5820565,0.4558577,0.38129383,0.41039655,563.32996,-294.64053,2085.1514
10.1737385,-1.4840457,0.6915731,0.45857957,0.40569046,529.4799,-300.6333,2056.4395
10.0964365,0.07780497,1.9230633,-0.2226398,0.41023397,468.2882,-270.4926,1993.411
10.248632,0.24446626,2.2384257,0.14031062,0.3830304,429.90964,-285.9994,1987.1102
10.317669,-0.1024724,2.4069316,-0.04545725,0.36421952,408.01743,-280.69205,1964.3136
10.157096,-0.36697868,2.3822224,-0.03267441,0.32677576,401.6618,-287.83423,1918.3019
10.321608,-0.101760186,-1.1374156,0.07751527,0.42317748,396.5649,-379.5296,1894.4404
10.394523,-0.03265466,-0.91999525,0.10400801,0.42542338,369.68985,-391.5544,1902.4664
10.44193,-0.01605813,0.96372926,-0.011270495,-0.2661595,372.75223,-362.92932,2012.4719
10.488993,-0.048567716,0.967024,-0.002446127,-0.2499994,332.18002,-293.0074,2007.9786
10.605783,-0.08409191,0.97802913,0.14705499,-0.1215007,301.77277,-320.46033,2087.416
10.319528,-0.1497652,0.98420805,0.058304187,-0.0741995,204.94579,-253.71811,2007.1387
9.775303,-1.5948409,1.7281632,0.10468516,0.3652068,55.638855,-288.5029,2096.5798
9.574444,-0.72811455,1.7746065,-0.3217884,0.408641,214.77104,-311.1496,2112.0403
9.844627,-2.784703,-0.3015548,-0.08612194,0.39989707,279.5967,-340.12628,2237.2888
10.118532,0.854984,-0.13140845,-0.41082618,0.43830457,291.63504,-293.9145,2269.543
9.937905,-0.22402339,0.4103251,-0.13589151,0.4343394,263.19415,-312.01868,2244.807
9.879144,-0.09305822,0.9365624,-0.033320084,0.42787123,250.11668,-316.74994,2234.4153
9.645792,0.31819692,1.1880699,-0.18717694,0.42873317,245.46724,-323.72424,2252.1567
9.433925,-0.015938751,0.93131155,0.3561486,0.07458522,155.88936,-279.1618,2524.0466
9.296099,0.005582862,0.9888433,-0.14804924,0.015462287,243.2402,-363.70068,2296.6921
9.017337,-0.64297837,2.375822,-0.34996694,0.3480259,189.10785,-388.8393,2474.4094
9.248779,-0.45250133,2.347602,-0.2657792,0.313352,198.26239,-430.81042,2503.84
9.467859,-0.7831413,1.9756866,-0.19718258,0.3938468,195.94362,-375.51376,2475.9346
9.670077,-0.55120105,2.3739078,-0.25071883,0.3570823,195.6362,-398.4504,2536.9219
9.85745,-0.7221544,-1.3283046,0.08294568,0.42062652,246.19778,-398.6148,2371.6082
9.810709,-0.34196338,0.2327634,-0.29741538,0.43794838,225.83322,-386.65814,2460.443
9.60843,0.010935541,0.9717865,0.23201734,0.040981673,235.63327,-213.57596,2730.6729
9.433628,-0.028778015,0.9762223,-0.0047357935,0.21480079,267.94144,-239.31493,2505.913
