10.095233,0.0,0.0,0.0,0.43301272,126.42149,95.953,2207.157
10.1737385,0.0,0.0,0.0,0.43301272,117.64374,111.90164,2248.2744
10.0964365,0.0,0.0,0.0,0.43301272,129.46162,79.4978,2323.9053
10.248632,0.0,0.0,0.0,0.43301272,170.93369,53.46762,2361.2056
10.317669,0.0,0.0,0.0,0.43301272,178.45361,76.37344,2339.802
10.157096,0.0,0.0,0.0,0.43301272,251.44382,99.62399,2383.6694
10.321608,0.0,0.0,0.0,0.43301272,115.78606,18.116241,1821.8896
10.394523,0.0,0.0,0.0,0.43301272,66.64548,53.93747,1857.4045
10.44193,0.0,0.0,0.0,0.43301272,6.184845,-44.664917,1900.2341
10.488993,0.0,0.0,0.0,0.43301272,-5.316269,-16.415909,1947.7402
10.605783,0.0,0.0,0.0,0.43301272,-16.462448,9.725052,2093.7498
10.319528,0.0,0.0,0.0,0.43301272,-8.273148,22.64888,2129.8035
9.775303,0.0,0.0,0.0,0.43301272,-28.557486,52.829315,2190.633
9.574444,0.0,0.0,0.0,0.43301272,-63.152065,85.06918,2231.4822
9.844627,0.0,0.0,0.0,0.43301272,-82.85018,98.26947,2343.4868
10.118532,0.0,0.0,0.0,0.43301272,-82.02932,67.47388,2467.5486
9.937905,0.0,0.0,0.0,0.43301272,-62.416622,38.248093,2540.277
9.879144,0.0,0.0,0.0,0.43301272,-41.34395,-25.77893,2651.0251
9.645792,0.0,0.0,0.0,0.43301272,-70.8157,248.3317,2626.5146
9.433925,0.0,0.0,0.0,0.43301272,-71.921165,207.03256,2589.885
9.296099,0.0,0.0,0.0,0.43301272,-99.88016,101.006676,2632.6152
9.017337,0.0,0.0,0.0,0.43301272,189.50671,163.8955,2220.4758
9.248779,0.0,0.0,0.0,0.43301272,22.967644,-32.486694,2127.2104
9.467859,0.0,0.0,0.0,0.43301272,95.90599,-13.187683,2157.2212
9.670077,0.0,0.0,0.0,0.43301272,54.368134,-5.735779,2168.512
9.85745,0.0,0.0,0.0,0.43301272,153.631,30.673965,2315.4954
9.810709,0.0,0.0,0.0,0.43301272,79.3365,8.702209,2191.0742
9.60843,0.0,0.0,0.0,0.43301272,413.9512,95.86383,2235.558
9.433628,0.0,0.0,0.0,0.43301272,473.97775,101.596436,2196.0532
