14.668743,0.0,0.0,0.0,0.43301272,-343.61618,15.640472,1939.1138
14.016498,0.0,0.0,0.0,0.43301272,-368.015,20.773132,1964.0979
13.905498,0.0,0.0,0.0,0.43301272,-373.99185,21.935638,1977.3496
13.505584,0.0,0.0,0.0,0.43301272,-374.69226,20.080292,1976.4014
13.429258,0.0,0.0,0.0,0.43301272,-361.00247,11.329895,1948.8959
13.037297,0.0,0.0,0.0,0.43301272,-315.90244,27.95874,1884.1527
13.13615,0.0,0.0,0.0,0.43301272,-278.93915,38.15381,1865.6172
13.058651,0.0,0.0,0.0,0.43301272,-227.47389,46.996216,1856.5387
12.83072,0.0,0.0,0.0,0.43301272,-149.13298,46.09427,1876.9972
12.985001,0.0,0.0,0.0,0.43301272,-131.05951,39.77362,1898.6821
12.675949,0.0,0.0,0.0,0.43301272,-117.87193,37.496124,2028.8864
12.815458,0.0,0.0,0.0,0.43301272,-146.15164,25.280762,2069.4036
12.719721,0.0,0.0,0.0,0.43301272,-226.48323,15.777405,2105.479
13.752955,0.0,0.0,0.0,0.43301272,-289.24213,11.337769,2109.2075
14.624393,0.0,0.0,0.0,0.43301272,-356.29782,27.878876,2115.645
14.264578,0.0,0.0,0.0,0.43301272,-380.74603,34.302063,2115.1418
15.228923,0.0,0.0,0.0,0.43301272,-481.57788,35.11432,2142.968
15.79069,0.0,0.0,0.0,0.43301272,-533.5849,37.211426,2138.667
16.050014,0.0,0.0,0.0,0.43301272,-556.0355,35.223083,2138.283
15.408328,0.0,0.0,0.0,0.43301272,-620.3539,36.95877,2132.9429
15.290356,0.0,0.0,0.0,0.43301272,-672.88855,11.068573,2132.5107
13.878736,0.0,0.0,0.0,0.43301272,-632.1905,2.7857056,2027.4475
13.7799015,0.0,0.0,0.0,0.43301272,-627.3743,35.60858,1937.5717
13.890632,0.0,0.0,0.0,0.43301272,-652.72595,60.632507,1821.8047
14.2661,0.0,0.0,0.0,0.43301272,-657.6503,48.898346,1779.0682
13.769281,0.0,0.0,0.0,0.43301272,-671.80493,63.906036,1724.907
13.648729,0.0,0.0,0.0,0.43301272,-648.00366,66.67703,1681.5342
13.811111,0.0,0.0,0.0,0.43301272,-610.02704,76.96893,1614.7773
13.735334,0.0,0.0,0.0,0.43301272,-589.81146,81.62152,1581.0302
13.546272,0.0,0.0,0.0,0.43301272,-563.0657,89.13388,1541.5172
13.110034,0.0,0.0,0.0,0.43301272,-492.1136,65.58792,1455.9756
13.569675,0.0,0.0,0.0,0.43301272,-461.96417,59.965393,1419.1385
13.97171,0.0,0.0,0.0,0.43301272,-402.45898,60.45912,1375.9083
13.862296,0.0,0.0,0.0,0.43301272,-333.288,62.93521,1372.9431
14.598724,0.0,0.0,0.0,0.43301272,-264.64496,60.261047,1400.907
15.200701,0.0,0.0,0.0,0.43301272,-238.6489,25.649475,1573.2732
15.282006,0.0,0.0,0.0,0.43301272,-240.79332,18.342743,1666.3672
14.497072,0.0,0.0,0.0,0.43301272,-252.92216,20.36264,1804.886
14.315331,0.0,0.0,0.0,0.43301272,-256.35214,32.043884,1849.82
14.254424,0.0,0.0,0.0,0.43301272,-258.6881,41.947968,1885.83
13.652314,0.0,0.0,0.0,0.43301272,-259.04758,62.747925,1948.0406
13.543008,0.0,0.0,0.0,0.43301272,-261.32642,58.602875,1968.452
13.545653,0.0,0.0,0.0,0.43301272,-267.93588,55.27533,1987.8302
12.9002905,0.0,0.0,0.0,0.43301272,-262.3675,75.11812,1932.1302
