8.634823,0.0,0.0,0.0,0.43301272,187.03873,-729.1598,2152.028
8.539777,0.0,0.0,0.0,0.43301272,168.43105,-708.5504,2257.1396
9.068997,0.0,0.0,0.0,0.43301272,216.87306,-744.1769,2419.538
9.478702,0.0,0.0,0.0,0.43301272,244.20093,-827.5768,2628.6675
9.783948,0.0,0.0,0.0,0.43301272,284.5723,-748.0598,2418.1345
9.775323,0.0,0.0,0.0,0.43301272,188.33466,-558.8007,2532.6255
9.583325,0.0,0.0,0.0,0.43301272,266.87625,-638.4986,2480.8074
9.303803,0.0,0.0,0.0,0.43301272,496.96732,-675.548,2507.7483
9.024052,0.0,0.0,0.0,0.43301272,683.6558,-744.5622,2486.1694
8.817037,0.0,0.0,0.0,0.43301272,635.7374,-736.56903,2518.7136
8.717372,0.0,0.0,0.0,0.43301272,695.32007,-751.7802,2500.9827
8.578194,0.0,0.0,0.0,0.43301272,697.5752,-738.62415,2488.9314
8.412898,0.0,0.0,0.0,0.43301272,695.6385,-733.5748,2467.1484
8.488642,0.0,0.0,0.0,0.43301272,692.3606,-717.97705,2444.982
8.161388,0.0,0.0,0.0,0.43301272,686.6613,-751.4779,2424.9404
7.971961,0.0,0.0,0.0,0.43301272,674.7625,-705.8141,2406.7458
7.809934,0.0,0.0,0.0,0.43301272,671.6389,-690.1848,2358.73
8.122825,0.0,0.0,0.0,0.43301272,667.7358,-684.9859,2333.519
8.050613,0.0,0.0,0.0,0.43301272,672.9922,-832.533,2142.6816
8.023466,0.0,0.0,0.0,0.43301272,433.46393,-639.05414,1962.7196
8.141624,0.0,0.0,0.0,0.43301272,399.11664,-669.5205,1975.1428
8.080106,0.0,0.0,0.0,0.43301272,437.16238,-782.4122,2091.4258
8.018525,0.0,0.0,0.0,0.43301272,444.45392,-694.6694,2081.5671
7.939763,0.0,0.0,0.0,0.43301272,355.02353,-780.4216,1952.7006
7.822788,0.0,0.0,0.0,0.43301272,320.26953,-765.40063,1956.6965
