30.417576,0.0,0.0,0.0,0.43301272,799.5413,-796.9374,2065.897
28.57416,0.0,0.0,0.0,0.43301272,832.48193,-771.7459,2248.997
27.244911,0.0,0.0,0.0,0.43301272,854.89465,-703.9024,2134.9438
25.870365,0.0,0.0,0.0,0.43301272,868.74207,-696.23145,2203.4026
24.734789,0.0,0.0,0.0,0.43301272,848.4408,-803.02106,2215.8696
22.624449,0.0,0.0,0.0,0.43301272,793.5554,-808.55884,2559.3694
21.866465,0.0,0.0,0.0,0.43301272,778.9881,-793.6162,2517.506
20.957022,0.0,0.0,0.0,0.43301272,763.5073,-803.2097,2451.2769
20.290623,0.0,0.0,0.0,0.43301272,763.4675,-779.00037,2474.8767
19.256687,0.0,0.0,0.0,0.43301272,735.5966,-972.0866,2550.4915
18.408367,0.0,0.0,0.0,0.43301272,725.231,-771.7261,2442.1028
17.963076,0.0,0.0,0.0,0.43301272,754.8943,-995.8473,2569.869
17.301212,0.0,0.0,0.0,0.43301272,741.7686,-805.05286,2423.794
16.593206,0.0,0.0,0.0,0.43301272,699.2081,-858.65533,2531.173
16.51691,0.0,0.0,0.0,0.43301272,725.4965,-762.068,2470.8003
16.233618,0.0,0.0,0.0,0.43301272,709.5785,-903.1815,2511.1343
15.992516,0.0,0.0,0.0,0.43301272,374.53635,-699.09924,2388.7122
15.697117,0.0,0.0,0.0,0.43301272,599.31036,-723.97107,2537.9119
15.576211,0.0,0.0,0.0,0.43301272,486.26428,-907.46216,2350.6045
15.492735,0.0,0.0,0.0,0.43301272,576.3558,-909.1283,2491.2358
15.501484,0.0,0.0,0.0,0.43301272,403.86746,-875.2115,2335.3022
14.989265,0.0,0.0,0.0,0.43301272,374.6721,-855.5003,2329.972
14.492478,0.0,0.0,0.0,0.43301272,374.83093,-837.0665,2331.9294
14.091963,0.0,0.0,0.0,0.43301272,352.60767,-892.8163,2258.3403
14.103549,0.0,0.0,0.0,0.43301272,407.78864,-966.9442,2332.864
14.091093,0.0,0.0,0.0,0.43301272,353.19513,-818.68536,2318.2312
14.147783,0.0,0.0,0.0,0.43301272,356.6957,-844.4447,2339.109
13.958994,0.0,0.0,0.0,0.43301272,344.7399,-819.0033,2366.9355
13.347466,0.0,0.0,0.0,0.43301272,257.79254,-827.68317,2270.8628
13.216453,0.0,0.0,0.0,0.43301272,239.41547,-801.6295,2295.916
13.216382,0.0,0.0,0.0,0.43301272,209.79358,-655.83496,2146.1245
12.984784,0.0,0.0,0.0,0.43301272,155.47984,-774.5487,2351.6143
12.723244,0.0,0.0,0.0,0.43301272,153.87778,-745.9381,2328.7515
12.667747,0.0,0.0,0.0,0.43301272,156.98901,-751.67535,2332.6904
12.695408,0.0,0.0,0.0,0.43301272,54.34343,-808.4867,2516.9958
12.842239,0.0,0.0,0.0,0.43301272,147.95164,-843.7953,2235.178
12.687887,0.0,0.0,0.0,0.43301272,156.52463,-859.3132,2250.6604
12.445501,0.0,0.0,0.0,0.43301272,154.9759,-880.7217,2284.6123
12.420484,0.0,0.0,0.0,0.43301272,169.64973,-833.34924,2233.0847
12.245009,0.0,0.0,0.0,0.43301272,160.61653,-851.8936,2402.1804
12.199038,0.0,0.0,0.0,0.43301272,171.28674,-827.6653,2308.5735
11.996367,0.0,0.0,0.0,0.43301272,170.23172,-825.4732,2301.6743
11.964453,0.0,0.0,0.0,0.43301272,178.29755,-734.3219,2453.688
12.522725,0.0,0.0,0.0,0.43301272,202.96991,-749.85645,2338.8357
12.739157,0.0,0.0,0.0,0.43301272,159.2907,-813.63995,2176.6165
12.868295,0.0,0.0,0.0,0.43301272,185.456,-713.38684,2133.021
12.901506,0.0,0.0,0.0,0.43301272,193.22421,-754.4888,2130.7908
13.114257,0.0,0.0,0.0,0.43301272,226.15775,-776.1611,2104.2432
12.848733,0.0,0.0,0.0,0.43301272,257.07846,-914.7779,2254.2847
