11.966966,-0.09435092,-2.488579,-0.061861813,0.33998376,14.911779,-27.617111,2546.3882
12.549939,-0.0626092,-2.4524145,0.015452439,0.32815653,-10.215978,-23.256378,2538.8098
13.000983,0.019263336,-2.342975,0.038708165,0.30166736,-24.256012,0.64959717,2540.5486
12.596788,-0.0021673092,-2.249527,0.05679598,0.28503332,-29.481892,5.383423,2549.906
12.597507,-0.03754687,-2.2013152,0.031179044,0.2770106,-35.00638,4.493042,2545.0493
12.9184,-0.024726527,-2.281928,-0.0066306074,0.28910872,-49.879192,1.7626343,2527.7495
13.027872,0.016707111,-2.2452562,-0.015431634,0.28359157,-54.33197,3.509552,2516.9133
12.919169,0.16229147,-2.2916958,-0.24101894,0.29226947,-55.39511,9.962006,2471.4998
12.94311,0.04176943,-2.2586355,-0.13716424,0.28520602,-56.556236,8.511063,2445.2007
12.612389,0.64113945,1.7864665,-0.3677803,0.42042848,-38.976254,27.885162,2356.236
12.572423,0.72358364,0.71416515,-0.12536576,0.43241176,-60.01995,14.126358,2326.1594
12.655205,0.74908596,0.68240845,-0.17719851,0.43359202,-57.399555,9.9151,2286.0361
12.6064625,1.1334885,0.15982628,-0.083678916,0.4311323,-49.332245,8.539932,2239.6572
12.825779,0.8208985,0.64134115,-0.058989912,0.43122047,-44.23452,-4.1488495,2232.8425
12.1454115,1.2232337,-0.0141542,-0.035665065,0.42894238,-27.900814,12.359863,2176.3923
12.180584,1.0707244,-1.4097959,-0.43208602,0.41816765,-6.0430984,28.590332,2142.962
12.090125,0.59998745,-1.8000523,-0.31990132,0.40963057,-15.613327,34.96425,2100.4878
12.580886,0.47603446,-2.1281312,-0.27794224,0.39357084,-9.772225,47.074112,2074.0938
12.81289,0.36941597,-2.310421,-0.4661443,0.3866218,10.341362,31.79332,2058.0527
12.637878,0.26496595,-2.3727336,-0.28693354,0.37631786,23.013338,27.457184,2053.3691
12.217567,0.42416358,-2.406392,-0.8102488,0.33098373,100.2905,-33.415512,1985.7896
12.14096,0.3783042,-2.3668025,-0.64437723,0.31633055,107.965515,-25.08519,2011.1598
12.204075,0.35933623,-2.2857583,-0.45124677,0.2982459,115.970955,-29.488693,2024.5837
12.127713,0.057428814,-2.1558793,-0.27871197,0.27196202,137.63171,-43.787094,2047.8004
11.811578,0.057330787,0.98563665,-0.1369397,-0.08050457,234.61778,-6.4295654,2106.6653
11.619088,1.2162195,-2.0403965,-0.0023745256,0.3551124,259.46808,24.806274,2160.397
11.57416,-0.011288592,0.99124575,-0.05887785,-0.11763412,272.2096,-23.869995,2220.3096
11.666979,5.2514137E-4,0.9570448,-0.026062876,0.28876594,237.68419,-57.745102,2187.9204
11.96204,0.012208049,0.9935999,-0.025200153,0.1094309,270.26117,-53.772217,2256.3965
11.862153,0.021531342,0.9903625,-0.01666567,0.13579677,278.81128,-64.28665,2273.8416
11.790616,0.04427188,0.97669065,0.0056349887,0.20996092,312.55447,-17.628998,2276.0828
11.690128,0.073812425,0.97858703,0.020580787,0.191038,349.83777,-6.031967,2284.7893
11.401543,0.042406164,0.964148,-0.015971724,0.26146778,412.24008,15.872803,2269.2004
