13.702035,-0.22837852,-1.2410094,0.24210396,0.4177462,-176.28392,-73.93767,1691.9067
13.620773,0.69597304,0.14076416,-0.15173168,0.4348029,-108.48195,-49.22943,1705.0527
13.77727,0.61806345,0.29911485,-0.37892416,0.4392129,-58.236897,-11.937378,1685.6277
13.934499,0.17853218,-0.1127649,0.063779466,0.43142906,-23.18805,23.905533,1710.284
13.877482,0.3724495,-2.0632153,-0.020815438,0.3918486,-5.3363953,61.442963,1731.716
13.624427,0.23479703,-2.1181715,0.24979717,0.27303913,29.97493,82.37175,1770.2599
13.680523,0.20850764,-2.0649998,0.2585029,0.26450938,37.70982,86.39072,1780.4476
13.635305,-0.04757444,0.68346703,-0.06562475,-0.7254674,60.05513,77.56181,1804.0184
13.416061,-0.04867339,0.71907246,-0.034257725,-0.6923815,87.784874,113.01454,1837.3057
13.415914,-0.050812606,0.7144275,-0.018467953,-0.6976177,102.408966,126.832535,1840.5205
13.2905445,-0.044676725,0.7468799,-0.016809952,-0.66324335,141.07797,107.02223,1852.1224
13.012608,-0.03246728,0.7744168,-0.02876859,-0.6311868,159.97266,119.39897,1867.9823
12.814281,-0.035790432,0.7805381,-0.0042608106,-0.62406826,164.8631,130.66597,1874.8165
12.824359,-0.040943418,0.8041185,0.019389609,-0.59274036,180.43619,112.79027,1889.9951
13.125954,-0.04373337,0.8427104,0.027682453,-0.5358735,168.24554,115.74591,1902.6136
13.9222555,-0.08230606,0.8163121,0.02328057,-0.571243,138.1292,2.0245667,1916.7081
14.588433,-0.06969116,0.800153,0.019960241,-0.59539896,122.646355,60.058044,1930.0189
15.126281,-0.039626762,0.8762596,-0.007420699,-0.48014975,58.855827,58.891785,1990.7415
15.582645,-0.068528935,0.98442024,-0.1443605,0.07335285,2.4211807,85.53116,2017.6411
15.92118,-0.08463379,0.91284704,-0.10868245,-0.38436362,39.53624,34.987137,2090.9473
15.714108,-0.219444,-2.1011677,0.79908466,0.3556026,-54.937813,56.113083,2045.7738
14.858469,0.38250223,-0.2713997,0.30415508,0.42494023,-148.16095,102.80867,1970.1575
14.562585,0.45754755,-0.17860623,0.2527858,0.4263036,-145.79123,86.71437,1980.1025
14.483724,0.51652515,-0.17564248,0.27689698,0.42552084,-155.02898,68.777115,1986.8976
13.853963,0.6113898,-0.19954638,0.375336,0.422585,-179.52782,76.64732,2004.3062
13.535144,1.0562478,-0.7794018,0.79338306,0.39957717,-250.51958,68.641235,2050.0413
13.397953,0.9335989,-0.22043926,0.72474116,0.41062346,-260.57596,71.15549,2060.795
13.340728,0.83936316,-1.9118999,0.3323762,0.37587777,-245.62772,79.38939,2054.3743
13.1988125,0.6322911,-2.2339747,0.13431948,0.31231785,-313.70236,80.38905,2060.6174
12.923812,0.5457847,-2.2753906,0.08917674,0.3136956,-332.8327,109.959274,2071.5974
12.75609,0.39226663,-2.2835472,0.045486525,0.3028868,-338.54916,109.858826,2079.3542
13.59461,0.2813091,-2.2107558,-0.013704603,0.28342703,-339.43155,108.63559,2084.7395
14.293747,0.18201242,-2.041862,-0.054174986,0.2566777,-338.14804,102.888596,2087.8098
14.502315,-0.053104416,0.70520014,0.022970514,-0.7066435,-337.33508,103.91008,2089.3706
14.241942,-0.03969178,0.7435747,0.02380943,-0.667049,-336.51657,104.646194,2079.8508
13.919589,-0.034314457,0.7628854,0.03705497,-0.6445583,-331.30823,108.727844,2070.7192
13.647835,-0.032019272,0.7771093,0.01152551,-0.628445,-319.87158,111.40393,2055.3738
13.5886,-0.03076009,0.76338184,0.014040874,-0.6450619,-318.19452,115.47046,2016.2056
13.461785,-0.027023539,0.7721471,0.0135075655,-0.6347253,-315.6392,114.844604,1999.2698
13.357957,-0.014575385,0.79766315,0.004127521,-0.60291296,-309.7672,111.3018,1980.059
13.29148,-0.006502965,0.8131077,-0.0022104206,-0.5820728,-304.0657,126.36307,1959.0541
13.280762,-0.0026408527,0.8233543,-0.008797605,-0.5674534,-303.76227,128.3269,1954.408
13.044445,-0.0017209498,0.8699696,-0.0054130275,-0.4930726,-300.536,112.93463,1943.6598
12.787608,0.0051766527,0.8984575,-0.018512545,-0.43863952,-296.13507,112.88628,1927.047
12.706313,-0.013792682,0.92833155,-0.011884928,-0.37130725,-302.50323,125.55684,1912.6781
12.783293,-0.012241207,0.96854204,-0.013480232,-0.24818334,-315.32303,120.64081,1903.7241
12.3871975,0.25632876,-1.5161695,0.35478783,0.40524876,-328.10236,109.8396,1902.2148
12.364014,-0.114675395,-2.087439,0.91649497,0.33890057,-209.38116,-69.348526,1795.6317
12.491359,0.05084664,0.59941924,-0.2998075,-0.7404233,-353.66614,-39.7359,1753.732
12.397032,-0.021844568,0.66850835,-0.17796047,-0.72176826,-303.37265,-43.89839,1821.6628
12.180595,-0.05138871,-1.5023553,0.53496253,0.40230677,-284.02106,-25.512543,1770.2178
12.309244,-0.6891961,-1.5865394,0.57748276,0.40045178,-247.919,-18.292297,1783.8558
