15.573328,0.028649228,0.99238616,0.046690788,0.11031271,-19.800186,196.49687,1943.7207
15.821907,0.034326702,0.9915718,0.0140625825,0.12413387,-35.23217,194.0156,1964.3024
15.479915,0.027305346,0.981779,-0.053219482,0.18036649,-54.815758,197.9349,1984.5502
14.759153,0.049891755,0.9458049,-0.12541397,0.2953563,-103.956055,196.15935,2020.8975
14.833981,0.03705977,0.9170548,-0.12518099,0.3767848,-137.44565,195.05095,2058.2551
15.06355,-0.0049539423,0.9173262,0.040565666,0.3960333,-149.10869,194.564,2075.0059
14.583906,0.0073484266,0.8617534,0.04867205,0.50493354,-167.18619,149.34926,2139.8433
15.140497,0.30057627,2.4766953,0.07158309,0.3396673,-312.4731,116.67505,2161.4795
15.715598,0.65988934,2.2167919,0.077181235,0.3900155,-394.4449,176.99551,2181.593
16.16082,0.7592476,2.0887794,0.030157933,0.39923537,-406.16193,210.31448,2184.8416
16.492168,0.782221,1.8862929,0.045166656,0.4073653,-419.28894,200.9893,2175.0796
16.668447,0.6579319,1.5865753,0.03799002,0.4163684,-425.65967,189.20271,2164.7617
16.46594,0.013366492,1.4700696,0.626822,0.39985615,-448.3574,170.79901,2145.7808
16.328894,0.025632981,1.3703951,0.5871338,0.40405405,-466.7283,164.59268,2098.3206
16.64212,-0.065796785,1.27855,0.59354377,0.405555,-480.59872,176.0833,2057.6782
16.93977,0.1708295,1.1688744,0.3219602,0.41677347,-478.69473,183.6524,2013.0212
17.122398,0.5403876,2.334258,-0.055870373,0.38543752,-492.5661,197.69489,1970.192
16.560143,0.8802987,2.1540117,-0.15351912,0.40136614,-500.26132,212.31601,1932.7915
16.204033,0.8020023,2.0208042,-0.121420935,0.40673515,-505.61914,211.05933,1911.9078
16.113909,0.696324,1.6235735,-0.14934656,0.4199524,-522.1287,205.99661,1869.7338
15.560989,0.6277293,1.3420159,-0.20357949,0.42685884,-538.96,204.37625,1839.4531
15.728027,0.45312247,0.9914691,-0.20848198,0.43188387,-546.9395,208.0862,1813.29
15.277481,0.31929007,0.6543324,-0.2341878,0.4354368,-553.69244,210.4839,1791.3364
15.209175,0.23915276,-0.048602585,-0.19894972,0.4367705,-539.7199,201.56943,1766.6929
15.585654,0.22848062,-0.53301334,-0.28614387,0.43645298,-515.2292,200.5255,1754.1368
15.899163,0.10338704,-0.87611043,-0.33638838,0.43467003,-494.42462,199.10797,1733.2987
16.07083,0.03178148,-1.0153173,-0.34160635,0.4333163,-485.07635,201.69771,1721.1857
15.1752405,0.10783101,-1.0956234,-0.13956721,0.4278526,-442.7637,197.49542,1692.3899
14.972991,0.15948202,-1.1259311,-0.08416283,0.4259458,-409.92798,199.51833,1683.7936
14.801604,0.4622861,-1.1412067,-0.06596115,0.4233998,-381.36697,202.90437,1681.7477
14.15985,0.9318654,-2.1527023,0.13088767,0.3456071,-312.70764,202.55153,1687.7445
14.120314,0.9992937,-2.0976536,0.22183655,0.3259023,-283.82764,203.04173,1686.3721
13.596301,0.7491249,-1.983645,0.32308957,0.27720594,-238.936,202.91766,1683.142
13.584388,0.62794286,-1.8708357,0.3103866,0.2529956,-210.16518,197.38559,1676.9377
13.394259,-0.19581999,0.8185689,-0.056595847,-0.5370254,-155.54364,173.44006,1672.0797
14.131818,-0.16079882,0.929928,0.004671343,-0.33068967,-104.58522,179.13007,1666.4006
14.437328,-0.13215849,0.95517874,0.020431949,-0.26410294,-81.22161,188.06615,1664.2557
15.001232,-0.09812971,0.98251635,0.018564275,-0.15712287,-54.78059,197.859,1676.0376
15.442223,-0.06252078,0.9958715,0.031191584,-0.057951227,-30.829609,207.62796,1696.8439
