9.277663,0.13620165,-2.119407,0.089989536,0.26762995,380.61612,149.11894,2573.4346
9.0429325,-0.068850234,0.7113246,-0.043815352,-0.6981097,379.71658,148.1269,2572.6614
8.815942,-0.07292253,0.74183494,-0.058157958,-0.6640639,406.72314,150.50739,2561.5747
8.680703,-0.098474145,0.736929,-0.058884196,-0.6661614,441.7547,140.6677,2548.5696
8.580335,0.1349107,-2.0428338,0.09020355,0.25693008,585.6089,145.07701,2500.778
8.333009,0.10155199,-2.3409672,0.20022856,0.31075427,611.3622,179.76868,2447.2903
8.12889,0.062066346,-2.3795793,0.22965288,0.32603675,645.5322,175.27513,2431.1316
7.997628,-0.022436881,-2.42585,0.14014496,0.34486315,666.3599,191.4555,2387.4377
7.92196,-0.13690199,-1.9898777,0.14035073,0.39752245,667.7781,191.21254,2255.923
7.824156,-0.0028617827,-2.1938875,0.1913683,0.38101044,647.342,198.36574,2232.153
8.482157,1.0898212,-1.8984269,-0.05652848,0.38486627,578.7568,189.80792,2178.5227
8.793848,0.06926136,0.9351141,0.0947992,0.33433157,514.8657,204.34006,2067.315
8.74996,0.8319137,0.98267,-0.08220296,0.4289568,451.373,171.26698,2057.383
8.660051,0.52735895,2.0790777,0.17757064,0.39429158,341.58105,148.91258,2002.3802
8.580727,0.20103396,1.8497788,-0.047684282,0.40937138,297.4498,183.03423,1956.3306
8.795978,0.44674656,0.5767111,-0.17843463,0.4347828,330.66226,85.165054,1929.5533
9.268964,0.3165764,-0.6639414,-0.0064298534,0.4294459,214.95758,199.32074,1917.6853
9.418372,1.1409332,-0.26809746,0.32543656,0.41965583,189.54614,159.67935,1986.5985
9.222025,0.7951073,-0.5376881,-0.15866959,0.43118036,228.27155,207.95355,2077.552
8.974666,0.0151875485,0.99253315,-0.10154254,-0.065850735,257.28406,183.11652,2136.3
8.792375,0.01145132,0.98256546,-0.05415095,-0.1774868,256.8952,178.62456,2157.4128
8.581464,0.018055167,0.97356415,-0.0020726956,-0.2276896,246.63297,136.46404,2199.8853
8.7392845,0.0025695167,0.9538352,0.021585256,-0.29954284,225.47919,162.22084,2205.7407
