12.755175,0.042464193,0.7620113,-0.038452487,-0.6450247,371.0796,49.860565,2179.3457
12.80262,0.033790182,0.7779737,-0.005017896,-0.6273675,373.7421,102.877304,2206.553
12.907167,0.02098383,0.8097319,0.056319855,-0.5837138,389.89307,24.539139,2256.062
12.736221,0.01819624,0.83296484,0.065580614,-0.5491245,397.15546,18.185837,2272.1753
12.402463,0.016482115,0.8380896,0.06309948,-0.5416203,399.005,74.46164,2263.6536
12.364422,0.04482157,0.86210054,0.040217932,-0.5031463,411.93365,109.015274,2263.461
12.486855,0.040991813,0.87109715,0.018206691,-0.4890583,417.94376,100.42491,2270.1206
12.37623,0.056619924,0.8865625,-0.04981601,-0.45642018,434.60312,128.0757,2277.1897
12.70232,0.028343715,0.9915405,-0.120688066,0.038452722,445.3255,143.60489,2267.4521
12.587484,0.03590732,0.9840449,-0.16795643,0.0464428,463.99084,164.37483,2258.2986
11.712309,0.049562972,0.9852483,-0.15705492,-0.046507265,462.9916,151.5343,2277.6282
11.629576,0.09445735,0.9228578,0.041740336,-0.37103748,510.55634,104.65192,2381.5188
11.733452,0.0719581,0.889313,0.11788768,-0.43594363,504.04428,94.68323,2403.4478
11.922953,0.055515587,0.8629787,0.18541178,-0.4666993,462.35223,86.20058,2423.4116
12.33931,-0.008055137,0.86321217,0.2006653,-0.46317738,422.72794,83.87018,2425.2056
12.585742,-0.017743716,0.8660271,0.2050857,-0.4556555,401.99243,85.17235,2426.8655
12.476909,-0.05346693,0.8848009,0.1983491,-0.4182419,360.7529,82.84061,2423.6504
12.528466,-0.0680439,0.8949389,0.19959766,-0.39321128,337.54218,79.489716,2443.742
12.509812,0.32503885,-1.2118345,-0.89378726,0.43827957,275.46814,79.22905,2454.7998
12.873293,0.05336496,-1.3401774,-1.0585115,0.43978083,233.46698,72.16559,2470.6865
12.842132,-0.12441658,-1.8443754,-0.9343244,0.42700166,177.71848,79.91002,2484.433
13.359261,-0.10394646,-2.1624467,-0.9716346,0.4148883,139.52171,82.07788,2501.765
13.521093,-0.03089907,-2.3057861,-0.77302116,0.40225676,126.0744,85.69194,2511.7817
13.226978,-0.20883544,-2.530026,-0.59441876,0.37623373,104.99327,99.568695,2526.242
13.444461,-0.0635046,-2.545737,-0.47206533,0.3467438,86.54039,101.746445,2521.2375
13.568056,-0.016764566,-2.5090113,-0.44452122,0.33270237,85.926254,93.74132,2519.8018
13.257425,-0.13389947,-2.4831915,-0.49044213,0.32396537,84.992676,90.79968,2482.316
13.47373,-0.08277483,-2.4610214,-0.5793602,0.3213659,84.6174,89.53325,2456.838
