15.248721,0.57769006,2.2477696,-0.09763481,0.3937497,535.6067,-50.39543,2665.3313
14.773747,1.2861156,0.9994305,-0.6307372,0.4372697,455.5847,-231.1535,2469.3748
14.902486,2.0425324,-0.8424765,-0.44761646,0.41378134,490.3717,-59.585876,2638.7278
14.344129,1.5614051,0.05098527,-0.2888068,0.43118882,489.3828,-44.272186,2627.9995
14.58122,1.8693044,-0.5110382,-0.3159116,0.42190766,483.29935,-38.4731,2621.8687
14.491479,1.3408115,0.010815476,-0.31347138,0.4336497,441.11935,-3.1031952,2597.0798
14.751518,0.122773,0.9630701,-0.013525009,0.23924828,403.07462,0.5978241,2578.6506
14.918094,0.4366683,2.5395648,-0.5536875,0.37711358,388.32416,2.0759583,2568.964
14.691273,0.623616,2.579663,-0.53968394,0.36044505,347.679,11.515366,2555.4968
14.506258,0.052558314,1.6214753,-0.57654506,0.4268614,196.85695,-13.826065,2450.0657
14.690824,0.16743778,1.9062974,-0.6653637,0.4208404,202.87355,-22.315704,2451.477
14.594794,0.1707088,1.7071135,-0.6255254,0.42614356,178.8199,13.892059,2431.577
14.590601,0.12213946,1.2306587,-0.5492258,0.43447825,141.85461,18.570587,2440.6814
14.643593,0.064464964,0.70802414,-0.4610987,0.43896198,83.63884,-5.6415405,2424.7288
14.485307,0.062507235,0.5253751,-0.4107721,0.43936092,65.12778,-12.841187,2435.089
13.809878,0.11678508,-0.055225085,-0.19595082,0.4368511,23.259687,-0.6303406,2437.5566
13.665919,0.0936017,-0.2538907,-0.16659604,0.43588838,14.651874,-1.6887512,2431.8733
13.887116,-0.19025794,-0.8386784,-0.067125864,0.43042892,7.8709497,-1.1225891,2397.8862
14.085563,-0.22289488,-1.1767128,-0.02138185,0.4251548,9.722562,16.603958,2352.5605
13.943275,-0.16151515,-1.4549829,-0.1405771,0.42243585,23.175829,-18.41156,2344.3037
13.518471,-0.33708072,-1.5061071,-0.204287,0.42331102,72.61389,-32.169983,2305.0457
13.434845,-0.14315954,-1.6481155,-0.30242592,0.42125762,81.74095,-30.216812,2295.3792
13.617455,0.7351534,-1.2251331,-0.23117046,0.422938,116.84189,-4.389221,2277.2747
13.825498,0.3768779,-1.7011231,-0.51069903,0.42008072,180.58104,6.7542267,2221.6882
13.594015,0.41577604,-1.975243,-0.35233253,0.4055175,192.99959,3.0029755,2209.014
13.166429,-0.023837907,0.89982426,-0.08524084,-0.42717934,247.21732,6.453598,2201.0845
13.502251,-0.02671929,0.9887123,-0.1234342,0.080610566,261.8961,4.7039185,2199.9038
13.36882,0.05138976,0.98832935,-0.018579567,0.14219347,298.63663,-30.21698,2307.119
12.759254,0.023243174,0.98273844,0.003538559,0.18350065,345.95853,-28.571533,2107.7078
