16.152575,0.49251816,0.2326588,0.3936052,0.42327085,124.07657,-348.12222,2203.0479
15.926058,-0.37479976,0.28571022,0.23513754,0.42653805,119.5551,-336.97058,2216.3018
15.475863,0.07523964,0.24931774,0.3096804,0.42574328,120.363976,-339.77676,2206.3618
15.373166,0.84483683,0.011695056,0.35853297,0.42255226,106.62212,-362.22952,2197.956
15.355653,-0.86485785,0.08272158,0.4835347,0.41885933,111.97693,-368.39883,2189.0835
15.353028,0.119948015,0.10979195,0.5183516,0.42078483,114.4593,-354.95776,2191.495
14.963545,0.90008223,0.10920846,0.31498513,0.4235201,112.32014,-372.6618,2187.1912
14.876186,0.69204354,0.123455524,0.3528322,0.42365167,112.73335,-370.97052,2178.757
14.835966,1.5425438,0.09601173,0.27948385,0.41881362,115.76588,-367.53925,2180.5718
15.097148,1.3722924,0.078481816,0.24773714,0.4214066,118.4634,-367.5551,2180.816
15.506187,1.1529794,0.31377795,0.32661328,0.4217019,120.21442,-369.61203,2181.7366
15.776963,0.138277,0.1948014,0.27872398,0.42661884,122.180145,-364.551,2187.8176
15.635593,0.5940373,0.16633618,0.25766027,0.426332,117.06219,-355.857,2192.4133
