13.771857,0.0,0.0,0.0,0.43301272,-267.73352,28.674805,2149.6228
14.135672,0.0,0.0,0.0,0.43301272,-268.35675,37.971863,2151.6978
14.743172,0.0,0.0,0.0,0.43301272,-278.55017,37.181305,2144.2263
15.177574,0.0,0.0,0.0,0.43301272,-280.25803,21.20108,2155.6035
14.966376,0.0,0.0,0.0,0.43301272,-273.62048,11.271973,2226.045
15.205474,0.0,0.0,0.0,0.43301272,-268.6774,7.572937,2255.3442
15.383781,0.0,0.0,0.0,0.43301272,-268.33337,18.482208,2297.0498
15.578033,0.0,0.0,0.0,0.43301272,-276.95392,29.600494,2312.2397
15.095853,0.0,0.0,0.0,0.43301272,-292.40338,18.804962,2272.1953
14.7427635,0.0,0.0,0.0,0.43301272,-288.18832,38.66742,2212.3943
14.572687,0.0,0.0,0.0,0.43301272,-281.53412,31.351776,2157.2502
14.316339,0.0,0.0,0.0,0.43301272,-273.8797,45.662933,2152.2275
14.225939,0.0,0.0,0.0,0.43301272,-279.4853,53.396698,2157.1938
