15.124662,-0.13054727,-0.026354846,2.2137015,0.29130375,-197.29904,549.70166,2217.3054
15.2770195,-0.39472583,0.22318228,2.1679354,0.29046133,-198.34415,552.5531,2228.165
15.156575,-0.5136733,0.04188132,2.1722634,0.29272872,-198.83379,553.01996,2224.2468
15.333575,-0.7590705,0.07250287,2.1075006,0.29072908,-195.54466,546.327,2195.4695
15.604937,-1.0923067,0.2106501,1.8995272,0.2778405,-194.55931,502.7696,2134.6292
15.391742,-1.3739625,0.17964536,1.658179,0.2701194,-189.34148,474.17856,2085.4314
14.634486,-1.2255138,0.42895097,1.7777991,0.27896786,-187.37048,458.01096,2064.6423
14.353931,-0.9345979,0.43086657,1.9654084,0.28766915,-188.19017,485.41803,2075.4194
14.28283,-0.926118,0.4201665,1.9777449,0.28921473,-188.83514,486.562,2082.2993
13.965567,-0.60920423,-0.089801855,2.15808,0.29278383,-187.55406,538.6792,2162.471
13.636085,-0.6615249,-0.28080785,2.1381652,0.29273066,-186.9708,542.3866,2196.8086
13.46886,-0.66059905,-0.279243,2.1055646,0.2836613,-186.60745,551.94995,2229.7056
