13.471547,-0.2362724,0.86832315,0.0096080005,0.4272076,-30.16529,547.66547,2221.0803
13.20764,-0.13655493,0.69434094,-0.051697794,0.43077144,-33.730198,543.2871,2223.0725
13.019312,-0.3310959,0.5663601,-0.07717197,0.4317394,-33.440937,543.10645,2222.5393
13.0187025,-1.8136379,0.46459845,-0.34859616,0.42427957,-29.446892,529.0727,2189.7747
12.6170025,-2.3979897,-0.035020206,-0.106552675,0.41253915,-23.226637,488.1691,2114.7205
12.540117,-2.5022995,0.1947268,-0.11980778,0.40625402,-19.213614,475.10504,2095.7842
12.326098,-2.3135178,0.19749664,-0.03951084,0.410145,-13.021242,465.77588,2076.6548
12.283005,-2.3096092,0.22749062,-0.07513057,0.41072258,-14.134695,470.8513,2080.617
13.034891,-1.3132501,0.5745573,-0.1758087,0.42636332,-8.633555,505.21094,2127.4604
13.70257,-0.4891775,0.40049124,0.08777101,0.42878285,-6.1876736,530.47644,2178.092
14.262364,-0.57468987,0.6004238,-0.09513688,0.43066195,-15.615579,547.07715,2265.1333
14.455341,-0.5037094,0.38812485,-0.10128016,0.43281373,-18.511362,549.38965,2277.153
