14.978109,0.24022216,-0.45928028,0.21350862,0.42646316,74.76493,102.02321,2223.038
15.428456,0.23339917,-0.8032938,0.32664114,0.42050096,62.552387,59.776398,2234.1523
15.86192,0.30180496,-0.9603579,0.36285314,0.41701835,58.277386,47.349823,2253.2102
15.966191,-0.072449125,0.9968302,0.008893346,-0.031649668,47.044395,115.79225,2286.831
16.259418,-0.06768501,0.99757904,0.013541414,-0.008445843,42.95769,144.56091,2289.264
16.24859,-0.068153925,0.9975783,0.0125705665,-0.005873702,43.43525,164.97583,2279.0999
16.41188,-0.064217284,0.9978537,0.009019067,0.009095056,46.531265,175.20442,2271.0715
16.540287,-0.05943111,0.9979841,0.0032667383,0.022020023,47.827927,174.82584,2266.767
16.134024,-0.05970518,0.9980443,-0.0018409508,0.018424252,48.497833,179.55643,2259.0352
16.127796,-0.054678015,0.9980056,0.015301127,0.027586484,51.080414,201.35106,2268.5015
