15.041926,-0.43748057,0.08376051,0.09767289,0.4301853,-8.946826,391.97064,2270.9507
14.774701,-1.0369034,0.11591922,0.05203768,0.42802536,-6.827611,377.38913,2236.9565
15.240721,-1.888537,4.7125814E-6,0.05053852,0.41915965,-4.6506863,335.77933,2196.33
15.589242,-2.4045458,-0.0058985567,0.02530317,0.40852335,0.71502495,306.04825,2165.8628
15.87623,-2.5108807,0.020452023,-0.021476833,0.40604752,-0.4692912,292.5779,2152.086
15.829023,-2.31838,0.025723753,-0.060420994,0.4128411,-0.6718653,298.33142,2166.0483
15.9886675,-2.172067,0.061899584,-0.073524795,0.41626614,-1.5512248,305.33286,2174.5264
16.20188,-1.6208669,0.006084773,-0.030808477,0.4248162,-2.642735,339.04932,2208.1238
16.369556,-1.0478987,0.032908153,0.024064595,0.42892262,-3.0565405,374.66687,2249.77
16.516693,-0.5397769,0.09616086,0.08079009,0.43017977,-3.8643575,398.9178,2284.3354
