12.408529,-0.0142973475,0.14336292,0.20880629,0.4283219,-34.39118,365.5672,2259.4727
12.245008,0.007483785,0.18810533,0.2073573,0.42827287,-34.772804,369.96405,2262.63
12.1725855,-0.18897603,0.15345584,0.18163142,0.4287246,-34.65271,357.35077,2250.2717
12.725716,-0.47525218,0.12211206,0.17390154,0.4282599,-32.642967,341.92603,2230.6274
12.55713,-1.5036184,0.01114118,0.120110326,0.42269173,-26.722155,289.35413,2188.2563
12.61275,-1.9106197,-0.04340301,0.09791942,0.41793466,-23.53165,262.1074,2168.7456
12.620042,-2.1413727,-0.064275414,0.08012519,0.41422,-20.14888,240.49683,2154.3413
12.330506,-2.1540458,-0.0052996525,0.05963449,0.41397008,-13.399345,242.09026,2143.3242
12.445665,-1.9939674,-0.018014621,0.06530031,0.4171169,-16.017132,255.98587,2148.8542
12.428062,-1.6250057,-0.00365805,0.10852417,0.4215881,-15.508976,275.86334,2166.7925
12.1809435,-0.86641294,-0.0590317,0.1740251,0.42697558,-18.565765,319.128,2215.808
12.745213,-0.15618587,-0.026889794,0.24470189,0.4275636,-13.680789,351.8606,2248.789
