13.51878,0.16216296,-0.0647501,-0.04923515,0.4338928,-162.53732,930.7834,2341.8538
14.012864,0.18157157,-0.0070303204,-0.013433392,0.4331886,-166.87843,928.94116,2346.7258
14.488871,0.24387,0.02698859,0.003971058,0.432766,-162.8055,929.26025,2356.3325
14.085946,0.27569398,0.04072898,-0.010697303,0.43303016,-157.76434,928.20184,2358.8066
14.476354,0.33431578,-0.04418424,-0.065873794,0.43397647,-155.21356,925.55664,2359.8982
14.3600645,0.29131192,0.05682584,-0.07652371,0.4343585,-155.3091,923.61926,2353.242
14.291616,0.33222353,0.11350176,-6.3826353E-4,0.43272877,-167.09312,913.1136,2355.6348
14.458114,0.3027333,0.04701603,-0.041388858,0.4336223,-157.33275,915.9447,2356.1536
14.975106,0.3220948,-0.099344045,-0.055769958,0.43369564,-158.04875,926.77856,2361.8652
14.810283,0.28201517,-0.17442976,-0.108923405,0.43466744,-148.91867,930.22644,2357.351
14.848514,0.1900444,-0.15925318,-0.12711328,0.4352443,-145.35966,934.4797,2344.1829
