12.823656,0.16350369,0.9739206,-3.301687,0.4338694,86.87871,405.72055,2356.962
13.183582,0.096130624,0.7427713,-3.3894286,0.4381449,88.53747,361.37994,2386.7446
13.329503,1.4479028,1.124387,-2.8717124,0.42608914,71.76303,382.69867,2377.2358
13.038368,1.765575,1.7250556,-1.7912325,0.3876822,80.37936,417.3485,2377.5676
13.216707,1.4978629,1.6060416,-0.70412415,0.32932895,91.67937,445.16623,2353.3147
13.96665,0.60136724,0.7278012,0.06060072,0.3240222,111.54826,481.4909,2319.2415
14.445373,0.5912126,0.7079547,0.29883957,0.24487272,117.72199,516.7345,2278.2139
13.994619,0.5962305,0.7083081,0.2927254,0.23899923,115.39723,507.58643,2274.7542
13.966292,0.60103106,0.72289044,0.22474031,0.2562867,111.19264,491.40558,2278.4092
13.955842,0.59933543,0.7376003,0.080540374,0.3004264,109.56488,467.78198,2300.901
13.950683,0.97784823,1.1801229,-0.16804472,0.27339426,102.28323,463.39456,2318.0334
13.659225,1.2041082,1.4531862,-0.40563795,0.29858413,98.48191,405.04282,2315.4072
13.554392,1.2522174,1.5673347,-0.53860575,0.30714327,93.84567,421.09366,2369.1602
13.611027,1.3867102,1.8231463,-1.0072832,0.33750692,87.416824,448.42822,2389.7812
13.304382,1.4274427,1.9419298,-1.6629872,0.37299132,93.8706,429.9949,2397.8926
13.692136,1.3370001,1.8016119,-2.2907007,0.4013168,97.96764,404.42007,2407.747
