13.468323,0.48531625,-0.2501753,0.36860317,0.42307356,-42.896767,-219.89633,2312.0652
14.000528,0.45415658,-0.34131217,0.35363358,0.42306957,-38.825905,-216.78165,2313.598
13.810957,0.42991668,-0.44156572,0.34233782,0.42277437,-39.25832,-212.45828,2307.673
13.82074,0.45012954,-0.4957142,0.34193012,0.42226282,-42.257805,-212.30472,2300.2183
13.531982,0.42254186,-0.386818,0.33911577,0.42327228,-47.480526,-212.19629,2296.6733
13.313113,0.41056174,-0.30765757,0.35226148,0.42347476,-46.692345,-214.6383,2298.6829
13.398461,0.44897774,-0.32498714,0.3507735,0.42326054,-54.78202,-221.78973,2297.7134
13.250944,0.43520048,-0.4816973,0.35050866,0.42223364,-55.31041,-230.72488,2305.7083
13.004237,0.47367236,-0.41012925,0.34320936,0.42278415,-45.49961,-230.36742,2307.843
13.054302,0.45426384,-0.23624593,0.34610388,0.42382294,-49.48696,-221.04443,2305.3936
13.282829,0.46013242,-0.11596008,0.3539778,0.42407203,-38.03061,-215.43988,2309.4534
13.485088,0.4742013,-0.15435243,0.36651763,0.42358294,-45.374947,-210.98074,2312.7783
13.59302,0.4481663,-0.24884315,0.36274296,0.4233746,-43.472477,-210.1951,2310.6277
13.28606,0.43189615,-0.284951,0.35680863,0.42340243,-48.900364,-210.59961,2307.4514
12.859791,0.42174083,-0.2143245,0.35755178,0.42375806,-44.79745,-210.89331,2304.2256
