14.871346,0.37366727,-0.11711502,0.4158927,0.42279926,-49.01238,-221.35205,2292.9763
15.165254,0.38767096,-0.04834205,0.415284,0.4229387,-53.92589,-220.05261,2295.8782
14.389681,0.41670445,-0.063925415,0.41173232,0.42291152,-49.443096,-215.55402,2301.0034
14.581639,0.3772383,-0.15081932,0.38617548,0.4234323,-57.182606,-225.14294,2291.207
14.84455,0.3770802,-0.03558438,0.3989159,0.42340213,-57.017685,-226.42378,2291.972
15.016918,0.4086609,-0.06546204,0.4125671,0.42291114,-49.302216,-227.80922,2300.8652
14.60853,0.39696008,0.052606896,0.42396104,0.4228244,-49.729134,-226.70944,2295.4402
15.019249,0.4056539,-0.015879882,0.4197846,0.42283207,-52.307316,-221.36627,2301.559
14.769534,0.39502266,-0.0751123,0.4018813,0.4231981,-49.818344,-220.11469,2300.431
15.320662,0.36292043,0.09614048,0.40193388,0.42346895,-49.13079,-211.27246,2294.1606
15.117801,0.3833054,0.03259858,0.3962971,0.4235392,-47.684155,-211.89896,2301.5334
15.651968,0.3805085,0.013908308,0.3958331,0.4235398,-51.071003,-207.94794,2300.3418
