12.984606,0.0,0.0,0.0,0.43301272,115.9827,100.310455,2362.8125
12.869943,0.0,0.0,0.0,0.43301272,151.24133,88.24667,2271.7607
13.307838,0.0,0.0,0.0,0.43301272,139.71776,232.3381,2143.0046
13.476559,0.0,0.0,0.0,0.43301272,140.63445,240.0823,2100.319
13.500969,0.0,0.0,0.0,0.43301272,127.86844,212.96524,2114.7856
13.231168,0.0,0.0,0.0,0.43301272,116.98603,184.7927,2120.9375
13.604338,0.0,0.0,0.0,0.43301272,100.23703,137.88092,2126.5579
13.500883,0.0,0.0,0.0,0.43301272,98.342804,119.35083,2135.5789
13.494969,0.0,0.0,0.0,0.43301272,92.89089,105.07181,2156.4666
13.267574,0.0,0.0,0.0,0.43301272,73.044525,102.90964,2184.22
13.064479,0.0,0.0,0.0,0.43301272,62.092873,101.762146,2206.3474
13.0983925,0.0,0.0,0.0,0.43301272,77.64605,122.246155,2156.6108
13.101267,0.0,0.0,0.0,0.43301272,87.61546,149.43117,2165.3442
12.85932,0.0,0.0,0.0,0.43301272,95.68376,146.08578,2196.0222
