14.073579,-0.16180013,-0.23330282,2.0959613,0.26638305,-330.05304,709.76874,2328.7932
13.754893,-0.3794983,-0.06497262,2.1658645,0.28281564,-317.4769,715.75793,2326.2231
13.537664,-0.18115683,-0.13541068,2.2024624,0.28901258,-319.67,707.77814,2330.6377
14.096549,0.6737461,-0.13768743,2.1249444,0.2913177,-315.32797,704.68164,2339.9653
14.027665,1.0733528,-0.12574375,1.9734567,0.28718922,-316.4043,705.76086,2341.3706
13.961483,1.1663767,0.030290537,1.9632865,0.29090813,-303.29852,707.7643,2339.0066
13.947229,0.79853636,-0.1307183,2.0690284,0.28514355,-294.53986,703.8513,2343.3047
13.8912735,0.11685895,-0.3318584,2.120916,0.27397558,-313.18158,710.82404,2336.939
13.876429,-0.03460006,-0.44210505,2.0819242,0.2696269,-312.52383,716.10315,2330.9888
14.066778,-0.20168075,-0.4161746,2.065272,0.26657295,-313.6307,719.88794,2325.6912
