13.441924,0.38174585,-0.2660921,-0.022131141,0.43229368,-149.85907,714.4835,2340.685
13.763843,0.39999023,-0.2236431,-0.018860118,0.43234584,-147.15982,715.6134,2342.7017
13.416659,0.42483664,-0.23532537,0.0019924042,0.43178028,-148.907,715.69904,2345.2056
12.9869995,0.47328028,-0.21504623,-0.0050064744,0.43184385,-148.80692,709.363,2347.2107
13.449644,0.5004955,-0.24268539,0.015473752,0.43118942,-149.6168,706.2229,2349.4045
13.632426,0.52059203,-0.03851043,0.07953406,0.43041843,-162.09473,705.1089,2349.517
13.689864,0.51171136,8.032976E-4,0.1254036,0.42951256,-163.969,707.31445,2348.6086
13.354873,0.536439,0.05516893,0.11189773,0.4298019,-169.54341,703.7395,2348.156
13.004488,0.5522549,0.06428297,0.105009995,0.4299111,-172.56284,703.6976,2348.5579
12.192864,0.5562408,0.054204416,0.08253914,0.4303799,-172.20702,703.259,2349.3276
11.973587,0.5420869,0.08976442,0.058117524,0.4309828,-170.44337,704.8484,2352.1956
11.778433,0.53393114,0.044626825,0.008424778,0.43202937,-167.90381,706.17554,2353.6084
11.646068,0.52041256,0.064963706,6.8934873E-4,0.43225265,-166.75496,706.6125,2352.7932
11.67334,0.46956837,0.019371152,-0.0012539865,0.4323957,-160.90437,707.15027,2349.627
