13.571107,-0.017788688,-0.10111555,-0.07126762,0.4344185,-36.18866,259.89496,2308.2969
13.970447,-0.027346015,-0.0927379,-0.079907715,0.43460336,-35.590923,259.1557,2307.5684
14.095979,-0.0030381496,-0.09018851,-0.08185505,0.4346408,-42.878155,258.6091,2308.1428
14.444943,-0.013217155,-0.1376011,-0.026609814,0.4334554,-46.433113,260.73547,2308.7761
13.983107,-0.023668848,-0.16819268,2.445197E-4,0.43284756,-45.59502,262.1032,2307.9949
13.835954,-0.018687386,-0.3495244,-0.005978414,0.43241698,-49.941906,261.09515,2313.3079
13.631937,0.03978897,-0.23644175,0.024677971,0.4321235,-53.536602,259.6291,2307.6968
13.901861,-2.4558103E-4,-0.216773,0.044324104,0.43179467,-47.230354,257.1093,2304.792
13.584587,-0.049683638,0.21855038,0.035755098,0.4319314,-57.07438,239.81589,2292.1125
13.564555,-0.11288995,0.18496038,0.06949586,0.43123087,-63.720123,236.80469,2293.2322
13.406561,-0.14599335,0.04553364,0.062348325,0.4315982,-59.606636,254.81123,2302.9756
13.417545,-0.09744486,-0.038794316,0.07659803,0.43136343,-56.891796,261.6341,2305.31
13.3902855,-0.07218953,-0.0921788,0.06280125,0.43163902,-53.827023,263.88037,2308.0295
13.153691,-0.044333033,-0.11257296,0.038216278,0.4321422,-65.17003,263.8097,2307.0688
12.991652,-0.062293068,-0.088379845,0.11876674,0.43043026,-68.07214,260.14386,2303.7424
