13.266415,0.13276279,1.2825698,-0.0969779,0.42477685,646.9804,631.907,2490.1536
13.266325,0.14496706,1.2964365,-0.04832185,0.42348284,641.8681,626.136,2484.7585
13.182624,0.23684807,1.3683474,-0.043915976,0.42231226,643.7271,632.32996,2490.2092
13.467941,0.28879714,1.4053127,-0.029436179,0.4213914,641.9396,630.595,2496.567
13.326678,0.29922527,1.3241656,-0.043127645,0.42330638,645.4184,633.8185,2496.9548
13.59776,0.2961094,1.2961837,-0.045574434,0.42386174,646.8074,636.2621,2496.6506
13.816199,0.3113931,1.193727,-0.076305546,0.42628524,649.4567,638.2648,2497.4192
13.74206,0.2455853,1.272556,-0.044301752,0.42412704,645.76276,641.4698,2497.3965
13.291774,0.23720361,1.2853637,-0.1137178,0.425413,651.3098,642.50934,2498.0432
13.979749,0.23490857,1.1377722,-0.045507938,0.42631567,646.2063,640.45764,2498.0889
14.13177,0.21738087,1.1066303,0.0017811288,0.42569014,644.74384,640.2668,2497.227
13.824308,0.2310257,1.082164,0.029691812,0.42544413,643.4544,639.70374,2497.7952
13.660614,0.18674065,1.0622541,0.06885243,0.42473957,638.78937,636.0051,2490.085
13.432241,0.15270473,1.0700623,0.07460047,0.42441338,639.6401,636.5267,2484.7202
13.39375,0.2200935,0.6715568,0.11580792,0.42800316,639.4257,634.5805,2486.9758
14.129309,0.21355344,0.96487,0.1003819,0.42536396,642.0958,643.16656,2489.022
14.407925,0.11337519,0.9973197,0.11022384,0.42450038,640.0253,641.6519,2477.1848
14.103129,0.24229632,1.076532,0.11875871,0.4234927,639.036,633.3815,2490.8257
14.314282,0.20236175,1.0530648,0.07014597,0.42487332,639.65906,635.4783,2486.085
13.966138,0.14793894,1.1088928,0.0655769,0.42403495,638.39465,639.0026,2482.043
14.095014,0.2531685,1.2240086,0.064359725,0.42248845,639.9423,635.65967,2493.0393
13.986187,0.2615478,1.2416068,0.059365045,0.42232475,640.4993,634.4696,2494.7021
13.755867,0.21082427,1.2441008,0.06991708,0.4218997,639.1876,629.3394,2488.5298
14.007162,0.24567315,1.1157821,0.028769132,0.4250077,645.0231,640.11145,2496.1475
14.202504,0.22705896,1.1146815,0.03467537,0.42485073,645.3041,641.6585,2496.3071
14.385353,0.2562062,1.0494113,0.019699687,0.42616963,647.46875,640.1816,2498.8213
14.579943,0.2326715,1.0300162,0.04464974,0.42582768,644.0694,638.44006,2496.97
14.604931,0.25809962,0.9721239,0.084045835,0.42571938,641.0475,633.1612,2498.522
14.53804,0.20815536,0.8942843,0.10379212,0.42611694,638.9595,630.41486,2491.9585
14.130913,0.22881816,0.9316832,0.09015395,0.42602623,642.2249,633.693,2494.1704
13.990391,0.23678668,0.9294348,0.075934544,0.42638737,644.9862,636.66364,2495.768
13.72945,0.2481299,0.91860735,0.07366688,0.4265803,644.4513,634.5482,2496.5635
13.292253,0.28910893,0.83617634,0.108520664,0.42672804,642.38153,629.7069,2499.171
13.915606,0.13824391,0.81614614,0.11471316,0.4266019,642.9318,639.7424,2485.8152
14.361851,0.25487715,0.7713819,0.13013782,0.42684075,643.71844,631.8335,2495.235
14.627379,0.2649214,0.7159843,0.14915949,0.4269086,643.34393,633.5621,2496.8086
14.066489,0.278377,0.80211747,0.14802708,0.42615494,644.3474,632.3742,2497.225
