13.128422,0.63157046,-0.4089999,1.8908675,0.2548925,499.16537,174.15845,2603.9373
13.12258,0.52856296,-0.33844402,1.956793,0.25760898,498.65607,189.19737,2594.4485
12.817382,0.5896712,-0.3798361,1.9243977,0.2567122,498.8511,183.49034,2596.5547
12.718562,0.63512176,-0.39915422,1.8943707,0.25519356,500.3513,179.08499,2599.4895
12.951742,0.7551329,-0.30583856,1.9336622,0.26347235,500.83875,175.83,2584.7905
13.369972,0.70051825,-0.3911703,1.8896565,0.25727063,499.5576,173.44022,2586.6792
13.332402,1.080069,-0.5713445,1.6257526,0.25455365,500.50354,165.08685,2577.68
13.412098,1.2110453,-0.6708402,1.4599118,0.2516817,501.7972,167.52347,2582.9768
13.724867,0.4730228,-0.35285553,0.43030754,0.68306494,510.98026,183.09958,2631.8127
13.754116,-0.43732533,0.6947478,-0.52225727,-0.2309099,460.6326,166.41473,2568.3557
13.419772,0.5688597,-0.434577,0.26975083,0.64403087,476.64474,163.60364,2575.4739
13.402267,0.56165856,-0.45135638,0.25880072,0.6433033,466.70016,186.39395,2561.3027
13.935984,0.6179645,-0.50870705,0.17456464,0.5734668,479.9919,175.00719,2569.5269
13.750252,0.63560545,-0.52660805,0.1321512,0.5488403,479.90088,172.61809,2562.6345
13.936924,0.6339885,-0.5618351,0.04211168,0.529742,485.45804,162.68011,2580.373
14.044462,0.63489324,-0.58381623,-0.028419532,0.505234,486.0687,173.58087,2569.9658
13.713427,0.64607114,-0.591698,-0.042224966,0.4803153,485.84525,172.68701,2563.7258
14.191538,0.66238564,-0.60675824,-0.053040285,0.43620676,481.63333,189.86581,2551.1938
14.374219,0.6544682,-0.605523,-0.05703004,0.44917807,483.98297,194.31952,2559.8025
14.146177,-0.5889921,0.6000342,0.0044551934,-0.5413199,517.907,178.16469,2674.7996
14.086441,0.6119814,-0.59793955,-0.026774988,0.51694316,512.2597,173.66617,2639.5078
14.092308,0.6230488,-0.5959046,-0.048469465,0.50433975,502.23004,186.9673,2602.4976
14.566856,0.64731735,-0.58594596,-0.011531942,0.48735467,498.53516,169.61026,2587.2317
14.867308,0.6490836,-0.5823722,-0.011781558,0.4892793,493.61426,162.73203,2566.0918
15.026094,0.62459546,-0.55095226,0.09863318,0.54461324,502.5563,172.10062,2616.568
14.91238,0.62190485,-0.52706885,0.13260584,0.5637803,504.10275,173.71286,2605.5525
14.584377,0.6388216,-0.47150344,0.22866039,0.56329906,496.25784,180.08226,2581.4692
14.295406,0.5963975,-0.43119273,0.2945625,0.6096028,500.0219,182.36401,2592.452
13.865942,0.5645471,-0.4099878,0.34512168,0.62776387,490.91922,193.5182,2585.0833
13.551304,0.45937824,-0.372933,0.43270066,0.68019325,489.01297,198.7024,2613.7126
13.745924,0.43307754,-0.34433737,0.4557647,0.69724745,494.3463,196.49585,2602.4656
13.444146,0.39164817,-0.31237715,0.48848566,0.7144326,492.58984,195.09181,2592.9126
13.443745,0.30760264,-0.24101946,0.55649287,0.7332161,486.48944,177.94968,2560.132
13.991959,0.78507245,-0.5958113,1.775916,0.25496107,489.581,193.14851,2573.85
14.460672,0.6457608,-0.5753532,1.8063904,0.25096723,485.60028,176.59,2577.0293
14.269301,0.6414915,-0.553061,1.8308337,0.25292945,486.39874,175.64032,2578.89
13.877485,0.51608515,-0.48233902,1.9057078,0.254894,487.66226,174.83847,2580.8647
13.299141,0.44263119,-0.43407732,1.9344851,0.2545932,497.1498,161.45483,2581.1084
