12.315471,-0.6716586,0.54516435,-0.054338593,0.42975143,68.651146,-234.15685,2128.1477
12.729202,-0.69708675,0.6863343,-0.042332638,0.42787242,61.52738,-231.84521,2117.913
12.611469,-0.66747713,0.5041045,-0.054567967,0.4301466,66.202866,-238.9133,2128.8118
12.508314,-0.7671688,0.50903076,-0.10038741,0.43043575,67.61754,-238.50897,2130.0645
12.620021,-0.6864516,0.37730613,-0.04806499,0.43088347,69.07543,-229.7168,2133.1252
12.527735,-0.67138344,0.36774907,-0.039696496,0.43085587,69.01679,-227.73787,2133.453
12.428438,-0.66839963,0.43962163,-0.049499895,0.43055955,68.85661,-227.38034,2131.427
12.355492,-0.70500696,0.60599005,-0.06614274,0.42919847,70.07979,-217.74422,2126.2778
12.355762,-0.7084325,0.5440846,-0.05822644,0.42961287,70.14405,-220.86916,2128.5254
12.380523,-0.6831987,0.52248716,-0.047891922,0.42974928,69.44278,-223.46799,2128.6125
12.66755,-0.6781578,0.49779865,-0.04561653,0.42994753,69.458336,-224.4464,2130.8662
13.036623,-0.68029565,0.48443857,-0.041443452,0.42995948,68.78132,-225.59576,2131.2957
12.982812,-0.6791261,0.6523747,-0.05125391,0.42856574,68.732346,-225.7252,2132.811
12.773361,-0.6857902,0.6033846,-0.037846636,0.42874742,67.06125,-231.02838,2130.7493
12.637155,-0.6740353,0.6217554,-0.038010847,0.42863938,67.77382,-232.07353,2134.4753
12.60953,-0.6264821,0.5985654,0.06184384,0.4269861,59.902264,-238.87144,2140.4668
12.632021,-0.60771835,0.61901206,0.023260498,0.42775238,63.60188,-231.58481,2139.2402
12.316391,-0.61133665,0.64287615,-0.005144898,0.42810655,66.10029,-223.88924,2135.0398
12.062857,-0.6014601,0.44001862,7.521697E-4,0.4298552,67.77659,-224.682,2140.0303
11.938826,-0.6013062,0.6110524,-0.020291151,0.4288201,68.06583,-223.7021,2131.555
11.857124,-0.555437,0.5739148,-0.017756112,0.42938206,68.22827,-227.40945,2133.1914
11.809768,-0.551734,0.79778993,-0.030703966,0.4272576,68.0082,-217.97455,2133.9932
11.403787,-0.5764482,0.9057527,-0.01871168,0.42536154,66.923065,-230.23984,2134.9421
11.8569765,-0.5455057,0.8768434,-0.012505767,0.42585155,65.78869,-231.07166,2130.2148
12.0414505,-0.59389573,0.79594684,-0.027365742,0.4269301,65.27465,-226.77492,2116.5425
12.159395,-0.5822883,0.76242656,-0.0142164,0.42713645,64.13959,-229.94032,2119.173
12.25525,-0.59015125,0.6620785,-0.007778624,0.42809138,62.643593,-230.9589,2115.6416
12.2586155,-0.5970996,0.54201806,-0.006293932,0.4291927,64.79287,-226.36269,2117.638
12.244495,-0.5967421,0.7862367,-0.028405884,0.4270568,59.4774,-228.00421,2108.9746
12.192827,-0.60486865,0.9837167,-0.057551827,0.42482013,59.470837,-225.58987,2108.4585
12.392174,-0.64033,0.6446373,-0.03240597,0.42849675,66.3497,-231.22209,2122.403
12.387573,-0.5995313,-1.238923,0.13227034,0.4210146,13.441372,-196.68542,2187.6924
12.072037,-0.56207234,0.46704322,-0.064391844,0.4312313,69.54342,-226.35283,2133.8044
12.280535,-0.6382811,0.37583104,-0.01927125,0.43054682,68.8889,-224.09233,2126.6155
12.243142,-0.64111435,0.22094183,0.011241531,0.43077573,68.03392,-225.94586,2127.4536
12.426238,-0.6617626,0.65409803,-0.03137276,0.4282343,68.346954,-226.89937,2125.5576
12.164247,-0.6750243,0.75094825,-0.044274773,0.42730084,68.46718,-226.74718,2124.1045
11.939372,-0.82890964,0.6350605,-0.0057985527,0.42667904,62.426826,-209.81746,2100.9592
12.071601,-0.6630234,0.68801594,-0.068070725,0.4286398,64.31249,-219.04369,2107.8855
11.971293,-0.69088227,0.7728081,-0.08193048,0.42772496,63.4181,-224.05305,2107.191
12.208878,-0.7823435,0.7277055,-0.09059731,0.42778453,64.8858,-223.93375,2112.6472
12.404781,-0.760903,0.72112805,-0.07592838,0.42771715,64.4673,-216.58043,2110.7766
12.827455,-0.7118514,0.59325,-0.059859823,0.42914855,64.67974,-220.8918,2112.9016
12.537243,-0.67820185,0.73160356,-0.067900956,0.42802462,65.06251,-228.1045,2118.7573
12.63916,-0.58047086,0.6702698,-0.011675427,0.42814758,59.652855,-255.20175,2136.8066
12.724228,-0.62571275,0.6202318,-0.028737726,0.4287621,60.8599,-247.64685,2128.4397
12.839252,-0.6401158,0.7210226,-0.032528438,0.4276487,61.783737,-238.37752,2124.8186
12.2781925,-0.65768534,0.8599726,-0.03627441,0.42580846,60.660957,-239.87221,2122.2761
12.577974,-0.66254306,0.9068409,-0.03043023,0.4249572,60.07708,-237.96222,2120.0522
12.63689,-0.6606754,0.89549285,-0.03309727,0.42520067,61.445404,-235.48883,2123.2488
12.999476,-0.66783774,0.77435786,-0.035547156,0.42686802,62.998104,-239.38763,2126.1
13.054028,-0.6200891,0.8792803,-0.056622475,0.42626315,64.5,-239.77864,2130.795
13.070161,-0.6698226,1.0694941,-0.08874161,0.4235126,63.724823,-250.70284,2136.387
13.209051,-0.6823824,1.0717263,-0.08799753,0.42334327,63.793663,-246.18677,2132.184
13.353659,-0.5433725,0.80648005,-0.12455983,0.429207,68.56449,-258.752,2147.4844
13.615646,-0.40705383,0.7997954,-0.06411941,0.4288023,66.435844,-246.76138,2139.8794
13.340051,-0.53389883,0.7436423,-0.05645222,0.4285777,65.83515,-247.27292,2142.2485
13.045518,-0.587862,0.753715,-0.05540314,0.4281006,65.1789,-245.66138,2141.0298
12.755205,-0.6346253,0.7371656,-0.05630775,0.42800906,65.5969,-241.54965,2140.0786
12.476699,-0.6491452,0.6759575,-0.055331897,0.42859405,66.567795,-239.95047,2140.5857
12.296705,-0.67513764,0.5160823,-0.030469967,0.42948443,65.363976,-239.06555,2135.5955
12.983639,-0.6423621,0.3863868,-0.0039955997,0.43012744,63.754105,-242.51898,2141.6885
13.444135,-0.6633971,0.35702947,-0.012641056,0.4303981,64.44833,-237.53091,2137.522
13.372482,-0.66716,0.6225041,-0.043818496,0.428801,65.88968,-230.60255,2128.4717
13.068647,-0.6796288,0.4230704,-0.030037425,0.43021023,65.98494,-231.85655,2127.4185
12.796425,-0.6736618,0.26272509,-0.026982429,0.43121365,66.330864,-232.32823,2128.2346
