11.216966,-0.5294453,0.46344513,0.07506602,0.428424,234.25073,-226.62283,2105.8354
11.1405525,-0.5234486,0.37554187,0.08654039,0.4288199,234.2721,-227.2427,2104.6665
11.222784,-0.5165774,0.4594696,0.07205339,0.42858383,233.77902,-233.65857,2107.4492
11.382352,-0.50569534,0.56118304,0.060238767,0.42806026,233.30196,-235.93646,2110.3816
11.298137,-0.5120554,0.58725804,0.05848042,0.42782763,233.41998,-237.5954,2111.9197
11.259433,-0.50918615,0.57722014,0.05408265,0.42803317,233.61221,-238.32782,2112.2373
11.410856,-0.5004717,0.50722915,0.05444858,0.42867512,233.77823,-237.213,2113.4397
11.682346,-0.49236506,0.53672194,0.054677207,0.42846408,233.10097,-239.52785,2113.5823
11.880501,-0.4793653,0.51586276,0.060549866,0.42857215,232.9447,-236.2872,2115.7573
12.035879,-0.44595736,0.61335784,0.058030583,0.42793024,233.16652,-246.74161,2121.8672
12.496152,-0.43700394,0.567512,0.06489538,0.42823872,232.7632,-241.22067,2121.4507
12.367558,-0.44724056,0.5394931,0.07730859,0.42815632,231.80878,-238.6834,2121.013
12.585422,-0.45118555,0.5098498,0.080731675,0.42830598,231.11876,-236.53294,2119.6023
12.601621,-0.4504431,0.47759032,0.07928582,0.42859313,230.74219,-235.60507,2119.0586
12.601979,-0.45948854,0.63577306,0.07088222,0.4273593,229.55922,-234.90727,2115.3835
12.790109,-0.46714962,0.25468212,0.096146435,0.4295148,231.90428,-221.55695,2115.8967
13.218599,-0.47089198,-0.02662884,0.11829465,0.42982936,230.67165,-253.67647,2127.5989
13.22882,-0.47242376,0.2876621,0.10007937,0.42924607,229.61137,-242.57935,2118.4932
13.082873,-0.48189634,0.6362262,0.076599985,0.42710972,228.88472,-238.73268,2110.5068
12.920889,-0.48648602,0.6800376,0.072685145,0.42672077,230.52081,-242.9158,2117.405
12.997408,-0.4969575,0.63575023,0.08165006,0.4269201,229.93787,-240.91063,2114.5417
12.703684,-0.46598956,0.70014334,0.07971933,0.4264579,230.30559,-238.60347,2116.74
12.735401,-0.46085307,0.7736514,0.072755225,0.42580262,231.19647,-236.73433,2116.0862
12.6624,-0.38817626,0.96461064,0.05487968,0.42407796,233.46869,-244.5097,2122.8489
12.563072,-0.39456624,0.90764177,0.0699846,0.42451328,231.0374,-244.87459,2119.7043
12.971123,-0.39837575,0.8785926,0.07831713,0.4246978,230.52675,-240.28719,2120.978
13.153237,-0.4081255,0.6036784,0.096650414,0.42733917,230.40189,-230.3878,2111.0393
13.060313,-0.41713053,0.72394854,0.07765199,0.4265045,230.65337,-233.44682,2114.0825
13.052679,-0.43345523,0.78931075,0.068748824,0.4258603,231.25475,-238.54962,2116.7751
13.009134,-0.4949407,0.99142605,0.04698716,0.42314297,230.73872,-235.7149,2109.1375
12.99866,-0.4575688,1.0506251,0.040824816,0.42258164,232.81262,-236.44528,2116.2883
13.336089,-0.45285976,0.9107699,0.06181801,0.42430055,232.81734,-237.01076,2119.5178
13.2898245,-0.45285183,0.8407867,0.06628463,0.4251549,232.9436,-239.06805,2120.115
12.708443,-0.43435052,0.6752777,0.075644016,0.42698178,234.55975,-235.32863,2123.8945
12.561233,-0.43837178,0.63837796,0.094501376,0.42690974,233.09235,-236.71033,2122.6016
12.31411,-0.44483903,0.5834859,0.10072517,0.4272579,232.03926,-233.86438,2118.7947
12.340142,-0.44206163,0.81287456,0.0806307,0.42524868,234.23488,-226.38081,2120.4473
12.356811,-0.4458925,0.67254055,0.08126094,0.4268241,232.9514,-230.55487,2118.6702
12.247108,-0.4400413,0.78433824,0.07276722,0.42579213,233.88464,-222.18208,2119.1313
12.320457,-0.5051971,0.6885733,0.00786621,0.42796487,240.90446,-235.53311,2124.2954
12.747061,-0.47811356,0.5827986,0.060366258,0.42800236,235.96088,-223.13206,2119.339
12.850871,-0.4677989,0.63475883,0.06474063,0.42746374,231.13797,-230.79703,2116.371
12.478735,-0.45795077,0.64581484,0.055748504,0.42760515,232.55673,-226.91905,2119.6475
12.834944,-0.4569051,0.62849104,0.04941947,0.42792138,233.40646,-226.5172,2121.056
12.458184,-0.46296552,0.6060154,0.05639218,0.42795122,232.95615,-226.43947,2119.3438
12.124029,-0.4754855,0.61465824,0.06377552,0.42764127,232.66316,-229.27751,2119.2893
11.919848,-0.47712326,0.50961196,0.07869625,0.42823216,228.55098,-230.90546,2104.828
12.194578,-0.4679965,0.5410214,0.0745806,0.42810565,229.10242,-225.88383,2106.3962
12.504885,-0.48524585,0.6096573,0.07700894,0.42734307,230.0483,-232.37479,2111.6765
12.739678,-0.46425372,0.5833877,0.07355369,0.42777297,229.39397,-228.59065,2111.4102
12.722929,-0.46363413,0.6185653,0.070539415,0.42751354,228.99855,-225.65218,2110.3333
12.470038,-0.4694692,0.5735515,0.07649366,0.42777067,228.63531,-225.07646,2105.7356
12.604335,-0.4703955,0.6414225,0.06926983,0.42728275,231.11205,-216.2667,2110.547
12.470232,-0.45723617,0.853417,0.039142612,0.42557907,231.91785,-219.94608,2108.3306
12.504625,-0.4292707,0.73611134,0.037241027,0.4272111,233.65607,-230.11053,2109.705
12.5153,-0.42827937,0.8193645,0.041071884,0.42614412,231.46571,-227.23473,2106.2102
12.50974,-0.4079683,1.1352456,0.01813729,0.42198184,229.7834,-227.33307,2101.941
12.37942,-0.41494957,0.8127686,0.034013968,0.42645922,232.93639,-229.15724,2110.9783
12.207116,-0.4116,0.7366335,0.03418867,0.42736563,234.28154,-247.91705,2117.7107
12.155181,-0.41421416,0.7809111,0.010495511,0.4273693,235.37482,-242.86499,2115.3042
12.092824,-0.42910743,0.74624443,0.023194129,0.4274093,233.74634,-236.78577,2113.192
11.64394,-0.44316745,0.5309166,0.03229777,0.42923644,235.03612,-222.80206,2105.3567
11.667947,-0.44778964,0.6755216,0.033395056,0.42785105,232.21414,-244.71999,2104.3274
11.480088,-0.4531269,0.7629191,0.034422092,0.4268368,232.16396,-237.73032,2108.6394
11.8317995,-0.45410094,0.49815345,0.06097893,0.42882225,232.66838,-234.02463,2113.4465
11.822546,-0.44350156,0.60284823,0.050031222,0.42821765,232.89723,-232.6108,2108.7407
12.175925,-0.43180832,0.5611701,0.04839338,0.42868197,233.1826,-235.07547,2109.4482
