12.8606825,-0.49467725,1.0074136,0.027338019,0.4233428,318.45206,-234.33012,2120.3582
12.968035,-0.48739806,1.0880952,0.026839945,0.42204103,317.15704,-232.41565,2116.9343
12.952346,-0.4729101,1.0727571,0.037401035,0.42217165,316.94208,-231.13892,2117.5676
12.88843,-0.4665863,1.0542661,0.03766289,0.42252913,317.1495,-231.22488,2117.9802
12.874561,-0.46148494,0.97346944,0.04077808,0.4237989,317.3136,-227.11223,2115.1533
12.719168,-0.62799376,1.0135102,0.03209637,0.42209712,317.1353,-230.4763,2114.8103
12.744252,-0.5606784,0.97667235,0.0447591,0.42294818,318.08926,-233.28525,2118.977
12.8090515,-0.5215688,1.0045187,0.044384226,0.42279917,317.7369,-232.26894,2118.1157
12.5365715,-0.5011109,0.9438035,0.04659461,0.42384723,318.52924,-232.43573,2119.3003
12.516448,-0.4935679,0.8211359,0.062039178,0.42525843,317.2829,-232.47617,2115.0159
13.208393,-0.50443566,0.79755324,0.058385625,0.425575,317.0696,-227.26355,2114.6152
13.381976,-0.48407888,1.1618034,0.033239532,0.42055067,313.32272,-240.10378,2109.761
13.601799,-0.46377337,0.86907107,0.054357298,0.42498365,317.25827,-229.41989,2120.0073
13.459135,-0.4579262,0.994632,0.044840947,0.42339936,318.01138,-239.69458,2123.7786
13.60466,-0.4866378,0.99093527,0.03949515,0.42338297,318.8166,-222.12495,2118.6897
13.891905,-0.48162106,1.1210325,0.040582504,0.42116615,317.1474,-234.69598,2119.9578
13.682364,-0.4758394,1.1323253,0.040886816,0.42099422,316.35205,-230.86258,2117.1423
13.577926,-0.5028025,1.1558361,0.044357292,0.42024928,315.93225,-232.82692,2118.869
13.785529,-0.5063902,1.1637927,0.038758423,0.42019883,316.53464,-237.67978,2121.5813
14.115147,-0.5021881,0.9361879,0.05077109,0.42385784,316.6102,-234.13046,2117.8755
13.951622,-0.5055008,0.9247506,0.042470213,0.42419595,317.16354,-230.12462,2115.5593
13.88701,-0.5175153,0.98765975,0.035891093,0.42329803,317.63495,-231.67165,2117.029
14.203517,-0.49903363,0.84527504,0.06442475,0.42485198,316.2763,-227.79173,2114.0693
14.355855,-0.4981318,0.7413224,0.07476075,0.425923,316.9787,-231.23477,2120.2263
14.220581,-0.5020242,0.6308706,0.081788085,0.42693835,318.14886,-233.66356,2125.4548
14.24894,-0.5043717,0.6996702,0.07941145,0.42625466,318.2642,-232.50209,2125.3613
14.086166,-0.487082,0.84813625,0.08673192,0.42437595,322.0127,-243.6785,2136.0933
14.002539,-0.48871872,0.6991822,0.100324735,0.42587322,320.7532,-226.06102,2128.054
13.973275,-0.4907381,0.5934097,0.101259924,0.4269229,320.86102,-218.16843,2124.8218
14.170248,-0.52144635,0.5588199,0.09818395,0.42715076,325.52997,-212.08673,2131.9072
14.416009,-0.5073806,0.51383984,0.088096984,0.42784038,324.8385,-214.98135,2133.3992
14.254076,-0.4808599,0.6672245,0.080207705,0.42671725,323.70792,-207.64424,2125.4412
14.0987835,-0.45285285,0.59211123,0.12505275,0.42658705,320.00452,-214.77823,2127.8708
14.24716,-0.47787786,0.55999607,0.11442777,0.42699686,320.54276,-214.04865,2129.3757
13.879064,-0.5099339,0.69258875,0.0949788,0.42594662,320.50803,-213.45674,2128.1946
13.82572,-0.5249059,0.6688175,0.079497665,0.42646965,322.35773,-209.65804,2126.0518
13.93462,-0.5216842,0.6812798,0.07426208,0.4264726,323.17603,-210.2301,2126.0776
13.918144,-0.5141284,0.6567586,0.07912602,0.42666683,322.51312,-212.47098,2126.552
13.748273,-0.5380884,0.6614837,0.06798972,0.42673087,321.6206,-203.75183,2113.356
13.47575,-0.55519783,0.5444413,0.060586717,0.42794022,321.86047,-200.99321,2104.2998
13.675487,-0.50649893,0.5731012,0.061273985,0.4279255,321.58942,-205.29112,2109.7642
13.669271,-0.44797203,0.6644135,0.065257415,0.42725655,320.79935,-212.97939,2121.8528
13.673749,-0.4615523,0.845897,0.04768855,0.42545864,319.77853,-211.07846,2114.3467
13.743169,-0.4760467,0.7715663,0.05446924,0.42615366,319.2416,-211.33693,2114.229
13.53123,-0.4824338,0.8328593,0.05917802,0.42524034,318.24246,-209.5966,2113.141
13.4171295,-0.49109513,0.80518997,0.061378475,0.4254927,318.43927,-208.59093,2113.0645
12.868739,-0.4973723,0.8707905,0.0650561,0.42450142,316.26282,-210.09004,2110.0417
12.6957035,-0.47976536,0.9490187,0.051887434,0.42379212,315.26495,-215.36142,2112.1284
12.638623,-0.4949684,0.9238899,0.048858624,0.42413327,315.5426,-212.8905,2111.4502
12.528322,-0.49043846,0.9492689,0.038779788,0.42401767,315.82953,-213.33379,2110.425
12.432355,-0.52128625,1.057935,0.07512994,0.42117238,314.57544,-214.20729,2108.7754
12.104168,-0.511078,1.1306887,0.051580794,0.42049065,315.5265,-224.39717,2115.4216
12.022127,-0.5257887,1.0534179,0.051500868,0.42177683,316.04492,-220.65407,2111.661
11.725383,-0.5194613,0.8729333,0.052106112,0.42462334,317.92563,-219.21095,2110.8237
11.726118,-0.5130925,0.927961,0.040736903,0.42413622,318.00244,-218.19737,2111.8865
11.600225,-0.47433397,0.94740325,0.028779853,0.42438313,319.45618,-219.0292,2117.4392
11.92894,-0.474439,0.9671874,0.03524224,0.42393523,318.25394,-219.12541,2115.5334
11.8893385,-0.46785063,0.8533473,0.05290153,0.42520306,317.3878,-216.62468,2113.108
11.576144,-0.48280492,0.86016613,0.057553653,0.424912,317.5689,-220.94467,2116.4424
11.595407,-0.4828518,0.6238183,0.077413075,0.42720914,319.19388,-223.71599,2123.0803
11.802237,-0.4895288,0.74098134,0.07227168,0.42603382,318.77042,-220.27348,2119.8127
