13.827768,0.0,0.0,0.0,0.43301272,3.6155453,-0.594635,2104.0244
13.75431,0.0,0.0,0.0,0.43301272,2.6176739,8.598511,2103.0437
13.654497,0.0,0.0,0.0,0.43301272,0.97708607,0.505188,2098.927
13.7156315,0.0,0.0,0.0,0.43301272,-2.7028246,-1.3205261,2093.545
13.901597,0.0,0.0,0.0,0.43301272,-20.62056,-6.4083557,2074.5461
14.089286,0.0,0.0,0.0,0.43301272,-27.213943,-5.832489,2063.7234
13.655941,0.0,0.0,0.0,0.43301272,-34.76401,19.203964,2026.7266
13.993618,0.0,0.0,0.0,0.43301272,-42.011124,65.22792,1993.7732
14.222174,0.0,0.0,0.0,0.43301272,-51.554146,113.1463,1952.5319
14.417295,0.0,0.0,0.0,0.43301272,-56.185852,137.30913,1937.0784
14.3484125,0.0,0.0,0.0,0.43301272,-62.931503,190.36475,1937.6748
14.191225,0.0,0.0,0.0,0.43301272,-75.79804,250.98718,1923.628
14.095785,0.0,0.0,0.0,0.43301272,-71.44038,288.13013,1919.009
13.439316,0.0,0.0,0.0,0.43301272,-70.46896,359.5456,1933.1392
13.443873,0.0,0.0,0.0,0.43301272,-66.682076,396.34302,1942.1943
13.524608,0.0,0.0,0.0,0.43301272,-54.873596,447.41547,1954.9048
