12.850554,-0.101924956,0.47907653,1.9679192,0.2540176,525.7278,419.81912,2533.0452
13.428593,-0.032997034,0.51881933,1.96292,0.25435817,522.8485,418.11597,2525.5017
13.809539,0.015818851,0.54531926,1.9564457,0.25438058,525.62,426.97327,2530.9336
13.9680195,0.09930401,0.6194699,1.9377716,0.25511578,523.73364,411.48276,2523.1687
14.17647,0.18343093,0.6576755,1.9398084,0.2577275,526.70447,409.1962,2533.8088
14.537413,0.11850284,0.6847208,1.994931,0.26703036,526.28204,412.4925,2534.4294
14.895599,0.07455932,0.90408707,1.7910281,0.25166804,524.91907,420.09186,2534.5967
15.178863,0.31569344,0.8941061,1.9361242,0.27368352,522.0591,419.0365,2532.705
15.040005,0.36562255,0.9548595,1.8890265,0.27172095,522.88934,423.52795,2531.3682
14.947243,0.61900765,0.86123705,1.8448604,0.26626396,522.6132,434.74408,2523.2996
15.171016,0.6717687,0.90873533,1.8313576,0.26940194,518.9538,441.17737,2512.6567
15.473223,0.7794476,1.0855361,1.6591529,0.26632345,510.9243,434.6615,2514.0295
15.49097,0.5547989,0.9650976,1.7222772,0.25636268,506.97226,437.16815,2490.1887
15.02182,0.21036518,0.3786455,0.5934357,0.6783863,500.86783,432.3661,2498.6875
14.626051,0.66184574,1.1160641,1.5527457,0.253613,508.05045,442.4721,2514.8035
13.988762,0.70585316,1.0517197,1.619528,0.2574916,514.74835,441.9552,2523.1528
14.41415,0.17901903,0.3861537,0.60431653,0.6735273,491.62024,441.1822,2515.023
14.679546,0.18392976,0.37699533,0.6032751,0.67830926,498.12784,437.2002,2514.333
14.021021,0.16232924,0.32481018,0.6260371,0.6900906,496.89948,439.8905,2516.8691
14.545485,0.43181625,0.85783273,1.7659016,0.25131544,499.5357,445.93442,2501.9014
14.683434,0.37118945,0.8297788,1.7999591,0.25206006,500.52444,442.04138,2504.9768
14.439944,0.41906407,0.81466293,1.9246937,0.2680913,524.1244,441.50787,2518.0747
14.779095,0.22498368,0.7814336,1.8288296,0.25024223,518.72815,428.1648,2511.8928
15.083,0.16339292,0.73525304,1.8712527,0.25239584,515.84644,427.83075,2513.7656
15.230644,0.13105567,0.7152051,1.983787,0.2671073,531.78424,418.45654,2520.756
15.466103,0.029286018,0.61330897,2.0001867,0.26386562,528.9263,410.896,2538.7263
15.725443,0.08982789,0.5507445,2.0083618,0.26212043,515.53394,392.75046,2512.2698
15.928765,0.006739949,0.49346685,2.0218174,0.2617682,521.19,416.53894,2529.3855
16.035286,-0.08485399,0.4928943,2.0613189,0.26897013,545.7977,425.10358,2517.9531
15.77167,-0.072031766,0.44681728,2.0157073,0.25946733,528.8621,404.68384,2516.3416
15.155076,-0.0983972,0.39481598,2.0179386,0.25827459,525.5694,410.44357,2529.3047
