11.683647,0.0,0.0,0.0,0.43301272,620.5387,-775.2422,2465.4304
11.535868,0.0,0.0,0.0,0.43301272,620.2582,-775.69055,2465.6177
11.321189,0.0,0.0,0.0,0.43301272,623.15546,-775.1717,2472.4707
11.156902,0.0,0.0,0.0,0.43301272,622.97375,-775.4522,2472.4312
10.922283,0.0,0.0,0.0,0.43301272,623.2305,-774.52905,2473.0403
10.7695465,0.0,0.0,0.0,0.43301272,624.8721,-776.0557,2474.4443
10.611206,0.0,0.0,0.0,0.43301272,628.27234,-775.1256,2478.0776
10.4541445,0.0,0.0,0.0,0.43301272,628.5618,-773.1878,2478.0735
10.189378,0.0,0.0,0.0,0.43301272,628.1824,-772.6116,2478.1978
10.006581,0.0,0.0,0.0,0.43301272,626.92267,-759.5305,2474.8057
10.371268,0.0,0.0,0.0,0.43301272,627.12573,-755.4397,2472.8313
10.367424,0.0,0.0,0.0,0.43301272,627.8018,-759.1193,2476.2195
10.305569,0.0,0.0,0.0,0.43301272,628.67773,-762.41675,2479.514
10.492236,0.0,0.0,0.0,0.43301272,631.85736,-770.4169,2485.8687
10.460552,0.0,0.0,0.0,0.43301272,632.0811,-767.85364,2487.3792
10.491723,0.0,0.0,0.0,0.43301272,632.31165,-768.1681,2487.3877
10.764939,0.0,0.0,0.0,0.43301272,631.3443,-766.149,2485.2827
11.268439,0.0,0.0,0.0,0.43301272,636.20544,-784.6896,2491.0073
11.36798,0.0,0.0,0.0,0.43301272,634.7019,-765.3945,2491.4019
11.306558,0.0,0.0,0.0,0.43301272,628.6679,-771.62683,2481.1235
11.239235,0.0,0.0,0.0,0.43301272,629.88446,-775.8812,2483.1277
11.250866,0.0,0.0,0.0,0.43301272,627.31213,-764.05054,2477.7644
11.3188,0.0,0.0,0.0,0.43301272,628.3507,-769.2146,2481.334
11.315265,0.0,0.0,0.0,0.43301272,626.6533,-763.10034,2474.3972
11.328945,0.0,0.0,0.0,0.43301272,627.87714,-765.8496,2475.6077
10.937051,0.0,0.0,0.0,0.43301272,627.2367,-766.64514,2473.0466
11.01804,0.0,0.0,0.0,0.43301272,627.02997,-765.63306,2472.1965
10.855907,0.0,0.0,0.0,0.43301272,624.5564,-770.0573,2464.666
10.880769,0.0,0.0,0.0,0.43301272,626.4628,-757.3109,2464.8142
10.361886,0.0,0.0,0.0,0.43301272,626.43146,-762.19214,2468.8132
10.458559,0.0,0.0,0.0,0.43301272,626.89465,-762.68396,2471.1912
10.588867,0.0,0.0,0.0,0.43301272,626.8826,-763.4336,2471.1287
10.840998,0.0,0.0,0.0,0.43301272,628.1848,-781.7483,2467.4968
10.964939,0.0,0.0,0.0,0.43301272,630.9744,-774.9023,2458.3057
11.268331,0.0,0.0,0.0,0.43301272,639.048,-752.98846,2458.55
11.223013,0.0,0.0,0.0,0.43301272,643.3943,-743.63184,2445.2764
11.595796,0.0,0.0,0.0,0.43301272,639.4245,-742.6996,2444.3835
