13.938318,0.20945302,1.6475217,-0.08833869,0.41675967,562.0169,439.8531,2535.377
13.600109,0.13756035,1.6454065,-0.05857457,0.41573897,559.95685,434.7,2531.1755
13.365019,0.1838041,1.6507481,-0.08572071,0.41648602,560.8118,434.92508,2532.6694
13.00521,0.20551975,1.6155078,-0.09047289,0.41764796,560.9685,433.5484,2534.8086
12.976957,0.22385338,1.6325065,-0.10174689,0.41754788,561.39056,435.74704,2535.0737
13.152747,0.1941344,1.6488798,-0.10034851,0.41693714,562.1076,438.63715,2537.4824
13.103637,0.18766001,1.7011977,-0.08802583,0.41513008,562.1002,436.44424,2537.5269
13.254719,0.19641043,1.6818392,-0.08147336,0.41557434,561.547,437.5746,2537.7185
13.357265,0.21045215,1.6517496,-0.07208722,0.41625753,561.3399,435.59338,2537.1597
13.168196,0.20565775,1.6337637,-0.065654755,0.4165694,561.17426,433.96896,2537.0679
13.381502,0.22066967,1.6260402,-0.0616759,0.41674858,561.15497,430.2479,2536.9602
13.233626,0.27593037,1.6377531,-0.061140195,0.4166567,561.9868,435.49915,2541.409
12.971169,0.24353299,1.6000586,-0.079842746,0.41795927,560.8824,429.19302,2538.2505
12.9942045,0.22228207,1.5845667,-0.10072301,0.4187553,561.01965,430.90982,2537.619
12.857378,0.10317764,1.6495651,-0.14195284,0.41742814,562.88934,437.5535,2536.7812
12.752546,0.05495019,1.6602925,-0.1508522,0.41705522,563.3995,443.17804,2536.3044
12.7342615,0.09656049,1.6402441,-0.15462746,0.4179414,563.38727,444.26926,2538.888
12.615953,0.12315643,1.6323291,-0.13159189,0.41776478,562.84143,440.21503,2539.4338
12.673582,0.1748804,1.6244932,-0.09823773,0.41745186,560.8102,433.86005,2538.0283
12.566894,0.21470015,1.5928243,-0.06498889,0.4176701,559.65173,432.30545,2537.6604
12.202395,0.22556522,1.6144047,-0.078420475,0.41747886,560.19543,431.66034,2537.547
11.915272,0.21007116,1.5874842,-0.105302416,0.41873705,560.396,432.5633,2535.5188
12.134858,0.23706461,1.5883346,-0.077569455,0.41817728,561.7228,434.31482,2534.6072
12.404361,0.2547536,1.5855205,-0.07479928,0.41825336,561.62585,433.04626,2533.723
12.316718,0.18204321,1.5529164,-0.081101015,0.41890922,563.1251,432.63416,2528.4382
12.121349,0.079779536,1.470629,-0.11526933,0.42116445,565.6458,438.6018,2523.703
12.268365,0.109366365,1.4629762,-0.10658079,0.4212762,566.13586,441.41318,2524.5076
12.151969,0.19302201,1.4772174,-0.09227538,0.42098323,565.64954,439.42438,2528.0815
12.558627,0.24980311,1.4607682,-0.096629426,0.42164814,565.8388,437.29596,2529.5823
12.872471,0.28459218,1.4974443,-0.09199008,0.42084983,565.6169,436.3764,2530.36
12.50069,0.2904549,1.4708421,-0.08387625,0.42126957,564.0915,439.13565,2530.2922
12.336014,0.21992037,1.4383678,-0.096914105,0.4220318,566.43207,438.57202,2527.066
12.604588,0.13073969,1.4529914,-0.06689509,0.4206832,566.63025,437.6922,2522.2656
12.69886,0.19702712,1.5014006,-0.055779193,0.41960493,567.9324,440.9083,2527.606
12.507242,0.18747169,1.426035,-0.026008988,0.4205467,566.80524,434.08624,2523.6106
12.731163,0.15059848,1.4422196,-0.062586166,0.42090338,568.45624,439.03876,2523.7483
12.991277,0.19007182,1.4351156,-0.046635147,0.42084253,566.0113,433.98383,2524.4392
13.015294,0.15556508,1.4242711,-0.0384807,0.42075238,567.0566,436.95807,2524.4595
12.953761,0.12035492,1.3520278,-0.03787346,0.4220896,567.80194,439.17444,2524.0837
12.750949,0.121353045,1.3595527,-0.052226562,0.4222722,568.2395,440.04092,2524.949
12.489279,0.03743629,1.3607628,-0.06441635,0.4221675,569.1522,440.66437,2521.2002
12.361367,0.08452226,1.363851,-0.061792985,0.42225343,569.0337,439.9397,2522.682
12.145319,0.10300804,1.3698589,-0.054536108,0.42204365,571.8224,440.77026,2523.6497
11.834391,0.042789362,1.3782272,-0.054202154,0.4215997,571.92834,438.92908,2519.5156
11.764536,-0.0037338117,1.3113191,-0.049043532,0.4226108,573.4915,444.23706,2518.868
