12.801076,0.7914786,-0.18997256,0.2679906,0.42429584,139.25464,823.39746,2267.435
12.634281,1.0783508,-0.31647873,0.08090611,0.4257619,158.04655,809.43677,2304.9565
12.41513,0.5726133,-0.05806343,0.5348249,0.41915205,168.44681,800.7381,2329.848
12.872756,-0.05153295,0.77858394,-0.009542437,0.62534654,174.12917,805.0609,2350.0066
12.951934,0.0053680586,0.72795945,0.06303412,0.682694,180.26303,814.6581,2420.6294
13.051356,0.0078074834,0.7071463,0.082305774,0.70221597,176.05711,814.4778,2443.8806
13.064081,-0.029880047,0.7046815,0.09167059,0.70294094,159.89398,812.7224,2465.2976
13.815373,-0.06787718,0.7011754,0.09394395,0.70350456,134.58743,809.86725,2468.9539
30.037241,-0.25405863,-0.6790986,-0.36692965,0.43771803,-104.41066,792.3769,2281.1948
27.98992,-0.1439832,-1.174658,-0.3573511,0.43191364,-97.63316,788.6251,2271.2058
26.331964,0.15598643,-2.1471615,-0.42710906,0.40218392,-84.549774,792.9747,2251.165
24.673887,-1.367751,-0.49646607,0.9639895,0.27227354,-139.66454,376.508,1963.0094
