13.437832,0.38050324,0.6245546,-0.48321673,-0.48130086,11.683323,226.53082,1891.6244
14.1267395,0.5455925,0.7948146,-0.21032521,-0.16236354,99.441734,224.2066,1793.0669
14.031716,0.41406626,0.7594106,-0.39763612,-0.30615386,110.24832,270.7174,1819.7979
13.915266,0.3771138,0.7408153,-0.4639722,-0.306117,182.10997,267.24896,1836.47
13.310959,0.6285313,0.65605354,1.988999,0.27529234,-6.515709,227.9087,2176.8076
13.209438,0.6265951,0.46493667,2.0154638,0.27129397,18.356426,242.8944,2157.754
12.881315,0.55060995,0.35701945,1.9764438,0.26035866,57.18361,240.81544,2153.607
12.889564,0.18124488,0.19235381,0.6822071,0.6817212,110.045975,212.10583,2169.4
12.745086,0.12707599,0.18892044,0.70540595,0.6712401,134.86836,184.06433,2179.0444
12.6454935,0.036734175,0.30776256,0.7328806,0.6056558,151.89476,181.38416,2194.1704
12.297272,-0.2920131,-0.43961895,0.7481333,0.40219408,204.3054,198.76392,2232.55
12.308079,0.6156688,0.60079217,-0.50775933,-0.046702806,212.02296,204.24454,2237.5215
12.423503,-0.52707726,-0.50442374,0.2180748,0.25051394,240.96425,182.36432,2245.4749
12.114677,-0.6882874,-0.609736,-0.02721049,0.27521008,361.63953,93.74652,2248.5847
12.099956,-0.18720601,-0.15139082,-0.030819796,0.2742811,337.98068,184.52057,2229.9602
12.268261,-0.8482535,-0.922758,0.18511753,0.25588742,302.56882,59.245636,2259.9138
11.786251,-0.4476196,-0.22007996,0.66284734,0.55842185,458.66092,305.59448,2714.7385
11.866862,-0.36987114,-0.12041116,0.6752907,0.6266409,492.32855,284.20715,2701.9407
11.687887,-0.93003243,-0.25462765,1.7505913,0.253102,484.975,265.17365,2698.7876
11.82393,-0.9538846,-0.26062012,1.7700375,0.2558792,467.63165,270.25806,2698.5813
11.817381,-0.88148075,-0.22568242,1.7950685,0.25362664,449.5295,270.97937,2700.172
11.621241,-0.3952361,-0.1740052,0.67618525,0.5968954,355.2486,282.2638,2715.888
