13.020923,0.0,0.0,0.0,0.43301272,-404.40393,-114.65787,2559.1921
13.036267,0.0,0.0,0.0,0.43301272,-438.94144,-122.00583,2452.5203
13.054831,0.0,0.0,0.0,0.43301272,-440.7863,-93.00606,2404.038
12.779161,0.0,0.0,0.0,0.43301272,-440.2592,-120.31778,2279.454
12.784124,0.0,0.0,0.0,0.43301272,-412.74777,-126.2724,2148.552
13.1465025,0.0,0.0,0.0,0.43301272,-342.4761,-84.27374,1973.7129
13.602978,0.0,0.0,0.0,0.43301272,-271.40588,-63.969727,1885.7638
13.969728,0.0,0.0,0.0,0.43301272,-199.26915,-68.19031,1790.8417
14.640712,0.0,0.0,0.0,0.43301272,-128.9787,-91.05255,1763.6106
15.137723,0.0,0.0,0.0,0.43301272,0.30838776,-70.53662,1713.3635
15.33048,0.0,0.0,0.0,0.43301272,31.259438,-55.352448,1709.1187
14.570839,0.0,0.0,0.0,0.43301272,231.00961,-16.089828,1805.053
14.387705,0.0,0.0,0.0,0.43301272,-151.63693,-132.15118,2275.331
13.73333,0.0,0.0,0.0,0.43301272,-75.46502,-133.07257,2320.2903
13.685366,0.0,0.0,0.0,0.43301272,-22.33899,-49.367874,2324.7979
14.190264,0.0,0.0,0.0,0.43301272,-54.34567,-44.264328,2387.735
14.794691,0.0,0.0,0.0,0.43301272,-106.03094,-75.53958,2385.3347
15.304801,0.0,0.0,0.0,0.43301272,-127.825455,-112.393005,2344.312
