13.404489,0.0,0.0,0.0,0.43301272,16.311966,-825.0029,1964.8158
13.2206745,0.0,0.0,0.0,0.43301272,17.096497,-812.29224,1935.319
13.268017,0.0,0.0,0.0,0.43301272,23.840591,-827.1511,1935.6957
13.650734,0.0,0.0,0.0,0.43301272,54.21682,-850.6909,1926.8136
13.58304,0.0,0.0,0.0,0.43301272,67.55788,-883.7706,1966.6442
13.02005,0.0,0.0,0.0,0.43301272,323.32532,-844.09576,2331.0024
12.745897,0.0,0.0,0.0,0.43301272,334.67548,-838.8999,2331.7573
12.488616,0.0,0.0,0.0,0.43301272,344.59592,-842.07007,2297.6357
12.396698,0.0,0.0,0.0,0.43301272,344.44904,-833.81604,2283.4246
12.165425,0.0,0.0,0.0,0.43301272,386.85275,-797.9757,2111.549
12.163687,0.0,0.0,0.0,0.43301272,445.04953,-840.8396,2391.5042
12.645239,0.0,0.0,0.0,0.43301272,436.45212,-850.5339,2542.5254
12.754203,0.0,0.0,0.0,0.43301272,406.52542,-854.8288,2558.9856
12.674585,0.0,0.0,0.0,0.43301272,426.82504,-869.61755,2393.8293
12.414635,0.0,0.0,0.0,0.43301272,87.47278,-872.3556,2592.1387
