14.639234,0.0,0.0,0.0,0.43301272,309.7172,-770.2676,2327.397
14.83809,0.0,0.0,0.0,0.43301272,225.55728,-791.5823,2459.4949
14.7414665,0.0,0.0,0.0,0.43301272,207.48988,-769.2424,2438.101
14.967907,0.0,0.0,0.0,0.43301272,182.78151,-826.73755,2441.603
15.398408,0.0,0.0,0.0,0.43301272,170.04199,-853.9581,2452.9326
15.237397,0.0,0.0,0.0,0.43301272,241.4369,-846.5907,2631.5225
15.540669,0.0,0.0,0.0,0.43301272,156.253,-803.67065,2563.8267
15.836076,0.0,0.0,0.0,0.43301272,-79.19771,-828.8733,2537.2866
15.97885,0.0,0.0,0.0,0.43301272,-110.67445,-829.60834,2526.708
16.077639,0.0,0.0,0.0,0.43301272,-150.38455,-823.59393,2511.133
16.11917,0.0,0.0,0.0,0.43301272,-163.02003,-839.7682,2540.3323
15.288644,0.0,0.0,0.0,0.43301272,-190.94733,-856.0419,2510.3857
14.908988,0.0,0.0,0.0,0.43301272,-189.50233,-846.5829,2502.3867
14.744801,0.0,0.0,0.0,0.43301272,-185.88165,-841.0695,2497.9622
14.021523,0.0,0.0,0.0,0.43301272,-145.31581,-929.20074,2475.4983
13.857836,0.0,0.0,0.0,0.43301272,-117.324814,-1041.0366,2255.1804
14.058966,0.0,0.0,0.0,0.43301272,-135.18878,-1004.6482,2261.6433
13.968036,0.0,0.0,0.0,0.43301272,-233.4697,-856.96906,2238.347
