13.017039,-0.055761095,0.80641943,0.1816433,-0.5599755,9.757621,560.10315,2063.564
13.011471,-0.03537323,0.8568502,0.18257256,-0.48085204,42.42926,556.8098,2062.4062
13.331359,-0.038703986,0.90494424,0.19617859,-0.37561604,121.364494,555.66406,2063.9924
13.482536,-0.029555615,0.93889356,0.18905203,-0.28611287,203.3287,553.48596,2069.0872
13.393416,-0.015442626,0.9546293,0.19202138,-0.22708629,240.7785,556.4219,2080.0945
13.44667,-0.014678021,0.9692789,0.19175145,-0.1533314,275.29892,564.9592,2092.4207
12.980402,-0.0041645663,0.975756,0.2155772,-0.03749003,310.66977,576.33264,2146.5945
13.041475,-0.0036142797,0.9716288,0.23190476,0.046269212,318.15402,578.5156,2178.3315
13.412804,-0.026901534,0.9485413,0.20642851,0.23859769,326.53827,572.0491,2234.053
13.26425,-0.036458638,0.9369952,0.20254445,0.28228065,322.82742,572.7121,2259.2288
13.551804,-0.03416198,0.8976029,0.22067064,0.380055,311.16486,585.1797,2311.2632
14.2888775,-0.041111093,0.86567557,0.20903191,0.45300823,281.03403,583.6031,2345.5166
14.828959,-0.022337515,0.8141222,0.19535089,0.54638106,246.78079,574.1276,2386.5027
14.923135,0.06801124,1.9561079,0.4350661,0.25136247,193.68106,562.7163,2453.606
15.328438,-0.025318248,2.1075883,0.46252155,0.27510992,154.76962,564.5675,2515.766
15.330655,-0.1370082,2.2469382,0.5461025,0.31970838,107.40918,567.32544,2547.7607
14.836395,-0.2308822,2.2188897,0.5125963,0.34812862,72.44768,563.3615,2546.5972
14.391757,-0.37209803,1.7990239,0.35229138,0.3931455,23.107994,553.7982,2518.7188
14.194725,-0.5397727,1.5163032,0.25642496,0.40512696,2.3424377,558.6606,2492.5776
14.086022,-0.5415399,1.2274817,0.11980642,0.4165798,-13.410144,554.9304,2474.43
13.549997,-0.5284103,0.6102502,-0.1043266,0.43101296,-48.8413,561.3678,2432.3845
13.467628,-0.4825596,0.22768758,-0.25097114,0.43666497,-67.36637,558.78625,2402.952
13.120593,-0.47540882,-0.18711664,-0.34358948,0.43907133,-83.92488,554.7146,2365.4119
