13.392331,0.7873683,0.1276139,-3.3842254,0.44536984,74.70261,382.08676,2362.6655
13.453321,0.87335694,0.23345745,-3.3545527,0.44525987,74.38895,383.41867,2363.327
13.547199,1.1633055,0.29307738,-3.2604208,0.44193584,73.52083,385.11716,2361.5596
13.890992,1.2491996,0.4796218,-3.2041678,0.4406529,73.22631,382.58743,2358.8538
13.617457,1.382022,0.83167887,-3.0585225,0.4363203,74.43362,383.086,2357.5398
13.375248,1.5116868,1.0895066,-2.8788698,0.43070847,75.406685,390.89664,2355.1113
13.317732,1.6260345,1.4280335,-2.5621498,0.41936082,79.297195,390.97842,2360.164
13.208813,1.7174921,1.54916,-2.3406878,0.4114805,79.020645,396.42792,2360.2888
12.938761,1.7723597,1.6791072,-2.0291102,0.39903432,79.94626,395.45294,2348.427
13.105707,1.6324522,1.7642405,-1.9358039,0.39038843,84.87947,422.04053,2350.9243
13.340012,1.6154286,1.8215562,-1.8715969,0.38809547,94.557686,438.67847,2330.3938
13.05428,1.6138879,1.8118757,-1.6038388,0.3744566,90.83885,423.493,2327.1125
12.939019,1.5194068,1.8621261,-1.6440424,0.37356782,93.498985,448.50302,2304.8418
12.726112,1.410176,1.8115343,-1.214511,0.34759313,108.17075,442.50732,2259.7903
13.147313,1.3783771,1.8583682,-1.1766578,0.34522817,113.42869,454.79437,2327.8
13.16584,1.348362,1.7626979,-1.0112201,0.3346449,107.20807,448.44794,2282.6897
13.320597,1.4160947,1.8305957,-0.9732346,0.33777794,96.72625,463.34155,2303.454
13.367676,0.04866679,0.72983015,-0.68036693,-0.045609683,93.36874,466.64108,2296.7747
13.220651,1.3015196,1.696015,-0.7213369,0.31866992,107.24577,474.69196,2311.7256
13.421091,1.2853912,1.5561489,-0.5509672,0.30998167,102.69181,478.919,2287.7124
13.4154415,1.2581826,1.3726676,-0.40943322,0.30391088,85.32209,452.83035,2318.0225
13.146596,1.122803,1.2527254,-0.25617093,0.2892577,88.59831,465.80734,2285.635
12.866343,1.0341444,1.0818119,-0.11412749,0.28126496,77.20808,432.97177,2273.1562
12.77949,0.9459034,0.90742683,-0.093532175,0.28133085,51.69057,420.22702,2285.8525
12.864131,0.82532567,0.765352,-0.08066733,0.278509,38.513943,429.40143,2318.2646
13.023729,0.79715776,0.7990821,-0.06181325,0.27079058,60.553448,443.27417,2313.3926
12.86672,0.9043352,0.8389412,-0.084561974,0.28147668,33.60913,451.13315,2375.498
12.781246,0.10429348,0.07500995,-0.014340151,0.2818138,-39.082962,403.178,2232.792
12.861202,0.4152174,0.34321174,-0.06358876,0.27665928,5.0758276,419.42365,2284.863
12.686015,0.42946222,0.2909305,-0.03253468,0.28877807,-7.504902,524.68994,2235.5852
12.456786,0.7719943,0.6491146,-0.051648933,0.28245085,28.089624,488.0793,2277.961
12.379597,0.5528718,0.47143757,-0.027927892,0.27500427,33.720024,459.88025,2230.9832
12.500034,0.7932313,0.7469655,-0.053371053,0.2750115,57.806087,440.72083,2270.9314
12.238781,1.1333225,1.1345057,-0.076021425,0.28694883,63.9309,436.52032,2273.239
12.09041,1.261363,1.2286491,-0.3704362,0.30568603,85.153656,454.22913,2274.6672
11.952522,1.5523739,1.4110276,-0.5670175,0.32801116,85.84946,444.32397,2271.4844
12.413713,1.1426439,1.0525739,0.05175583,0.28625792,84.86155,400.35345,2290.2988
12.582405,1.6423266,1.6826341,-0.91516876,0.34538135,114.332,424.0394,2331.266
12.327333,0.15254405,0.71894413,-0.64082295,0.22180043,133.84372,430.0107,2318.7314
12.677339,0.27696592,0.6953068,-0.6201871,0.23496011,130.28949,408.33206,2332.1428
12.765001,1.5167223,1.6331413,-2.4433453,0.4134358,116.53586,408.58755,2339.8137
12.721299,1.2254356,1.1875681,-2.9742656,0.43125707,105.686615,409.9248,2340.4683
12.492465,1.0442252,1.0003814,-3.1341872,0.4380362,89.48098,419.57217,2339.8389
12.518668,0.8692485,0.45112613,-3.3216376,0.44613495,64.33207,433.53195,2341.7498
12.93813,0.62828034,0.0454453,-3.398922,0.44832072,39.650764,426.96707,2343.4631
12.939805,0.57401985,-0.012304082,-3.4002275,0.44905674,32.67467,403.0413,2360.3198
12.904527,0.5194743,-0.11014914,-3.4024014,0.44920394,30.387266,388.8395,2372.5344
12.674444,0.492402,-0.45748967,-3.3590865,0.4473199,28.67112,402.0684,2376.6658
