11.42178,0.5288408,-0.95779204,0.22303845,0.41916966,-60.813824,-212.90718,2298.7673
11.767169,0.53141636,-0.9886047,0.22897749,0.4184891,-61.144978,-211.8822,2300.5105
12.749895,0.5669042,-0.99666697,0.26030815,0.41725948,-62.752247,-211.11665,2299.4077
13.00541,0.53848624,-0.96052176,0.25460115,0.4182464,-62.823242,-209.76187,2299.254
13.834232,0.54306024,-0.95107913,0.26233098,0.418167,-63.767483,-210.2571,2301.216
14.437766,0.54527014,-1.0009743,0.26715875,0.41718167,-63.275238,-212.21788,2298.4817
14.43128,0.5243375,-0.99853265,0.2551033,0.4177036,-65.03788,-218.7238,2295.8765
14.275419,0.53167564,-1.0323868,0.2479363,0.41723737,-58.992405,-224.21397,2296.2969
13.548476,0.50940686,-1.0940863,0.23159203,0.41670522,-57.225903,-218.15898,2300.3796
13.326096,0.4889775,-1.1267542,0.22631402,0.41638052,-53.35029,-216.29805,2296.7524
13.177703,0.53580296,-1.0154486,0.23999085,0.41771,-57.0291,-205.28476,2294.6865
13.047922,0.53733015,-0.9627832,0.24823597,0.41838157,-64.74475,-204.32812,2294.1653
13.0084,0.5141626,-0.90056115,0.25921318,0.41925782,-71.572556,-214.06795,2293.2837
12.409361,0.5023836,-0.8695109,0.2748965,0.41940305,-64.9049,-227.06505,2291.0173
12.216027,0.52631676,-0.7643135,0.2778455,0.4206088,-63.24408,-228.45686,2289.8245
12.7626505,0.5210078,-0.7736543,0.29338917,0.42012975,-62.547417,-227.53308,2291.4463
13.623827,0.5460775,-0.7616201,0.3100235,0.41969472,-58.811153,-230.10832,2295.2822
13.283458,0.57822084,-0.79936624,0.2838735,0.4196338,-59.14205,-230.46895,2299.31
13.112799,0.55616087,-0.8842313,0.267236,0.41899422,-66.41726,-228.63011,2299.3376
13.303498,0.56379944,-0.8936044,0.28585356,0.41831425,-63.062973,-228.28491,2295.8533
13.340779,0.552749,-0.87885606,0.2746716,0.4189102,-59.69646,-230.42229,2293.449
13.629305,0.5618296,-0.89450586,0.27459186,0.41860598,-66.63687,-230.9182,2296.772
13.454581,0.5549683,-0.8879204,0.27032724,0.41886795,-61.97476,-230.94687,2299.9268
13.317737,0.53865325,-1.0298184,0.25072637,0.4171541,-56.78808,-232.0223,2305.8423
13.36863,0.53105813,-0.991623,0.2654484,0.41750097,-64.59148,-232.1105,2300.0613
13.049322,0.59614134,-1.1814688,0.27398044,0.4129919,-60.37624,-213.83409,2304.9292
13.268251,0.5819216,-1.1760567,0.2689419,0.4133883,-76.55452,-208.93703,2301.5425
13.15367,0.5992878,-1.1613988,0.26908633,0.41353324,-75.35426,-209.05875,2306.0593
13.421311,0.63894105,-1.1533391,0.3089889,0.41220915,-69.23428,-207.71948,2312.8032
13.330469,0.60921085,-1.1987816,0.3018427,0.41169563,-73.41355,-208.24524,2307.1467
13.615433,0.6304947,-1.0550356,0.3156051,0.41414666,-82.521545,-208.39532,2306.4607
13.557965,0.64890057,-0.97212416,0.33657402,0.41495448,-74.31989,-212.17728,2312.089
