12.446367,0.16442949,0.22659089,0.1832631,0.42874816,-16.34369,-304.78705,2516.1462
12.517167,0.15946427,0.2704736,0.1920044,0.42843595,-16.6436,-302.63223,2512.1655
12.530033,0.13681775,0.26006752,0.19445232,0.4284125,-20.03355,-304.80154,2522.5642
12.63373,0.1657384,0.22410876,0.2067409,0.42821926,-21.95271,-300.6014,2514.985
12.550047,0.22308558,0.2554355,0.20268176,0.42820913,-19.065268,-304.906,2523.5413
11.87405,0.12302884,0.14582388,0.190328,0.4287539,-14.210329,-306.15997,2522.4392
12.394095,0.19685526,0.12222143,0.22201043,0.42801514,-17.982214,-303.67575,2520.9133
12.862367,0.23786351,0.13949151,0.19398509,0.42859975,-14.214022,-300.73685,2521.5103
12.723082,0.2619955,0.1282356,0.2381198,0.42756897,-19.307322,-298.93298,2528.5234
13.0312195,0.26141652,0.12575598,0.21740057,0.42804968,-19.385878,-302.4532,2531.8154
13.447631,0.28902194,0.17015755,0.22987327,0.4276823,-20.084034,-299.3304,2524.0596
13.80563,0.2620777,0.20010635,0.22804573,0.42771167,-23.644016,-298.65735,2522.012
13.511498,0.22419997,0.15476307,0.1997507,0.42846492,-14.362163,-298.0258,2523.188
13.345972,0.2023747,0.13540569,0.18271667,0.4288932,-14.897709,-299.51007,2519.8198
13.330677,0.1522792,0.09979351,0.17351174,0.42917064,-17.937967,-294.76062,2511.482
13.078379,0.20351611,0.057562247,0.1534622,0.4295934,-15.287822,-295.2612,2522.4365
12.855311,0.18451957,0.053723264,0.1804498,0.42900804,-16.12788,-288.45926,2514.853
12.615479,0.230784,0.047886726,0.16674905,0.42926353,-15.013218,-289.86346,2523.4888
12.654053,0.2113736,0.04125306,0.17990753,0.42899066,-16.849464,-295.5266,2520.0571
12.690581,0.14081733,0.121057525,0.18071988,0.42899513,-17.015026,-304.143,2512.7683
12.534267,0.1885474,0.035601042,0.1975715,0.42861563,-17.425049,-307.57315,2520.1465
12.405837,0.14801572,-0.102097616,0.22130147,0.4279896,-18.004684,-309.12396,2519.8225
12.513764,0.16974446,-0.16604832,0.18951571,0.4285448,-16.397911,-299.79614,2512.4504
12.502776,0.20273848,-0.047649886,0.20058835,0.42847174,-24.886919,-296.44217,2512.9211
12.139769,0.23578817,-0.07661898,0.22445165,0.42782968,-24.587626,-297.6076,2522.127
12.101438,0.20161739,-0.09002971,0.19462544,0.42854548,-21.400158,-299.7204,2517.1968
12.199305,0.12371291,-0.07355054,0.18584184,0.4288697,-20.231333,-301.25146,2511.8604
12.227532,0.19207343,-0.09709921,0.22144118,0.427934,-20.454521,-299.29388,2520.307
12.066596,0.25066453,-0.14530186,0.22130157,0.4277243,-17.310223,-303.4879,2522.1687
11.959375,0.26970172,-0.14729086,0.19452623,0.42829263,-18.103676,-303.44455,2521.9175
12.015285,0.25870883,-0.11245995,0.18928246,0.428521,-18.326195,-302.56802,2519.6213
12.53119,0.22642146,-0.06960147,0.20578586,0.42828563,-22.408012,-304.8933,2519.8826
12.956009,0.19941416,0.028064752,0.21857461,0.428122,-22.960598,-302.20544,2520.0154
12.954493,0.2703121,0.043374445,0.19065568,0.4286666,-18.86726,-303.81952,2522.045
12.868601,0.25008622,0.12401409,0.17685696,0.42898756,-19.33778,-298.762,2517.633
13.29823,0.22581008,0.14003825,0.14313127,0.42975405,-16.61402,-299.12006,2519.2595
13.301496,0.19158973,0.14730437,0.14269558,0.42978466,-15.26399,-301.81464,2516.04
13.224113,0.19300266,0.12435806,0.15534677,0.42952695,-13.5128,-304.16705,2517.0886
13.284659,0.21601595,0.15622488,0.17129768,0.42911458,-16.059635,-306.99622,2521.7463
13.024833,0.24224901,0.24483986,0.20931771,0.42806983,-16.266918,-307.5147,2520.2058
12.7960615,0.26361245,0.27711737,0.2132888,0.42788088,-19.701262,-308.73672,2519.4976
12.706346,0.2067558,0.24500273,0.20168269,0.42826718,-12.92163,-309.76648,2519.5215
12.752196,0.19444308,0.20930514,0.21370064,0.4280789,-16.15802,-310.6006,2524.666
12.647015,0.15382265,0.19040816,0.22815154,0.427803,-18.69016,-309.92365,2518.1104
12.437964,0.14437228,0.19685829,0.21650882,0.4280614,-17.82585,-310.90125,2512.0073
