12.099625,0.10093165,-2.2219315,0.052717153,0.28200442,-9.197134,-302.8344,2538.188
13.146239,0.09518762,-2.2410827,0.06398438,0.2852176,-10.152088,-306.84467,2538.7993
14.001669,0.07953105,-2.2229247,0.054574892,0.2818381,-2.155777,-304.7494,2538.9375
14.402201,0.08412978,-2.2110868,0.047852725,0.27994213,-3.1974945,-304.31403,2540.2793
13.697393,0.12346535,-2.2154493,0.053238757,0.28138492,-12.945236,-302.65298,2533.315
13.14646,0.08244418,-2.2274156,0.063752666,0.28275815,-5.500289,-299.32263,2526.55
13.665012,0.12258777,-2.1919293,0.0406667,0.27750164,5.1139927,-298.8885,2539.0981
14.024612,0.104117624,-2.1616848,0.06170142,0.27293625,-2.3551826,-297.49985,2540.049
13.501723,0.087071136,-2.151505,0.050067063,0.27106902,-9.434227,-298.47083,2537.6372
13.138504,0.086843275,-2.1849182,0.047273386,0.2759665,-8.185022,-296.83246,2528.6716
12.801109,0.09836655,-2.1861117,0.05808348,0.27646458,-8.788681,-302.83752,2533.6292
12.472205,0.09734204,-2.1955295,0.06556632,0.27800342,-9.998284,-300.3647,2526.5718
12.252513,0.11326242,-2.1950939,0.06487713,0.27818745,-9.841884,-301.074,2529.6025
11.998861,0.11730964,-2.2131534,0.04844134,0.28082916,-5.2278805,-301.77765,2530.2961
11.846216,0.11316307,-2.2382119,0.03824894,0.2846213,-5.389698,-307.66626,2535.976
11.682058,0.0764605,-2.2346108,0.03746319,0.2833841,-4.466339,-302.56024,2533.2415
11.441799,0.10373745,-2.207791,0.015652524,0.27930427,-3.1960726,-301.67108,2540.5095
11.336547,0.101606615,-2.1908214,0.030564558,0.27686268,-3.6665525,-303.7444,2533.3242
11.245528,0.093044356,-2.1613274,0.057017166,0.27266613,-2.8232117,-299.73615,2528.3142
11.165403,0.08967406,-2.121784,0.061060663,0.26696795,-4.269455,-301.86108,2532.3743
11.087394,0.09455008,-2.124576,0.032173708,0.26713726,-2.172121,-301.51843,2529.969
11.020311,0.09817557,-2.1401057,0.035162807,0.26941139,-3.5419216,-301.74976,2530.379
10.959306,0.08729652,-2.1563106,0.028954312,0.27154344,-0.25491142,-301.36435,2529.4265
10.841819,0.09399597,-2.1162765,0.045498867,0.2660862,-2.7663727,-302.93524,2530.4348
10.544809,0.12353987,-2.1105878,0.028005889,0.2655067,-1.6242275,-303.59393,2541.8132
10.508126,0.1376362,-2.0767732,0.023556944,0.26099658,-1.569212,-305.432,2543.11
10.724993,0.13014197,-2.111564,0.02367189,0.2656979,-2.832573,-306.31705,2542.576
10.688634,0.1178725,-2.1096964,0.023438793,0.2652715,-3.4145126,-305.4831,2541.1746
10.66342,0.119481735,-2.1339815,0.008763228,0.26859054,-2.4332619,-308.9582,2541.0283
10.640671,0.124838665,-2.1251502,0.011170224,0.2674345,-4.923519,-310.93353,2541.8435
10.743706,0.14442198,-2.141791,0.030131206,0.2702735,-11.538464,-310.5005,2541.2793
11.026028,0.14723969,-2.1588542,0.006734365,0.27257645,-7.758009,-311.59592,2540.8381
11.093678,0.11938015,-2.2122304,0.016865995,0.28026855,-3.9545994,-314.0821,2539.9658
11.187616,0.1293534,-2.1795764,0.019174168,0.275476,-5.192297,-313.79355,2541.229
11.471809,0.11321244,-2.2230287,0.015961617,0.2818435,-2.1030293,-318.35583,2552.2302
11.266553,0.13523525,-2.2290957,0.023702607,0.2833357,-3.2436008,-312.83447,2542.306
11.467335,0.12972146,-2.2499752,0.021932513,0.28662437,3.8626356,-308.56708,2529.1096
11.338261,0.12180695,-2.2528827,0.046107925,0.28738102,-0.9568424,-306.2196,2528.3342
11.735683,0.13713513,-2.2470906,0.044935472,0.2867066,-2.8747292,-308.5703,2533.8767
11.6122465,0.17263074,-2.2548738,0.019144168,0.28838202,-6.31262,-309.31793,2536.0376
11.827371,0.17889708,-2.2678425,0.00423725,0.29052222,-4.2459946,-306.4674,2536.661
