14.911762,0.037774153,-0.7529858,-0.02031799,0.4298306,-259.12625,-210.8277,2265.5251
14.234067,0.021399684,-0.7831667,-0.01568311,0.42947373,-250.92499,-209.97864,2263.4434
14.087619,0.060586818,-0.77508456,-0.024092203,0.42962852,-251.32974,-210.38472,2266.8762
13.689894,0.06610432,-0.77009547,-0.026902784,0.4297233,-250.48907,-210.72064,2267.5247
13.1681385,0.039507944,-0.7827618,-0.018919468,0.42949858,-252.48886,-211.00153,2266.953
13.177454,0.03491514,-0.76651734,-0.02884267,0.4298867,-252.63644,-212.4468,2266.3938
13.134332,0.044642717,-0.7715344,-0.026371434,0.42975765,-253.16351,-212.9607,2267.2854
13.410063,0.004320229,-0.72382605,-0.009974798,0.42996943,-260.89557,-211.5688,2264.143
14.212628,-0.0030721796,-0.721133,3.4530053E-4,0.42978996,-258.5074,-211.91759,2261.3374
14.149206,0.024353439,-0.77631134,-0.008955252,0.42939085,-248.84055,-211.26436,2262.611
14.8269,0.054096363,-0.75060105,-0.013266972,0.4296595,-251.36066,-212.8929,2269.5168
14.861055,0.06161836,-0.71046966,-0.017609078,0.4301142,-247.40256,-220.61072,2267.231
14.787489,0.04740965,-0.737415,-0.011657649,0.42977083,-259.7987,-223.70956,2267.5515
14.102688,0.04838487,-0.7051817,-0.003408794,0.42989352,-255.98401,-226.31279,2269.36
13.989975,0.070084326,-0.6889137,-0.013802095,0.43020716,-255.11765,-227.13304,2269.1326
13.946693,0.06776867,-0.69491965,-0.006168353,0.4299961,-254.80795,-227.63411,2268.5845
13.466551,0.09033655,-0.7077047,0.0068559404,0.42953712,-258.10168,-226.71147,2271.516
13.500469,0.058921333,-0.71475667,-0.002080176,0.42974937,-255.86946,-226.25821,2267.7537
13.592894,0.0422049,-0.6987934,-0.008629395,0.43007877,-256.96497,-224.81252,2268.6816
14.136606,0.06892155,-0.70252115,0.0015378051,0.4297584,-256.057,-223.8498,2269.2673
14.718174,0.09643543,-0.7385155,-0.015286769,0.4297005,-257.13895,-227.07672,2267.2998
14.348143,0.0897382,-0.95704293,-0.020446712,0.4273376,-259.77905,-222.60335,2266.6743
14.190796,0.06012207,-0.8537909,-0.03471801,0.42901152,-247.35078,-227.40808,2276.8352
14.10034,0.055534918,-0.8074332,-0.033009898,0.4294975,-250.56906,-232.60565,2268.8433
13.538318,0.06873952,-0.7129651,-0.03254123,0.43038946,-251.5216,-232.66962,2273.8196
13.59161,0.08404802,-0.7036344,-0.031318944,0.4304082,-246.55893,-233.60973,2271.6223
13.179809,0.10282066,-0.6830317,-0.04793278,0.43089345,-252.2388,-236.41502,2273.091
13.070456,0.104682304,-0.66981786,-0.028734894,0.4306009,-254.96146,-235.98036,2272.2524
13.181971,0.0725247,-0.7089662,-0.019291077,0.43013492,-256.1655,-235.30135,2270.228
12.829162,0.07040873,-0.8240651,-0.014354618,0.42887267,-250.4801,-227.19464,2268.2407
12.937306,0.072252244,-0.8713533,-0.024501367,0.42855054,-255.5694,-219.43549,2268.7412
