14.417882,0.0,0.0,0.0,0.43301272,154.98064,-84.29605,2565.8508
14.062235,0.0,0.0,0.0,0.43301272,154.8487,-84.245636,2558.3262
13.949261,0.0,0.0,0.0,0.43301272,153.30508,-82.47485,2535.3342
13.955655,0.0,0.0,0.0,0.43301272,147.15501,-76.25177,2505.2913
13.459602,0.0,0.0,0.0,0.43301272,152.15117,-36.92331,2424.3132
13.432598,0.0,0.0,0.0,0.43301272,156.57938,-4.155365,2382.9456
13.414928,0.0,0.0,0.0,0.43301272,157.26639,35.100266,2348.4153
12.959303,0.0,0.0,0.0,0.43301272,171.01497,134.87683,2285.8684
13.216507,0.0,0.0,0.0,0.43301272,181.68542,242.50388,2261.6797
13.151015,0.0,0.0,0.0,0.43301272,182.85385,310.37793,2271.0693
13.227782,0.0,0.0,0.0,0.43301272,175.41841,371.25513,2282.4822
13.626229,0.0,0.0,0.0,0.43301272,163.28932,463.03363,2308.9685
14.387943,0.0,0.0,0.0,0.43301272,144.63643,529.6078,2336.7058
14.991131,0.0,0.0,0.0,0.43301272,133.00536,599.19226,2370.549
15.463985,0.0,0.0,0.0,0.43301272,114.39479,654.1764,2420.865
15.868164,0.0,0.0,0.0,0.43301272,101.32526,693.4193,2478.3655
16.21049,0.0,0.0,0.0,0.43301272,98.344246,706.11206,2508.9294
16.45773,0.0,0.0,0.0,0.43301272,90.53285,717.18665,2519.651
16.363785,0.0,0.0,0.0,0.43301272,87.69246,719.21985,2525.1125
16.31756,0.0,0.0,0.0,0.43301272,76.22416,722.32544,2531.4045
16.5934,0.0,0.0,0.0,0.43301272,75.22966,719.6637,2538.8506
15.012553,0.0,0.0,0.0,0.43301272,85.89846,678.4898,2478.587
14.492376,0.0,0.0,0.0,0.43301272,92.98204,649.1819,2450.27
14.024369,0.0,0.0,0.0,0.43301272,108.50932,615.94995,2421.8635
13.661058,0.0,0.0,0.0,0.43301272,120.06965,576.51807,2381.7444
13.389406,0.0,0.0,0.0,0.43301272,130.61024,530.5831,2366.6018
13.507793,0.0,0.0,0.0,0.43301272,135.62234,474.11462,2362.1084
14.168248,0.0,0.0,0.0,0.43301272,154.15723,350.86273,2339.0261
14.223536,0.0,0.0,0.0,0.43301272,156.82503,233.35602,2331.895
14.278051,0.0,0.0,0.0,0.43301272,154.72171,181.49942,2332.2014
13.826784,0.0,0.0,0.0,0.43301272,148.13997,64.70387,2372.607
14.532019,0.0,0.0,0.0,0.43301272,143.81699,-11.199722,2430.9014
15.148582,0.0,0.0,0.0,0.43301272,144.70528,-53.503967,2491.9382
15.590428,0.0,0.0,0.0,0.43301272,138.83023,-74.56131,2535.9363
15.957029,0.0,0.0,0.0,0.43301272,124.747345,-58.3154,2586.9075
16.122286,0.0,0.0,0.0,0.43301272,119.19168,-56.966156,2600.2102
