15.845162,0.0,0.0,0.0,0.43301272,-498.21558,37.02072,2218.8354
15.562253,0.0,0.0,0.0,0.43301272,-493.9626,42.32904,2206.612
15.34948,0.0,0.0,0.0,0.43301272,-494.39597,48.829285,2186.17
15.29017,0.0,0.0,0.0,0.43301272,-488.57083,64.900665,2156.5588
15.0535345,0.0,0.0,0.0,0.43301272,-486.89236,122.494385,2079.1238
14.966782,0.0,0.0,0.0,0.43301272,-486.84424,171.28342,2047.2471
13.947976,0.0,0.0,0.0,0.43301272,-485.51874,292.38046,2008.1149
13.839254,0.0,0.0,0.0,0.43301272,-476.32938,399.36258,1993.271
14.028913,0.0,0.0,0.0,0.43301272,-467.80045,536.1569,1996.3628
13.76156,0.0,0.0,0.0,0.43301272,-462.90213,586.0005,2015.3037
13.454736,0.0,0.0,0.0,0.43301272,-453.99246,638.4913,2039.5856
13.183865,0.0,0.0,0.0,0.43301272,-444.48755,688.32,2061.7224
13.416411,0.0,0.0,0.0,0.43301272,-423.4204,728.5023,2110.9482
13.925279,0.0,0.0,0.0,0.43301272,-413.1122,736.94476,2153.8838
13.966916,0.0,0.0,0.0,0.43301272,-406.9413,752.6449,2188.6401
14.232143,0.0,0.0,0.0,0.43301272,-404.6375,758.54846,2203.5054
14.137077,0.0,0.0,0.0,0.43301272,-403.5108,760.44006,2215.7031
14.165526,0.0,0.0,0.0,0.43301272,-404.33057,765.89734,2221.2766
14.051047,0.0,0.0,0.0,0.43301272,-403.75238,768.9049,2222.316
13.631454,0.0,0.0,0.0,0.43301272,-402.59937,768.1677,2216.6033
13.346976,0.0,0.0,0.0,0.43301272,-401.9221,764.7163,2207.677
13.015147,0.0,0.0,0.0,0.43301272,-404.29178,760.4783,2186.5908
12.975053,0.0,0.0,0.0,0.43301272,-406.75125,746.10187,2162.9126
13.306514,0.0,0.0,0.0,0.43301272,-415.85828,728.7405,2113.5864
13.008236,0.0,0.0,0.0,0.43301272,-422.92105,716.6902,2087.5842
12.748919,0.0,0.0,0.0,0.43301272,-428.40265,690.69293,2065.399
13.100342,0.0,0.0,0.0,0.43301272,-445.7036,633.1716,2029.5609
13.913703,0.0,0.0,0.0,0.43301272,-458.4469,550.5641,2002.2067
14.010512,0.0,0.0,0.0,0.43301272,-468.7414,459.78098,1991.1633
14.2772255,0.0,0.0,0.0,0.43301272,-468.57755,422.40555,1989.8953
14.465269,0.0,0.0,0.0,0.43301272,-471.7827,385.54645,1988.1343
14.766386,0.0,0.0,0.0,0.43301272,-471.2906,349.91574,1983.6714
14.947722,0.0,0.0,0.0,0.43301272,-473.88757,304.02954,1986.1438
15.112021,0.0,0.0,0.0,0.43301272,-471.7533,268.44376,1999.8591
14.563394,0.0,0.0,0.0,0.43301272,-474.53302,180.03253,2037.2747
13.979836,0.0,0.0,0.0,0.43301272,-472.20956,132.88908,2072.619
14.004443,0.0,0.0,0.0,0.43301272,-471.03506,74.52698,2141.861
14.2796755,0.0,0.0,0.0,0.43301272,-468.6543,47.39679,2183.812
