15.0653105,0.4878622,-0.61037207,-3.3569942,0.43168473,26.001537,696.6089,2333.1604
15.477342,0.4972161,-0.59106416,-3.363996,0.4325513,25.543526,700.4735,2332.6597
15.642302,0.5325919,-0.58462375,-3.361019,0.43297324,25.205936,699.6645,2334.7363
15.197876,0.53610367,-0.53257084,-3.3811624,0.435676,17.832954,705.36395,2333.091
15.203977,0.5629389,-0.46988583,-3.3913536,0.4365722,9.099233,711.1115,2334.6792
15.478425,0.7306876,-0.52027535,-3.3339002,0.4335326,10.141026,708.5794,2337.8347
14.805091,0.81617403,-0.50480056,-3.303389,0.43092108,5.6621857,709.25525,2345.1052
14.917248,0.7309816,-0.33056152,-3.380592,0.43899995,-1.8952608,715.0011,2345.4873
14.698446,0.62894166,-0.17816593,-3.417537,0.44390845,-0.6756506,713.1462,2348.3486
14.594253,0.6051787,-0.093732566,-3.4124103,0.44678038,-1.7834797,711.40466,2347.5276
14.427968,0.7375811,-0.3577183,-3.373603,0.4376263,4.6920505,712.3717,2353.5725
13.920658,0.81070226,-0.31587073,-3.3499107,0.43378997,10.614066,709.8839,2358.8901
13.424808,0.8154681,-0.34349996,-3.3437397,0.43355027,4.890339,713.4706,2353.3828
13.459146,0.8154163,-0.4093094,-3.3371391,0.4346829,-0.4315977,716.4115,2346.8972
13.027549,0.864635,-0.40279952,-3.3247097,0.4350139,1.984324,714.4706,2345.4814
13.0259495,0.7157945,-0.47468424,-3.348402,0.43386963,6.0877132,711.124,2344.0645
13.045716,0.72395706,-0.48980367,-3.3434024,0.43390426,7.365537,711.79083,2339.8638
13.136085,0.7089987,-0.5457055,-3.3374572,0.4350393,1.189815,712.60706,2334.1436
13.95863,0.66655594,-0.60990816,-3.3251479,0.4325652,0.6362629,705.48846,2332.7673
13.630351,0.78029436,-0.63733464,-3.2753315,0.42931658,10.958669,694.7206,2337.0984
14.018182,0.77422863,-0.65123886,-3.259439,0.42692128,15.77606,693.97296,2338.0496
13.544219,0.64420795,-0.4609045,-3.36636,0.43354598,11.267318,699.96466,2338.0552
13.440655,0.744279,-0.47558385,-3.343427,0.4346562,4.728351,705.9463,2337.0308
14.161231,0.8060561,-0.43800372,-3.3336818,0.4344625,0.02842632,708.44055,2340.1602
14.676627,0.79131246,-0.36713272,-3.350619,0.43453777,-0.034960747,712.73486,2344.0608
14.294499,0.5830678,-0.45152834,-3.386833,0.4350787,2.958736,709.31555,2341.624
13.906432,0.5765793,-0.2754833,-3.4255273,0.43926388,9.271736,706.2346,2344.9263
13.497569,0.48724043,-0.06975329,-3.456426,0.44408807,8.020558,708.6859,2347.097
13.149998,0.4812132,-0.08991517,-3.4584327,0.44343477,7.52628,709.79803,2346.9263
12.866657,0.49869293,-0.13085084,-3.4549806,0.44227576,6.0281916,710.8296,2344.5637
12.578611,0.5923888,-0.29079282,-3.4190948,0.43830404,4.5565715,712.29004,2341.97
12.328923,0.625083,-0.3882326,-3.3929307,0.4362754,3.7804341,710.49005,2339.168
12.091391,0.6554399,-0.4862379,-3.363719,0.43486643,0.5857871,711.5403,2336.6172
11.887441,0.6391706,-0.5235574,-3.3531077,0.4330502,8.26837,707.619,2338.2568
11.689535,0.64169896,-0.558555,-3.3432744,0.43263426,9.960457,705.2845,2339.6746
11.530065,0.6138282,-0.57949173,-3.3468125,0.43320107,8.149134,705.6129,2338.9321
11.4554825,0.57810587,-0.6184739,-3.3464608,0.43369272,6.184474,706.1729,2336.2854
11.601206,0.5580481,-0.62914187,-3.3497114,0.43437704,5.395735,707.36523,2335.9038
