14.092507,-0.36630523,-0.63815624,-3.3914373,0.43456396,74.719444,583.86066,2571.18
13.751521,-0.33587715,-0.822144,-3.3423562,0.4334569,73.70715,583.87054,2573.0886
13.493676,-0.33834416,-0.8019961,-3.3475235,0.43336827,72.94007,585.11084,2575.3562
13.307518,-0.19434327,-0.69789726,-3.3964245,0.43612215,73.00842,589.3781,2583.6633
13.318424,0.08922946,-0.84940296,-3.3245053,0.42958826,71.944046,585.69525,2584.4019
13.150031,-0.015010019,-0.8447525,-3.3370159,0.4311076,71.36528,583.6437,2581.7646
12.892027,0.13963038,-0.87961143,-3.3159318,0.43018696,67.22097,587.6095,2584.5884
12.790164,-0.046366077,-0.9456327,-3.3111074,0.4330172,66.7488,586.3301,2585.9097
12.879822,0.06805559,-0.9819727,-3.2888858,0.43149406,66.0564,586.01447,2590.673
12.77424,-0.059090212,-1.0765754,-3.255749,0.43507767,64.02534,589.3643,2584.359
12.557218,-0.009797965,-1.1490963,-3.2142816,0.43502185,62.869305,589.59644,2589.6035
12.493958,-0.68536335,1.2314245,-3.0354357,0.4282405,62.77627,590.7864,2598.9426
12.641611,0.70499676,-0.60675853,-3.3182156,0.43899283,63.856552,592.1102,2594.1428
12.315779,-0.18360728,-1.4209837,-3.0103652,0.43648317,64.694695,595.7301,2594.2925
12.372398,0.041376203,-1.302464,-3.057411,0.43933812,66.371506,590.08875,2587.0562
12.53257,0.6024121,-0.9615114,-3.187552,0.438435,67.89958,593.0363,2594.4358
12.409519,0.3333319,-1.4103941,-3.0105033,0.42595044,70.837296,611.8247,2598.1824
12.277294,0.5923463,-1.2796892,-3.0364723,0.42396998,73.41799,593.3296,2589.4224
12.309395,2.278629,1.5856608,-1.511146,0.3964006,78.45628,565.73706,2594.4907
12.465607,1.5124861,-0.66883457,-2.934699,0.42784658,81.19084,577.1452,2590.368
12.343691,1.378834,-1.2303106,-2.6681273,0.40903175,71.9813,595.6023,2574.9778
12.219,1.2319564,-1.3619672,-2.6201427,0.4011405,75.704124,592.2239,2579.7507
12.2875185,1.1576477,-1.4023108,-2.6515539,0.40406013,73.55154,599.4901,2572.0217
12.591739,-1.6071395,0.91211396,-2.2421482,0.37172043,77.893875,598.6588,2574.5159
13.531799,-1.5581149,0.7393775,-2.6802912,0.40013176,74.93606,604.5376,2571.723
14.287345,-1.6115464,0.5081377,-2.6139867,0.39593104,75.71512,607.41895,2565.5068
14.630724,-1.6258736,0.70834744,-2.3303149,0.37777436,75.738785,607.972,2562.8777
14.438656,-1.580232,0.8451795,-1.9643613,0.35201937,76.57139,607.22473,2569.3164
14.449534,-1.5719036,0.90421104,-2.031597,0.3561006,79.64057,606.57513,2575.2312
15.035051,-1.5991939,0.9249963,-2.0886729,0.36097717,81.87126,616.6827,2585.389
15.49713,-1.6162224,0.9803591,-1.9691133,0.35366425,80.84796,606.21545,2591.3738
15.873595,-1.6581599,0.87043715,-1.9803066,0.3558113,80.00289,596.41565,2585.5823
16.230227,-1.6023521,0.9594448,-2.0314875,0.3573163,83.94164,604.401,2591.2903
16.49838,0.88239944,-1.1921947,-2.9831264,0.41978332,76.74686,608.9116,2589.9624
16.72416,1.5686104,0.197622,-3.0599551,0.43930542,83.11231,606.49097,2594.6125
16.867714,0.32374224,-0.6656272,-3.3723433,0.44207942,77.37687,598.3348,2616.9119
16.945892,0.42126527,-0.78224117,-3.3280842,0.43759468,73.77462,601.2849,2605.8342
17.009632,0.29766947,-0.69875884,-3.3544948,0.44342923,57.691643,601.1877,2611.0881
17.068106,0.1784273,-0.743601,-3.3591511,0.44273505,62.016304,598.0259,2602.6465
17.094933,-1.2688056,0.4583175,-3.1410868,0.4292388,60.744984,596.53815,2601.8481
16.875732,0.017391251,-0.744441,-3.3788679,0.44169655,61.627544,597.86224,2601.0151
16.110918,-0.026137952,-0.7031067,-3.395999,0.44149685,63.671257,594.6444,2598.21
15.611324,-0.21187517,-0.7915201,-3.3699048,0.43972078,63.251953,591.4193,2598.6458
15.395651,0.06397592,-0.6470916,-3.413726,0.4381908,58.940212,589.35925,2596.194
15.121376,0.12024349,-0.6581008,-3.40484,0.43631154,62.43753,580.4259,2581.3767
14.672105,0.18335202,-0.5676277,-3.4234953,0.43673062,62.392357,579.3691,2589.9255
14.358459,0.090923876,-0.51551133,-3.4438603,0.43831488,61.16585,581.8168,2593.268
14.233955,0.12465701,-0.5273318,-3.436677,0.43699718,61.951015,582.2975,2597.3394
14.056745,0.09897042,-0.41867083,-3.4566636,0.43683323,62.096455,580.1072,2598.8167
13.70772,0.07860895,-0.3325365,-3.4674656,0.43647414,62.917286,580.7681,2608.452
13.579432,0.062481645,-0.2643138,-3.472764,0.4360411,70.78491,585.75916,2607.7285
13.653419,0.049704347,-0.21026245,-3.4748545,0.43560126,74.90791,593.8226,2615.9475
13.745251,0.031530894,-0.133384,-3.4745057,0.43482223,76.22217,593.052,2610.877
