12.446367,0.0,0.0,0.0,0.43301272,-200.77,-722.415,2511.7178
12.517167,0.0,0.0,0.0,0.43301272,-201.75154,-714.82477,2508.9058
12.530033,0.0,0.0,0.0,0.43301272,-204.663,-715.2313,2517.8518
12.63373,0.0,0.0,0.0,0.43301272,-205.30574,-706.42566,2503.054
12.550047,0.0,0.0,0.0,0.43301272,-204.86288,-713.0842,2510.0251
11.87405,0.0,0.0,0.0,0.43301272,-201.562,-710.9414,2505.8271
12.394095,0.0,0.0,0.0,0.43301272,-201.78563,-715.4408,2513.085
12.862367,0.0,0.0,0.0,0.43301272,-199.42569,-712.28015,2510.7554
12.723082,0.0,0.0,0.0,0.43301272,-199.46245,-713.0073,2515.9497
13.0312195,0.0,0.0,0.0,0.43301272,-201.01042,-712.86426,2519.3704
13.447631,0.0,0.0,0.0,0.43301272,-202.77654,-699.3501,2512.106
13.80563,0.0,0.0,0.0,0.43301272,-205.0574,-704.5775,2512.3
13.511498,0.0,0.0,0.0,0.43301272,-197.10117,-703.06885,2508.3699
13.345972,0.0,0.0,0.0,0.43301272,-200.2339,-708.0084,2509.8657
13.330677,0.0,0.0,0.0,0.43301272,-205.60852,-698.6102,2505.876
13.078379,0.0,0.0,0.0,0.43301272,-203.4382,-701.9403,2510.5503
12.855311,0.0,0.0,0.0,0.43301272,-203.68399,-697.8804,2508.5151
12.615479,0.0,0.0,0.0,0.43301272,-202.47623,-706.45483,2515.7576
12.654053,0.0,0.0,0.0,0.43301272,-202.9503,-709.5099,2514.7964
12.690581,0.0,0.0,0.0,0.43301272,-202.81609,-710.32104,2518.6826
12.534267,0.0,0.0,0.0,0.43301272,-201.82549,-705.78186,2514.5532
12.405837,0.0,0.0,0.0,0.43301272,-199.8937,-700.39294,2506.999
12.513764,0.0,0.0,0.0,0.43301272,-200.20401,-689.5945,2503.3994
12.502776,0.0,0.0,0.0,0.43301272,-209.27985,-693.37427,2515.149
12.139769,0.0,0.0,0.0,0.43301272,-204.73105,-695.88806,2514.879
12.101438,0.0,0.0,0.0,0.43301272,-202.76422,-702.093,2514.7463
12.199305,0.0,0.0,0.0,0.43301272,-202.24355,-703.5414,2515.0247
12.227532,0.0,0.0,0.0,0.43301272,-200.58133,-700.34674,2516.4448
12.066596,0.0,0.0,0.0,0.43301272,-196.25696,-711.255,2513.8215
11.959375,0.0,0.0,0.0,0.43301272,-199.51488,-707.2864,2516.7966
12.015285,0.0,0.0,0.0,0.43301272,-200.8583,-703.1715,2514.2554
12.53119,0.0,0.0,0.0,0.43301272,-202.21274,-708.3849,2518.4607
12.956009,0.0,0.0,0.0,0.43301272,-202.05202,-705.8248,2518.3528
12.954493,0.0,0.0,0.0,0.43301272,-202.72438,-705.11096,2514.2996
12.868601,0.0,0.0,0.0,0.43301272,-202.36308,-695.7416,2513.4814
13.29823,0.0,0.0,0.0,0.43301272,-202.37708,-698.91235,2511.2214
13.301496,0.0,0.0,0.0,0.43301272,-201.46129,-697.214,2509.5867
13.224113,0.0,0.0,0.0,0.43301272,-200.18236,-709.6887,2513.089
13.284659,0.0,0.0,0.0,0.43301272,-202.29372,-708.26184,2522.0906
13.024833,0.0,0.0,0.0,0.43301272,-201.05855,-705.63464,2522.5957
12.7960615,0.0,0.0,0.0,0.43301272,-202.60254,-704.08875,2512.2266
12.706346,0.0,0.0,0.0,0.43301272,-192.33916,-704.2266,2514.1775
12.752196,0.0,0.0,0.0,0.43301272,-198.55956,-704.708,2522.679
12.647015,0.0,0.0,0.0,0.43301272,-199.82512,-700.9192,2518.8628
12.437964,0.0,0.0,0.0,0.43301272,-204.00693,-707.6425,2517.929
