11.556571,0.0,0.0,0.0,0.43301272,-206.05017,-700.223,2514.36
11.686675,0.0,0.0,0.0,0.43301272,-204.18593,-703.54535,2513.5925
12.0476055,0.0,0.0,0.0,0.43301272,-204.77528,-698.75476,2506.7515
12.011509,0.0,0.0,0.0,0.43301272,-202.497,-701.5622,2505.4622
12.127347,0.0,0.0,0.0,0.43301272,-206.95033,-693.2827,2507.315
12.060372,0.0,0.0,0.0,0.43301272,-203.66553,-720.8288,2510.5503
11.907356,0.0,0.0,0.0,0.43301272,-213.15292,-705.3258,2515.9543
11.833926,0.0,0.0,0.0,0.43301272,-204.47978,-685.5014,2518.9253
11.925272,0.0,0.0,0.0,0.43301272,-200.75276,-691.9825,2512.716
12.043857,0.0,0.0,0.0,0.43301272,-201.21303,-704.3739,2512.5
11.917242,0.0,0.0,0.0,0.43301272,-203.68315,-695.9268,2510.8796
11.78872,0.0,0.0,0.0,0.43301272,-201.50842,-696.6926,2508.9446
11.789757,0.0,0.0,0.0,0.43301272,-203.6222,-700.2284,2509.6453
11.938708,0.0,0.0,0.0,0.43301272,-201.17622,-699.60376,2507.938
11.944843,0.0,0.0,0.0,0.43301272,-200.34085,-703.46204,2508.4062
11.809107,0.0,0.0,0.0,0.43301272,-206.0145,-725.0639,2506.8054
11.727203,0.0,0.0,0.0,0.43301272,-200.74474,-697.828,2512.2595
11.811809,0.0,0.0,0.0,0.43301272,-197.65346,-686.09125,2506.4912
11.929626,0.0,0.0,0.0,0.43301272,-200.2929,-701.1731,2519.19
11.864677,0.0,0.0,0.0,0.43301272,-199.91356,-690.9265,2511.365
12.411605,0.0,0.0,0.0,0.43301272,-203.05449,-696.55884,2517.0498
12.495616,0.0,0.0,0.0,0.43301272,-200.97043,-688.2346,2508.8599
12.122884,0.0,0.0,0.0,0.43301272,-200.15172,-697.3383,2511.1404
12.023334,0.0,0.0,0.0,0.43301272,-199.0238,-705.6459,2516.9624
11.893553,0.0,0.0,0.0,0.43301272,-198.37268,-696.7443,2511.9583
11.698237,0.0,0.0,0.0,0.43301272,-201.746,-695.6326,2513.8464
11.6582,0.0,0.0,0.0,0.43301272,-201.36261,-695.8273,2516.053
11.624459,0.0,0.0,0.0,0.43301272,-203.57971,-696.50934,2518.7227
11.811392,0.0,0.0,0.0,0.43301272,-203.17435,-695.2229,2510.889
11.718531,0.0,0.0,0.0,0.43301272,-203.04373,-696.31665,2510.7214
11.736168,0.0,0.0,0.0,0.43301272,-201.13655,-696.7546,2511.714
11.946301,0.0,0.0,0.0,0.43301272,-205.20477,-699.1829,2517.8884
11.821329,0.0,0.0,0.0,0.43301272,-200.8022,-697.89935,2518.077
11.920953,0.0,0.0,0.0,0.43301272,-199.70213,-703.8878,2519.5908
12.107133,0.0,0.0,0.0,0.43301272,-200.39581,-691.9342,2510.8499
11.976483,0.0,0.0,0.0,0.43301272,-198.54973,-694.89154,2510.893
11.912827,0.0,0.0,0.0,0.43301272,-200.10548,-697.28,2513.8582
12.110569,0.0,0.0,0.0,0.43301272,-200.20161,-703.4652,2514.8384
12.345917,0.0,0.0,0.0,0.43301272,-201.0281,-697.9502,2515.0103
12.487778,0.0,0.0,0.0,0.43301272,-199.52519,-698.6832,2509.0254
12.4014,0.0,0.0,0.0,0.43301272,-197.99263,-704.8143,2515.331
12.646748,0.0,0.0,0.0,0.43301272,-199.41522,-699.8086,2511.1497
13.564656,0.0,0.0,0.0,0.43301272,-201.92725,-704.9866,2515.0413
14.28481,0.0,0.0,0.0,0.43301272,-201.30876,-711.04706,2519.4353
14.206399,0.0,0.0,0.0,0.43301272,-199.12306,-699.11487,2515.6868
14.084342,0.0,0.0,0.0,0.43301272,-196.70859,-704.0741,2516.783
13.962666,0.0,0.0,0.0,0.43301272,-199.26369,-700.1074,2520.6313
13.625446,0.0,0.0,0.0,0.43301272,-201.31088,-696.23114,2521.8674
