14.911762,0.031780932,-0.93412554,-0.023380278,0.4278992,-64.50439,254.27148,2292.378
14.234067,0.007953774,-0.9538266,0.033917,0.42646202,-65.77158,253.02475,2290.6917
14.087619,-0.0069536706,-0.94883275,0.01377613,0.42702118,-63.859287,253.41164,2289.661
13.689894,-0.012973248,-0.944639,0.006642236,0.42725018,-61.53216,254.0841,2289.147
13.1681385,-0.028975544,-0.95617086,-0.0067668734,0.42744666,-60.293346,254.5368,2288.2556
13.177454,-0.0069057723,-0.940511,-0.013640045,0.42772868,-59.78257,253.27321,2287.923
13.134332,-0.014641032,-0.9467198,-0.030755933,0.4280464,-58.214725,253.70682,2286.7986
13.410063,-0.056023523,-0.8969319,-0.031074587,0.42876735,-66.05372,253.75337,2282.67
14.212628,-0.040641192,-0.8858874,0.045336254,0.42718336,-72.26498,251.24504,2282.6157
14.149206,-0.041589826,-0.9382511,0.07006307,0.42599604,-66.40287,253.26424,2284.9995
14.8269,-0.009892711,-0.9251305,-0.0040508984,0.42771855,-59.284496,256.59235,2287.8152
14.861055,-0.017928248,-0.8954563,-0.038549207,0.42884457,-50.259254,256.67346,2283.187
14.787489,-0.05399454,-0.92361736,-0.09463114,0.42979887,-55.060368,248.66507,2285.0154
14.102688,-0.064518586,-0.88685185,-0.050969392,0.42932972,-57.382496,242.52974,2283.1082
13.989975,-0.09270884,-0.87157804,-0.044624772,0.4294301,-57.0793,242.25395,2282.5366
13.946693,-0.08202783,-0.877912,-0.03509005,0.42913234,-56.186676,241.99953,2283.445
13.466551,-0.080738485,-0.8929386,-0.060422383,0.42949986,-57.308052,242.6092,2284.6436
13.500469,-0.05676724,-0.8984118,-0.054326303,0.42924973,-57.474792,242.14288,2285.2937
13.592894,-0.06309628,-0.8805288,-0.045680154,0.42928508,-59.086266,242.14073,2287.55
14.136606,-0.026879579,-0.8820141,-0.02603598,0.4287554,-60.064323,242.18683,2288.4475
14.718174,-0.004953305,-0.9158687,-0.02338755,0.42823797,-61.13286,236.90585,2289.082
14.348143,-0.023937095,-1.1121818,0.0492285,0.42396578,-72.54662,229.57939,2292.6956
14.190796,0.0046517933,-1.0114578,0.084483854,0.4245466,-66.06655,231.1789,2294.5364
14.10034,-0.0024046896,-0.974147,0.03132653,0.4262878,-63.282673,229.16333,2294.3374
13.538318,0.038615365,-0.8928178,-0.0033202593,0.42794558,-59.127644,233.59573,2298.4158
13.59161,0.048160646,-0.8885537,-0.02082447,0.42834672,-52.603497,235.60829,2298.54
13.179809,0.025280345,-0.8711165,-0.06578659,0.4295824,-54.59648,233.39064,2296.6343
13.070456,0.012774559,-0.8579842,-0.06525291,0.42975524,-55.78107,232.50838,2295.7634
13.181971,0.0026847469,-0.89488316,-0.060967606,0.42927167,-57.262417,231.6534,2298.4126
12.829162,0.01250594,-1.0056205,-0.057692606,0.4277742,-53.800087,239.02509,2303.9011
12.937306,0.040282313,-1.0508589,-0.090286076,0.42774415,-54.487816,245.4802,2303.633
