13.797957,0.0,0.0,0.0,0.43301272,54.302322,-157.7383,1657.2517
13.810519,0.0,0.0,0.0,0.43301272,251.57124,43.81073,1729.302
13.186955,0.0,0.0,0.0,0.43301272,337.80664,-28.69719,1772.7245
13.471892,0.0,0.0,0.0,0.43301272,349.6699,6.783844,1756.1174
13.498364,0.0,0.0,0.0,0.43301272,417.1823,-118.906586,1768.8431
13.714079,0.0,0.0,0.0,0.43301272,480.9977,-118.13533,1755.9816
13.456645,0.0,0.0,0.0,0.43301272,494.93158,183.8432,2061.3772
13.751699,0.0,0.0,0.0,0.43301272,507.97626,203.7735,2010.6677
13.605587,0.0,0.0,0.0,0.43301272,432.92618,-50.051697,2301.5007
13.976108,0.0,0.0,0.0,0.43301272,396.68555,-38.630188,2261.9038
13.928745,0.0,0.0,0.0,0.43301272,383.77112,-57.38391,2249.1558
13.694706,0.0,0.0,0.0,0.43301272,370.0411,-42.336548,2240.0938
13.852257,0.0,0.0,0.0,0.43301272,377.23376,-57.73987,2267.7554
14.157858,0.0,0.0,0.0,0.43301272,389.8909,-100.548096,2358.8503
14.164597,0.0,0.0,0.0,0.43301272,394.4253,-105.96301,2382.4236
13.892562,0.0,0.0,0.0,0.43301272,383.76178,-114.75723,2443.5476
13.792268,0.0,0.0,0.0,0.43301272,341.39688,-110.19403,2476.5156
14.163074,0.0,0.0,0.0,0.43301272,331.0038,29.322159,2678.6978
14.097357,0.0,0.0,0.0,0.43301272,325.45688,-0.5423126,2626.6477
14.062597,0.0,0.0,0.0,0.43301272,347.1919,-105.899124,2627.4905
14.010215,0.0,0.0,0.0,0.43301272,365.32062,-48.762817,2664.616
13.617797,0.0,0.0,0.0,0.43301272,366.23288,-46.37561,2711.528
13.365145,0.0,0.0,0.0,0.43301272,404.8794,-79.368286,2752.0938
12.848464,0.0,0.0,0.0,0.43301272,411.84595,-84.21173,2791.2942
12.71738,0.0,0.0,0.0,0.43301272,336.16174,-149.87381,2871.5952
12.479215,0.0,0.0,0.0,0.43301272,348.71667,-114.69656,2838.4268
12.832701,0.0,0.0,0.0,0.43301272,-44.532578,-46.781586,2846.118
