13.57954,0.0,0.0,0.0,0.43301272,-110.039,6.9593353,1815.2926
13.847774,0.0,0.0,0.0,0.43301272,-72.714005,5.9390564,1795.9407
14.074152,0.0,0.0,0.0,0.43301272,-35.598095,7.3672333,1779.3296
14.267007,0.0,0.0,0.0,0.43301272,-0.10836029,3.7031555,1768.0404
14.418749,0.0,0.0,0.0,0.43301272,50.83628,-7.7363434,1784.6151
14.707698,0.0,0.0,0.0,0.43301272,85.25726,-13.611938,1727.6802
14.752159,0.0,0.0,0.0,0.43301272,125.12091,-4.513672,1718.5881
14.4284315,0.0,0.0,0.0,0.43301272,174.95493,-15.013306,1714.6343
14.136006,0.0,0.0,0.0,0.43301272,369.39307,-53.94806,1707.7606
13.118632,0.0,0.0,0.0,0.43301272,465.4629,152.41948,1718.874
13.490938,0.0,0.0,0.0,0.43301272,222.37497,176.79958,2204.2668
13.406168,0.0,0.0,0.0,0.43301272,504.00476,57.01236,1755.9484
13.384142,0.0,0.0,0.0,0.43301272,579.03644,31.784973,1873.1046
13.327194,0.0,0.0,0.0,0.43301272,463.17535,102.87231,1907.3789
13.225426,0.0,0.0,0.0,0.43301272,206.61905,364.2112,2220.0903
13.42298,0.0,0.0,0.0,0.43301272,388.31924,49.01999,2266.7976
13.711467,0.0,0.0,0.0,0.43301272,364.10953,-71.61304,2403.6082
14.0155115,0.0,0.0,0.0,0.43301272,398.62848,152.22665,2268.449
13.883427,0.0,0.0,0.0,0.43301272,363.93686,-8.598358,2394.0352
13.874628,0.0,0.0,0.0,0.43301272,374.6218,-51.062378,2392.5073
14.039844,0.0,0.0,0.0,0.43301272,385.29828,-84.62787,2391.374
13.889365,0.0,0.0,0.0,0.43301272,434.67374,-7.7674713,2504.1362
13.584704,0.0,0.0,0.0,0.43301272,379.9942,-306.12326,2487.0708
13.8898115,0.0,0.0,0.0,0.43301272,374.69025,-322.90286,2488.0977
13.7928505,0.0,0.0,0.0,0.43301272,360.86182,-244.82318,2502.6724
13.80154,0.0,0.0,0.0,0.43301272,372.05173,-147.74355,2447.6333
13.97447,0.0,0.0,0.0,0.43301272,321.2479,-162.03085,2407.373
14.229952,0.0,0.0,0.0,0.43301272,403.23502,-267.9236,2378.9673
14.021746,0.0,0.0,0.0,0.43301272,381.05878,-125.91434,2401.7158
14.216305,0.0,0.0,0.0,0.43301272,297.79004,-115.99954,2508.6416
14.180153,0.0,0.0,0.0,0.43301272,187.30133,-108.22687,2452.789
14.246197,0.0,0.0,0.0,0.43301272,253.96196,-50.57361,2857.272
14.115638,0.0,0.0,0.0,0.43301272,243.58173,-58.261322,2887.7754
13.47203,0.0,0.0,0.0,0.43301272,168.56215,-172.09865,2990.641
13.4023,0.0,0.0,0.0,0.43301272,181.91711,-74.254456,2939.3032
13.1735935,0.0,0.0,0.0,0.43301272,215.56798,-57.59616,2933.3257
13.52754,0.0,0.0,0.0,0.43301272,180.3123,-60.813354,2943.8914
