9.3758545,0.0,0.0,0.0,0.43301272,489.32782,-23.371307,2199.914
9.367066,0.0,0.0,0.0,0.43301272,493.1629,-55.989197,2209.2249
9.391162,0.0,0.0,0.0,0.43301272,489.0064,-41.62845,2229.9148
9.157568,0.0,0.0,0.0,0.43301272,475.00555,-118.0663,2295.7131
9.167948,0.0,0.0,0.0,0.43301272,449.89047,-103.619995,2275.3208
9.208731,0.0,0.0,0.0,0.43301272,387.7827,-137.69177,2308.0764
9.487174,0.0,0.0,0.0,0.43301272,345.59753,128.87764,2493.0718
9.519546,0.0,0.0,0.0,0.43301272,432.91223,-142.90741,2391.6196
9.056851,0.0,0.0,0.0,0.43301272,427.81805,-78.896515,2394.3127
9.426495,0.0,0.0,0.0,0.43301272,270.32394,-34.337967,2686.6523
9.4297085,0.0,0.0,0.0,0.43301272,332.71942,37.89662,2639.384
9.610146,0.0,0.0,0.0,0.43301272,214.39427,-6.194153,2689.2495
9.957266,0.0,0.0,0.0,0.43301272,132.08476,-1.312027,2682.0305
10.027497,0.0,0.0,0.0,0.43301272,59.621338,-16.233566,2646.1172
10.074039,0.0,0.0,0.0,0.43301272,5.05101,-21.543198,2609.5396
10.601892,0.0,0.0,0.0,0.43301272,-35.69374,-40.42694,2579.0908
10.690014,0.0,0.0,0.0,0.43301272,-63.50219,-51.38205,2553.7285
10.601988,0.0,0.0,0.0,0.43301272,-45.13688,-71.943115,2563.0396
10.694691,0.0,0.0,0.0,0.43301272,-71.84531,-78.34372,2563.6633
10.681625,0.0,0.0,0.0,0.43301272,-101.72093,-82.44052,2557.0164
10.560007,0.0,0.0,0.0,0.43301272,-131.17413,-94.680145,2530.6443
10.560044,0.0,0.0,0.0,0.43301272,-172.23592,-101.30597,2501.442
10.4762945,0.0,0.0,0.0,0.43301272,-217.0529,-101.99896,2441.7678
10.391511,0.0,0.0,0.0,0.43301272,-255.63213,-96.294525,2374.7705
10.537576,0.0,0.0,0.0,0.43301272,-284.7322,-83.11688,2316.428
10.609573,0.0,0.0,0.0,0.43301272,-340.02722,-59.576538,2163.1177
10.620842,0.0,0.0,0.0,0.43301272,-331.2643,-42.90396,2084.3135
10.799669,0.0,0.0,0.0,0.43301272,-318.28326,-28.146637,2023.041
10.56728,0.0,0.0,0.0,0.43301272,-265.39276,-18.890717,1976.2964
10.436594,0.0,0.0,0.0,0.43301272,-208.81302,-14.599365,1937.2075
10.526412,0.0,0.0,0.0,0.43301272,-175.83946,2.2229004,1896.7378
10.3088,0.0,0.0,0.0,0.43301272,-153.873,14.798462,1845.3204
10.226573,0.0,0.0,0.0,0.43301272,-133.4537,29.113403,1795.09
10.115706,0.0,0.0,0.0,0.43301272,-115.50733,49.80133,1736.385
10.076052,0.0,0.0,0.0,0.43301272,-91.645775,65.89621,1672.1793
