13.960017,0.50290114,0.7038772,0.19245552,0.4632581,72.309555,504.5,2801.392
13.864266,0.14773482,0.5354818,0.65518206,0.5120254,-175.65555,540.3614,2753.5146
13.722179,0.07305679,0.7951621,1.9647202,0.26938847,-213.63042,536.6248,2705.8179
13.767603,0.22781654,0.70421016,1.9845619,0.26722625,-255.4153,553.4704,2678.5503
13.877248,0.27107957,0.6990647,1.9559878,0.26312417,-312.9033,551.511,2599.4666
14.178037,0.32452133,0.5423468,2.0152862,0.26532966,-333.5194,561.5996,2561.3416
14.074462,0.23393202,0.45797855,2.0573883,0.26716888,-340.40533,584.083,2484.825
13.889629,-0.14191063,0.596149,1.9940162,0.2634785,-338.17834,607.7236,2403.9463
13.964951,0.20280732,0.36847466,2.0804763,0.2675631,-338.4503,610.0303,2357.255
13.72991,-0.021110406,0.29358032,2.118872,0.27140963,-333.0982,604.73865,2277.7852
13.982293,-0.26113904,0.00715931,2.1399372,0.27378556,-328.55258,604.3255,2203.2488
14.169762,-0.26964274,-0.07738441,2.1328626,0.27261153,-311.15152,601.2967,2143.8916
14.294408,-0.6337536,-0.4696364,2.0824819,0.28366905,-243.34972,591.9393,2035.043
14.642177,-0.520599,-0.9642203,1.7675357,0.26005632,-200.22046,602.0014,1986.0941
14.255073,-1.1294107,-1.0117084,1.6629478,0.28135455,-139.88689,574.4972,1911.8252
14.187735,-1.0458546,-1.111785,1.574309,0.27460474,-112.52589,556.8612,1905.2393
14.38131,-1.098219,-1.2606735,1.4640675,0.27828547,-41.171875,496.41818,2003.3102
14.554951,-1.5543284,-2.1315048,-0.90332705,0.3525337,145.25134,369.15533,1991.2745
14.734962,-1.2568802,-1.946878,-0.7061902,0.32052255,139.59183,350.46783,1922.5979
29.658932,-0.7010355,0.039813783,2.0164027,0.26813948,393.74405,483.74158,2245.6204
27.834856,-0.64193434,0.024436854,2.0403388,0.26898748,406.33728,533.9354,2251.5435
26.36363,-0.8788781,0.06931939,1.989663,0.27405655,424.17776,536.45764,2235.1436
25.066694,-0.6461367,-0.16359799,2.063141,0.27308524,434.4,550.02167,2266.1584
23.4234,-0.75955796,-0.36586896,1.9433417,0.26479983,429.59848,541.688,2268.196
22.734793,-0.7877181,-0.49024844,1.9239833,0.2670145,426.32455,515.6731,2283.379
21.97568,-0.9735392,-0.40357327,1.9689062,0.28038925,418.70612,431.15613,2325.5037
