14.781892,-0.11396105,-1.1096855,-2.861173,0.39609796,198.5281,579.9445,2107.1802
14.451536,1.3175275,1.5161711,-2.680335,0.41892636,259.49103,512.07056,1996.8798
14.288405,0.40265596,-2.0375388,-1.4694263,0.31955427,258.01465,530.8044,2010.0387
14.012251,0.88270456,-0.44156307,0.08400273,-0.13710678,337.02234,452.20898,1752.0363
14.232636,-0.6605988,0.71437925,0.19769031,0.11912206,359.53055,523.94507,2096.1099
14.481715,0.79072404,-0.5995683,-0.038669325,-0.11737964,456.9831,564.15857,1889.9509
13.976187,0.8281586,-0.54810166,0.06713953,-0.09607339,495.81055,553.82654,1908.7283
13.931466,-0.63859177,0.7688402,0.017108534,-0.028154086,531.0366,543.7841,2197.2405
14.303198,0.7506008,-0.4594831,0.3095686,-0.36005697,643.0888,536.9167,2024.4753
14.593344,0.6906078,-0.4486029,0.33433047,-0.45830062,631.78436,536.7026,2081.5984
14.932209,0.713768,-0.42631906,0.35560435,-0.4270043,633.94147,541.67175,2104.4976
14.9725895,-1.6074805,0.887536,-1.2589651,0.30447125,686.271,526.8728,2241.2935
15.18835,-1.4823759,0.84690946,-1.3975713,0.30893257,724.9344,446.16412,2312.2993
15.311788,-1.1894523,-0.0024247994,-3.2565973,0.4356541,714.57367,478.2671,2367.263
15.586428,-1.8580917,0.96639836,-2.1290216,0.37563035,615.05707,525.1288,2479.7434
15.5903425,-2.060087,0.69481707,-2.2433004,0.3912044,555.2721,569.5216,2428.7607
15.795104,0.61196905,-0.50083023,-0.24563585,-0.56064767,642.62726,368.63116,2829.9246
15.846544,0.66688156,-0.60207933,0.25357914,-0.35842282,499.3916,537.625,2486.7197
15.996715,0.58983546,-0.54183143,0.34954748,-0.48613703,529.964,553.6217,2520.214
15.973175,-0.5568018,0.568855,-0.29352853,0.52935493,475.96643,530.9368,2509.6
15.931014,-1.3660969,1.2194945,-0.9298412,0.26916128,429.20905,526.02765,2510.5361
15.161701,-1.3162937,1.0913734,-2.4396791,0.37807047,353.36807,554.3908,2532.0647
15.246115,-1.3290787,1.3383521,-1.8124077,0.33586913,336.93094,528.3032,2527.3645
14.771768,-1.2032447,1.340813,-1.2171928,0.28480548,274.37656,536.1431,2522.673
14.818722,-1.2788453,1.3586354,-1.4890329,0.30974972,272.36496,510.4602,2518.2275
14.340679,-1.0114175,1.2348071,-1.0993527,0.26303348,150.80849,504.2824,2530.1638
14.260736,-1.5844975,1.4238914,-1.7100387,0.34330788,56.38832,523.8667,2534.134
14.384395,-1.5360962,1.4403048,-1.8628803,0.3526534,48.687675,554.0968,2542.116
14.27656,-1.5428652,1.294414,-2.3908193,0.39111456,-17.127682,555.5158,2549.4917
14.483469,-1.5275896,1.1471105,-2.602917,0.40535316,-35.115314,555.3209,2540.7424
14.183816,-1.3964266,0.7953109,-2.9499106,0.42436054,-38.291306,562.6806,2537.7175
