10.055236,-0.2524913,-0.91018116,-3.2888963,0.4277951,164.44487,646.51196,1882.4288
10.059698,-0.20394064,-0.7351658,-3.3562424,0.43032056,187.09258,649.91565,1830.1537
10.013688,-0.16395898,-0.5910397,-3.398866,0.4318086,221.32742,640.2367,1791.4635
9.967915,-0.13145538,-0.47387064,-3.4255369,0.4326575,278.833,640.79095,1791.6676
9.206742,-0.10523144,-0.37933847,-3.4420283,0.43311793,320.29703,626.2273,1867.7119
9.279036,-0.08416789,-0.30340856,-3.4520836,0.4333461,357.32123,606.0094,1902.8662
9.329289,-0.067292534,-0.2425763,-3.4581065,0.43343893,392.04495,601.6539,1935.9062
9.335369,-0.053791467,-0.19390756,-3.461625,0.43345582,425.08017,606.4462,1973.9977
9.17783,-0.042997926,-0.15499902,-3.4636056,0.4334325,454.62225,612.98615,2013.9683
9.147098,-0.03437166,-0.12390299,-3.464656,0.43339035,483.46628,612.8083,2050.8516
9.212431,-0.027478153,-0.09905329,-3.465154,0.43334153,503.48087,610.4522,2085.293
9.238854,0.76310676,-1.0948602,-2.5487237,0.37502915,512.83215,606.081,2121.9194
9.252889,0.78564197,-1.0189277,-1.3660703,0.280121,514.45483,609.1834,2169.7874
9.292715,-0.47456557,0.5864758,0.5460406,-0.36424357,521.3821,599.1714,2198.8433
9.188247,-0.54750556,0.6498025,0.45334807,-0.2692024,518.82355,599.22144,2231.189
9.474611,-0.608982,0.6933606,0.35334808,-0.15341814,496.35016,601.349,2293.033
9.650542,-0.64681643,0.71110874,0.27080613,-0.05115591,480.22287,609.6876,2341.6875
9.698828,0.6865937,-0.68622404,-0.06856816,-0.23018241,468.39816,603.9064,2377.4424
9.72047,0.6917975,-0.6746332,-0.047076963,-0.25312045,455.03455,602.02954,2407.151
9.815061,0.6967352,-0.6655487,-0.024790797,-0.26644015,444.09006,601.2403,2428.923
10.023515,-0.66099566,0.66660225,-0.09371566,0.3315773,447.27948,611.7614,2428.603
9.769931,-0.5969428,0.63537055,-0.23087297,0.4320432,459.11575,631.30646,2435.499
9.823925,-0.5420958,0.59158754,-0.32457674,0.50080556,458.03064,631.909,2442.5642
9.836914,-0.49518022,0.5505272,-0.3753714,0.55750567,446.1944,630.70496,2446.8699
9.877634,-1.2136036,1.2877717,-0.9855459,0.2659463,419.10165,626.0093,2441.864
9.820664,0.67165697,-0.62076896,0.18849435,-0.35776052,392.2787,611.3516,2437.287
9.83046,0.66415346,-0.61360276,0.20912218,-0.37237054,367.3075,606.5109,2428.317
9.676517,0.6239533,-0.57793015,0.276318,-0.44757947,334.874,599.14514,2414.7336
9.6012745,0.5449052,-0.524606,0.35403487,-0.5500237,302.21405,594.38025,2406.9573
9.618811,-1.4434377,1.4835624,-1.5607176,0.32739115,236.01135,585.1416,2396.651
9.557909,-1.5060301,1.4897964,-1.5948328,0.3335462,203.74063,584.26666,2399.3877
9.457852,-1.5777211,1.4954013,-1.916172,0.3622387,167.36803,584.73175,2398.1301
