9.167058,0.0,0.0,0.0,0.43301272,226.88092,-723.41516,2418.008
9.237815,0.0,0.0,0.0,0.43301272,229.51382,-751.18823,2438.0356
9.330341,0.0,0.0,0.0,0.43301272,230.8185,-746.24005,2436.361
9.367405,0.0,0.0,0.0,0.43301272,227.28659,-755.5386,2428.9414
9.347849,0.0,0.0,0.0,0.43301272,144.60838,-686.13007,2367.155
9.296429,0.0,0.0,0.0,0.43301272,39.71222,-737.78094,2300.9795
9.118296,0.0,0.0,0.0,0.43301272,-33.664272,-728.20764,2166.3132
8.945287,0.0,0.0,0.0,0.43301272,-48.915833,-689.098,2038.6567
9.010148,0.0,0.0,0.0,0.43301272,-58.53411,-694.4649,2034.2268
9.056938,0.0,0.0,0.0,0.43301272,-13.912365,-755.1504,2115.1125
9.088888,0.0,0.0,0.0,0.43301272,0.00944519,-732.55054,2376.1892
9.065234,0.0,0.0,0.0,0.43301272,5.6731033,-708.9542,2353.191
8.879811,0.0,0.0,0.0,0.43301272,-1.7702408,-687.0668,2374.5544
8.925156,0.0,0.0,0.0,0.43301272,-10.602264,-669.556,2304.5864
8.935937,0.0,0.0,0.0,0.43301272,-32.44413,-727.8433,2087.3567
8.960617,0.0,0.0,0.0,0.43301272,44.11815,-675.0782,2118.2385
9.0372305,0.0,0.0,0.0,0.43301272,169.92152,-721.464,1871.6858
9.08009,0.0,0.0,0.0,0.43301272,215.78104,-825.2329,1795.7124
9.120919,0.0,0.0,0.0,0.43301272,227.81924,-814.6116,1813.3589
9.180783,0.0,0.0,0.0,0.43301272,335.50244,-826.0845,1789.502
9.216965,0.0,0.0,0.0,0.43301272,243.02744,-837.4446,1900.6985
9.211495,0.0,0.0,0.0,0.43301272,260.17145,-820.4487,1876.4523
9.13781,0.0,0.0,0.0,0.43301272,625.73267,-751.8878,1794.9287
9.093024,0.0,0.0,0.0,0.43301272,605.24695,-715.2001,1940.588
9.044512,0.0,0.0,0.0,0.43301272,711.5068,-651.8484,1978.2507
