8.987872,0.0,0.0,0.0,0.43301272,2.5258007,-577.3509,2379.454
8.934538,0.0,0.0,0.0,0.43301272,-115.86389,-540.2923,1921.2524
8.89063,0.0,0.0,0.0,0.43301272,-47.808502,-605.82117,2293.3755
8.817762,0.0,0.0,0.0,0.43301272,-127.38897,-645.95386,2084.209
8.766968,0.0,0.0,0.0,0.43301272,-129.11311,-567.8142,2226.2563
8.829129,0.0,0.0,0.0,0.43301272,-133.76343,-662.37976,2173.5054
8.782376,0.0,0.0,0.0,0.43301272,-150.54932,-698.82495,2125.8376
8.825158,0.0,0.0,0.0,0.43301272,-142.5988,-678.2151,2089.6077
8.815302,0.0,0.0,0.0,0.43301272,-134.40607,-662.28296,2045.4291
8.833639,0.0,0.0,0.0,0.43301272,-143.52716,-693.0597,1902.5472
8.865207,0.0,0.0,0.0,0.43301272,-60.311546,-664.13416,2006.1193
8.85966,0.0,0.0,0.0,0.43301272,-85.172455,-614.46265,1986.4153
8.896429,0.0,0.0,0.0,0.43301272,24.29906,-561.2119,1927.7375
8.897076,0.0,0.0,0.0,0.43301272,194.23708,-476.9698,1678.0831
8.826473,0.0,0.0,0.0,0.43301272,64.942184,-644.5285,1604.6663
8.823085,0.0,0.0,0.0,0.43301272,178.03181,-630.8406,2006.1046
8.863783,0.0,0.0,0.0,0.43301272,148.22916,-624.1091,1990.2314
8.892134,0.0,0.0,0.0,0.43301272,102.161354,-661.62915,1956.8518
8.915681,0.0,0.0,0.0,0.43301272,61.79567,-753.08057,1967.3064
8.912915,0.0,0.0,0.0,0.43301272,184.09348,-702.73816,1900.4177
8.937445,0.0,0.0,0.0,0.43301272,215.97418,-540.8004,1801.6622
8.984751,0.0,0.0,0.0,0.43301272,423.32413,-609.1468,1613.7896
8.900006,0.0,0.0,0.0,0.43301272,476.61017,-558.98126,1521.2521
8.880459,0.0,0.0,0.0,0.43301272,516.10175,-580.0849,1453.582
8.819618,0.0,0.0,0.0,0.43301272,550.7402,-592.1753,1652.3213
8.694952,0.0,0.0,0.0,0.43301272,605.5724,-556.57556,1784.5641
8.709824,0.0,0.0,0.0,0.43301272,621.4354,-633.6319,1783.4427
8.743168,0.0,0.0,0.0,0.43301272,555.4495,-587.82245,1890.4496
8.769759,0.0,0.0,0.0,0.43301272,702.3099,-551.8973,1687.106
8.847806,0.0,0.0,0.0,0.43301272,721.9422,-622.0658,2118.5557
8.910381,0.0,0.0,0.0,0.43301272,609.40436,-695.5733,1848.5646
8.90523,0.0,0.0,0.0,0.43301272,709.8894,-681.0222,2024.8663
