9.409896,0.0,0.0,0.0,0.43301272,227.885,-508.867,2031.358
9.447418,0.0,0.0,0.0,0.43301272,232.26001,-483.54205,2035.5316
9.400211,0.0,0.0,0.0,0.43301272,298.47818,-368.74612,2043.9535
9.301313,0.0,0.0,0.0,0.43301272,482.68384,-412.31067,1904.9565
9.324878,0.0,0.0,0.0,0.43301272,549.56445,-599.56976,1836.3796
9.33198,0.0,0.0,0.0,0.43301272,336.40002,-499.45282,1802.0785
9.284325,0.0,0.0,0.0,0.43301272,459.05212,-541.12933,1803.7559
9.244209,0.0,0.0,0.0,0.43301272,487.17017,-453.5376,1726.9629
9.216318,0.0,0.0,0.0,0.43301272,525.5518,-468.74048,1704.8729
9.25786,0.0,0.0,0.0,0.43301272,560.9907,-562.0333,1759.8414
9.288881,0.0,0.0,0.0,0.43301272,660.42615,-628.0126,1914.1798
9.338025,0.0,0.0,0.0,0.43301272,611.14453,-537.76843,2210.382
9.293087,0.0,0.0,0.0,0.43301272,660.9644,-573.473,2240.3977
9.337037,0.0,0.0,0.0,0.43301272,746.78326,-556.5901,1858.9597
9.418394,0.0,0.0,0.0,0.43301272,743.9164,-628.0244,1932.6703
9.4762745,0.0,0.0,0.0,0.43301272,703.5249,-661.26074,1985.2954
9.473409,0.0,0.0,0.0,0.43301272,680.7944,-614.2058,2012.1628
9.497792,0.0,0.0,0.0,0.43301272,663.52124,-651.7471,2437.1428
9.441012,0.0,0.0,0.0,0.43301272,771.1775,-636.5868,2469.7942
9.49058,0.0,0.0,0.0,0.43301272,550.5144,-569.71106,2304.6494
9.457187,0.0,0.0,0.0,0.43301272,847.50494,-829.94995,2374.32
9.419061,0.0,0.0,0.0,0.43301272,953.95123,-578.9253,2196.0774
9.124618,0.0,0.0,0.0,0.43301272,862.332,-630.74585,2246.1782
9.221935,0.0,0.0,0.0,0.43301272,490.61234,-568.5514,2244.2668
9.161774,0.0,0.0,0.0,0.43301272,387.2733,-627.8489,2461.2664
9.181997,0.0,0.0,0.0,0.43301272,406.41455,-664.78595,2380.391
9.168741,0.0,0.0,0.0,0.43301272,214.1315,-698.349,2405.2708
9.247709,0.0,0.0,0.0,0.43301272,253.92856,-774.3397,2465.478
9.27329,0.0,0.0,0.0,0.43301272,353.62946,-709.1806,2375.6
9.280555,0.0,0.0,0.0,0.43301272,341.23166,-703.7012,2372.1084
9.199766,0.0,0.0,0.0,0.43301272,340.2884,-668.9636,2356.3877
9.127772,0.0,0.0,0.0,0.43301272,79.210266,-670.0157,2315.8867
9.001063,0.0,0.0,0.0,0.43301272,39.222233,-667.9325,2305.0618
