12.379228,0.0,0.0,0.0,0.43301272,175.66273,-715.54065,2506.5847
12.143677,0.0,0.0,0.0,0.43301272,261.18433,-706.8684,2618.41
11.695926,0.0,0.0,0.0,0.43301272,-31.738258,-771.71344,2470.1147
11.72786,0.0,0.0,0.0,0.43301272,189.75058,-736.28687,2569.0137
11.83818,0.0,0.0,0.0,0.43301272,115.387245,-763.93115,2529.889
11.694105,0.0,0.0,0.0,0.43301272,-43.905823,-755.98145,2442.9963
11.53681,0.0,0.0,0.0,0.43301272,-42.603638,-732.9813,2437.1584
11.593186,0.0,0.0,0.0,0.43301272,-33.389675,-731.08386,2441.244
11.739543,0.0,0.0,0.0,0.43301272,-51.741566,-742.17004,2463.9436
12.170046,0.0,0.0,0.0,0.43301272,-75.82477,-767.5742,2444.693
12.195167,0.0,0.0,0.0,0.43301272,-80.86154,-749.3156,2439.742
12.142822,0.0,0.0,0.0,0.43301272,-85.756584,-741.9857,2435.691
12.131769,0.0,0.0,0.0,0.43301272,-94.79764,-731.9426,2400.0784
12.187968,0.0,0.0,0.0,0.43301272,-141.44197,-723.5688,2300.296
12.008926,0.0,0.0,0.0,0.43301272,-157.58362,-711.303,2295.2534
11.853602,0.0,0.0,0.0,0.43301272,-168.45052,-694.65656,2242.9597
11.946419,0.0,0.0,0.0,0.43301272,-169.17757,-688.3665,2249.8806
12.025552,0.0,0.0,0.0,0.43301272,-166.50674,-674.26935,2252.1755
12.225914,0.0,0.0,0.0,0.43301272,-161.37617,-675.2748,2263.5767
12.339082,0.0,0.0,0.0,0.43301272,-162.62653,-677.40137,2262.9165
12.547115,0.0,0.0,0.0,0.43301272,-161.85371,-689.7152,2262.0288
12.88235,0.0,0.0,0.0,0.43301272,-160.63611,-698.50745,2254.1023
12.683365,0.0,0.0,0.0,0.43301272,-160.54597,-736.92126,2124.5022
12.898902,0.0,0.0,0.0,0.43301272,-130.85355,-745.0045,2064.2595
12.420388,0.0,0.0,0.0,0.43301272,-111.72471,-719.02234,2092.0366
12.439817,0.0,0.0,0.0,0.43301272,62.151173,-650.8871,1828.466
12.582514,0.0,0.0,0.0,0.43301272,88.370895,-602.82715,1831.1276
12.724345,0.0,0.0,0.0,0.43301272,152.95728,-722.3037,1806.8789
12.761619,0.0,0.0,0.0,0.43301272,155.48637,-699.19727,1809.0577
12.763058,0.0,0.0,0.0,0.43301272,184.88495,-664.8824,1842.7493
12.715626,0.0,0.0,0.0,0.43301272,122.6392,-672.2629,2092.9731
12.881403,0.0,0.0,0.0,0.43301272,159.38516,-633.8145,2098.3452
12.143998,0.0,0.0,0.0,0.43301272,223.70222,-657.78,2199.8633
11.974759,0.0,0.0,0.0,0.43301272,238.11195,-666.1721,2203.3735
11.790642,0.0,0.0,0.0,0.43301272,443.3645,-736.3789,2063.0999
11.677127,0.0,0.0,0.0,0.43301272,420.50653,-718.17163,1950.3698
11.715571,0.0,0.0,0.0,0.43301272,389.52252,-730.20074,2114.255
11.481696,0.0,0.0,0.0,0.43301272,449.15314,-717.2377,1967.2242
11.556675,0.0,0.0,0.0,0.43301272,369.1991,-665.7969,1795.0261
11.453946,0.0,0.0,0.0,0.43301272,511.6164,-628.3529,1801.501
11.331078,0.0,0.0,0.0,0.43301272,636.8322,-608.2411,1998.7412
11.328537,0.0,0.0,0.0,0.43301272,757.10504,-702.5985,2129.8308
11.285847,0.0,0.0,0.0,0.43301272,752.8343,-746.44336,2176.1118
11.438131,0.0,0.0,0.0,0.43301272,753.1558,-747.5343,2178.4985
11.364015,0.0,0.0,0.0,0.43301272,757.5169,-755.67175,2212.262
11.245366,0.0,0.0,0.0,0.43301272,769.55273,-765.8522,2259.876
11.090214,0.0,0.0,0.0,0.43301272,762.1594,-779.37067,2342.4133
11.035716,0.0,0.0,0.0,0.43301272,787.735,-741.779,2268.339
