8.239379,0.0,0.0,0.0,0.43301272,472.2559,-860.797,2412.893
8.083913,0.0,0.0,0.0,0.43301272,476.5904,-689.4772,2365.4136
7.823269,0.0,0.0,0.0,0.43301272,241.93198,-848.81085,2501.1582
7.6801043,0.0,0.0,0.0,0.43301272,183.17926,-906.471,2368.2822
7.502024,0.0,0.0,0.0,0.43301272,151.2679,-866.45105,2496.055
7.897023,0.0,0.0,0.0,0.43301272,128.613,-794.7895,2761.133
7.975423,0.0,0.0,0.0,0.43301272,126.43388,-809.7748,2590.8606
8.167777,0.0,0.0,0.0,0.43301272,156.32692,-852.74817,2596.3057
8.336838,0.0,0.0,0.0,0.43301272,-147.3606,-872.67993,2319.0068
8.162842,0.0,0.0,0.0,0.43301272,-153.70712,-893.7969,2292.8232
8.314493,0.0,0.0,0.0,0.43301272,-129.54718,-889.83606,2309.4265
8.451042,0.0,0.0,0.0,0.43301272,-214.28192,-943.3091,2397.4355
8.584186,0.0,0.0,0.0,0.43301272,-327.89804,-878.47266,2305.3813
8.6994295,0.0,0.0,0.0,0.43301272,-367.16144,-816.05444,2110.858
8.3408,0.0,0.0,0.0,0.43301272,-376.07724,-791.4337,2114.7458
8.440568,0.0,0.0,0.0,0.43301272,-375.93805,-821.29144,2124.1677
8.5354805,0.0,0.0,0.0,0.43301272,-380.55496,-807.43774,2090.0283
8.673858,0.0,0.0,0.0,0.43301272,-393.623,-780.8367,1975.7538
8.815228,0.0,0.0,0.0,0.43301272,-391.9121,-756.03925,1988.2627
8.543765,0.0,0.0,0.0,0.43301272,-396.44403,-712.5338,1945.174
