12.854306,0.0,0.0,0.0,0.43301272,256.5652,-996.68774,2248.7969
12.993009,0.0,0.0,0.0,0.43301272,229.36304,-856.54456,2082.1633
12.630283,0.0,0.0,0.0,0.43301272,597.3087,-694.3892,1863.5267
12.817052,0.0,0.0,0.0,0.43301272,724.5773,-783.24963,2202.914
12.799301,0.0,0.0,0.0,0.43301272,675.17194,-696.80005,1872.8088
12.824697,0.0,0.0,0.0,0.43301272,615.27325,-670.9705,2056.944
13.060994,0.0,0.0,0.0,0.43301272,622.9742,-716.3663,2368.4814
12.812482,0.0,0.0,0.0,0.43301272,626.7038,-764.8893,2333.9353
12.884144,0.0,0.0,0.0,0.43301272,632.6489,-838.9696,2532.5295
13.0948,0.0,0.0,0.0,0.43301272,641.57544,-849.3499,2495.648
13.105307,0.0,0.0,0.0,0.43301272,584.5395,-724.5332,2244.9302
13.235853,0.0,0.0,0.0,0.43301272,646.2295,-725.29285,2226.0693
13.259443,0.0,0.0,0.0,0.43301272,607.62964,-652.5105,2317.3508
13.278249,0.0,0.0,0.0,0.43301272,474.94586,-755.6666,2572.307
13.473986,0.0,0.0,0.0,0.43301272,495.0296,-756.2689,2938.884
13.090918,0.0,0.0,0.0,0.43301272,326.2708,-650.29407,2524.4072
12.768898,0.0,0.0,0.0,0.43301272,246.34567,-749.1195,2596.8386
12.554707,0.0,0.0,0.0,0.43301272,76.179596,-819.71106,2707.358
13.304047,0.0,0.0,0.0,0.43301272,136.19145,-835.8286,2648.731
13.900993,0.0,0.0,0.0,0.43301272,110.03136,-851.0258,2634.358
14.49304,0.0,0.0,0.0,0.43301272,86.83423,-825.2091,2601.6484
14.4390745,0.0,0.0,0.0,0.43301272,106.83098,-833.9424,2653.1003
14.081778,0.0,0.0,0.0,0.43301272,-7.001213,-782.9746,2831.0413
13.462167,0.0,0.0,0.0,0.43301272,-281.35083,-811.59937,2567.0823
13.331861,0.0,0.0,0.0,0.43301272,-346.87265,-823.2987,2556.2815
12.946149,0.0,0.0,0.0,0.43301272,-344.2942,-806.283,2523.5498
13.27704,0.0,0.0,0.0,0.43301272,-355.69473,-729.51416,2480.9233
13.353378,0.0,0.0,0.0,0.43301272,-361.5817,-802.72766,2510.2288
13.556582,0.0,0.0,0.0,0.43301272,-355.8182,-786.9865,2506.2742
13.850243,0.0,0.0,0.0,0.43301272,-357.95862,-778.19403,2476.4497
13.969018,0.0,0.0,0.0,0.43301272,-282.8131,-751.7201,2247.0234
12.984689,0.0,0.0,0.0,0.43301272,-353.93298,-844.2768,2446.2026
12.95793,0.0,0.0,0.0,0.43301272,-363.9269,-786.0177,2233.7957
12.622866,0.0,0.0,0.0,0.43301272,-355.2255,-653.0545,2148.9805
12.514428,0.0,0.0,0.0,0.43301272,-268.1795,-776.5248,2075.1748
12.770649,0.0,0.0,0.0,0.43301272,-104.90059,-685.93164,1936.2538
12.785952,0.0,0.0,0.0,0.43301272,-95.80349,-647.5741,1949.9275
12.81554,0.0,0.0,0.0,0.43301272,5.1077223,-779.8614,1951.9486
