9.461338,-0.69653213,2.0305662,-0.33886406,0.27292976,297.09683,501.12155,1518.6982
9.40432,-0.873839,2.1400723,-0.012884959,0.30354232,341.87982,445.81137,1532.9304
9.296317,-0.97046983,2.0529995,0.009018696,0.29499686,375.1847,465.44818,1563.1625
9.359979,-1.8169109,1.577799,0.29015213,0.3348335,401.80365,587.2715,1625.189
9.599328,-1.6249151,1.6922563,0.30032286,0.3504688,416.92554,554.3398,1628.4502
9.618788,-1.5936975,1.5861104,0.42000505,0.36179325,478.84097,478.14325,1691.3193
9.6299515,-1.6575556,1.6940228,0.2294917,0.35288808,495.63248,506.7373,1733.5554
9.837825,-2.0110807,1.1520346,0.5614866,0.36192545,537.861,566.2053,1781.0975
9.755083,-2.0353608,0.6803865,0.8189391,0.37441114,564.67786,573.83673,1805.0258
9.644087,-2.2444263,0.7907859,0.7469614,0.35442278,612.1552,643.1028,1873.6704
9.561425,-2.1715343,0.78830093,0.767226,0.36193725,666.6507,578.44006,1955.326
9.485684,-2.190851,0.3404814,0.91089964,0.37346378,659.2487,611.2928,1962.5488
9.461253,2.1669593,0.0759551,0.09016613,0.4135023,664.75836,605.29944,2051.044
9.401618,1.8223654,0.5945773,0.6532331,0.40444252,639.98004,522.32526,2114.629
9.39267,1.8513913,0.44410563,0.8718611,0.39615837,645.1,544.50366,2142.259
9.527301,1.9503294,0.094555646,0.72898686,0.39822313,611.87866,594.5909,2200.4216
9.586077,1.4520673,0.9560212,1.1579117,0.3866255,593.8748,541.0205,2231.0806
