12.687409,-0.61142886,-2.5640612,-0.5259419,0.37097076,-6.7971888,528.4538,2102.2302
12.691596,-1.1507561,-2.4776475,-0.49362028,0.3515494,50.56835,506.39688,2072.318
12.818499,0.36034757,0.711786,-0.18578203,-0.5735752,103.11903,458.9875,2120.44
13.073409,0.3781543,0.710629,-0.21553482,-0.5527593,132.8003,527.4117,2061.6736
13.089434,-0.5698807,-2.1079493,-0.5004961,0.28422287,259.3218,552.16016,1984.0115
13.196716,0.17729703,0.76720935,0.06790849,-0.6126474,273.2502,466.34918,1992.3186
13.012789,0.194225,0.79560524,0.2890291,-0.49572816,350.5353,536.44037,1996.1877
12.7214155,0.08915498,0.8009972,0.17590025,-0.5652479,458.1981,550.25745,2070.471
12.784802,0.12422668,0.7876281,0.17060925,-0.57887274,466.674,549.8084,2070.4197
12.955793,0.3087304,2.5575054,-0.8042484,0.37745586,495.73895,556.54,2109.5786
13.364106,-0.033431537,0.78308576,0.24755687,-0.5695305,563.1805,530.2692,2167.3416
13.58347,1.3880697,2.0583622,0.18918744,0.39219293,584.3119,490.70422,2103.1062
13.931997,0.24715477,-1.998243,-0.38124153,0.25629026,602.6488,551.8595,2245.4648
14.021416,1.5492413,1.8017303,-0.064145155,0.4094584,595.2521,514.0791,2247.9011
13.967911,2.0013537,1.7186528,-0.12323915,0.40712348,605.21136,507.41766,2275.1006
13.742121,2.143608,0.6566108,-0.26084682,0.42364782,645.68555,523.5827,2309.43
14.067175,1.9178977,0.866543,0.26942044,0.4132629,668.94,512.34125,2366.2683
14.277531,1.8976747,0.30406627,0.31067973,0.4137752,679.0295,514.3555,2381.2888
14.029053,1.1794983,0.47450316,0.3727954,0.42008293,640.2524,533.4986,2420.104
14.335426,1.000477,1.9586762,-0.08538424,0.40798315,658.272,374.37094,2470.1724
14.225296,0.01039641,0.83734745,0.26692483,0.47695598,606.20544,501.3647,2496.417
13.70471,0.15114717,2.1937509,0.76888067,0.32618484,527.8436,429.8097,2584.3628
14.054791,-0.023195548,0.686336,0.22229928,0.6920844,505.78708,497.5468,2602.2908
14.124911,-0.042720217,0.71041137,0.24530599,0.6582615,490.01056,488.9745,2599.9312
14.545018,-0.07838793,0.7082343,0.21454288,0.66799974,462.9784,484.7876,2608.2866
14.838593,-0.12804812,0.79592794,0.19500539,0.5586284,422.16318,501.20038,2628.742
15.149324,-0.13306352,0.6850114,0.2457578,0.6727925,388.15268,484.17065,2637.4272
15.238197,-0.15193115,0.73759866,0.22529304,0.6181426,352.86057,481.42795,2648.6365
14.946107,-0.19544496,0.72624415,0.1238837,0.647314,152.68936,517.7021,2724.8306
15.1318655,-0.20687419,0.768908,0.09978061,0.5966725,136.3889,517.3678,2730.3672
15.449768,-0.69078815,1.9224147,0.65601844,0.2826018,106.74558,522.87146,2723.6392
15.5933275,-0.24424759,0.68285275,0.123385966,0.6773657,74.01451,522.67957,2710.4246
15.789981,-0.5778408,2.194408,0.36663187,0.3156679,-36.20256,537.81824,2652.0845
15.393557,-0.7401824,1.8026853,0.5756262,0.37504515,-58.444054,546.81445,2635.4219
