9.167058,0.13653587,1.4451036,0.21643223,0.41382483,185.88498,26.75145,2380.9468
9.237815,0.10365318,1.5704427,0.3835359,0.4055002,149.88423,29.618317,2392.9907
9.330341,0.08586437,1.435256,0.43382558,0.40758958,122.644005,67.37161,2368.9695
9.367405,-0.0064825593,1.2571568,0.14941952,0.41891786,82.06022,123.1172,2334.183
9.347849,0.48243815,1.8318787,0.07121609,0.4080803,50.357002,115.14769,2324.6704
9.296429,0.6355921,1.2892581,0.07339968,0.4215819,23.866909,80.30002,2306.461
9.118296,0.726131,0.816636,0.10028858,0.42678383,3.077164,97.1185,2287.5688
8.945287,0.83779705,0.1069357,-0.0151423905,0.43137124,-1.0977006,105.62485,2287.929
9.010148,0.8917707,0.01865574,-0.10886337,0.43285924,-2.6814384,97.44141,2222.8276
9.056938,0.5136127,-0.17304257,0.01852898,0.4313631,-0.29919243,92.08287,2203.7751
9.088888,0.015885497,-0.8637372,0.17794336,0.42423856,3.6812377,96.745605,2184.0269
9.065234,-0.048865125,-1.1609031,0.19544701,0.4197542,15.549408,122.47128,2129.1519
8.879811,-0.14707951,-1.683213,0.1538845,0.40911663,24.317532,121.817535,2099.372
8.925156,-0.14606965,-1.5908356,0.27482796,0.40841952,34.486122,121.89485,2067.4346
8.935937,-0.40339765,-1.9158033,0.23674078,0.3995482,51.650043,113.78496,2055.2422
8.960617,0.4671415,-2.237791,0.3619722,0.34294847,60.789467,134.88205,2066.5186
9.0372305,-0.098070875,0.9639558,-0.05869777,-0.24026228,119.41868,85.8026,2053.1858
9.08009,-0.14920641,0.9715934,0.15209956,-0.103002205,119.991234,126.65047,2032.8881
9.120919,0.8099176,-2.10939,0.18805934,0.29959384,124.486755,124.73033,2012.9758
9.180783,-0.1367364,0.9142735,-0.058166616,-0.37686038,231.25171,81.66273,1954.6418
9.216965,-0.032339346,0.99434406,0.100880615,-0.007566026,313.86716,101.01822,1951.392
9.211495,-0.02825482,0.96385986,-0.15670231,-0.2135893,304.46912,128.06224,1943.8682
9.13781,-0.20773609,0.96728283,0.13111828,-0.063384496,328.41193,100.3752,1928.7675
9.093024,0.87531656,-1.8599939,0.85143715,0.31575096,343.01593,102.07912,1954.769
9.044512,-0.029240683,2.067048,0.521756,0.27150306,568.53906,55.706924,1989.1387
