9.459746,0.09914929,2.3416402,0.4146482,0.32537702,280.85086,62.40558,2451.0344
9.386114,0.211279,1.6682626,0.8453849,0.38525936,173.83911,24.975632,2433.6248
9.52292,0.29617625,2.2465231,0.64085084,0.3471205,59.120174,22.728912,2447.426
9.592365,0.8301438,2.1937973,0.21344592,0.3863663,30.123013,31.993698,2435.8699
9.809566,0.8187034,1.6388813,0.09096923,0.41366208,19.563265,55.53488,2428.0056
10.013177,0.84000754,1.5559766,-0.18032818,0.42211327,4.6801434,80.260864,2410.6267
10.13834,0.73022777,1.317861,-0.16591279,0.42642426,-21.902895,79.05852,2403.9692
10.150216,1.1293129,1.6564555,-0.33431727,0.4224462,-49.115883,64.79234,2393.3174
10.261576,0.884307,1.9527196,-0.34598446,0.41476852,-65.09416,71.554474,2352.6511
10.498876,0.852863,1.9619734,-0.3169435,0.41381288,-89.21988,80.57959,2308.7483
10.5054455,0.2080281,2.2850742,-0.1211732,0.38894677,-151.92967,80.45889,2242.2883
10.3813095,0.804592,1.6740038,-0.41184795,0.42429435,-182.22203,70.11987,2196.7498
10.432072,0.4984161,1.4840596,-0.24353716,0.4249445,-214.41402,53.541336,2179.9988
10.500943,-0.09837915,1.2415129,-0.0835253,0.4242416,-228.56544,78.31996,2111.8074
10.373906,0.12711325,0.79948807,0.20698999,0.42460877,-263.06647,93.98262,2079.7976
10.235631,0.2334663,0.22812974,0.068687364,0.4312378,-260.1503,98.358734,2070.9036
10.210606,0.21631752,0.31964815,-0.11545893,0.4348199,-262.124,118.36113,2038.0038
10.0812,0.33234632,-0.24885549,0.092723936,0.43006122,-326.2092,127.26288,1959.6598
10.051265,0.684081,-0.9120588,0.013086648,0.42372063,-344.27704,144.44437,1892.2288
9.952125,1.2085283,-0.16702558,-0.004411048,0.4275932,-332.41916,129.5949,1892.7023
9.930286,1.4465444,-0.61791074,0.117465764,0.41722545,-330.88547,116.53377,1879.669
9.761634,0.8551077,-1.0993855,0.16234261,0.4149734,-312.66013,140.88829,1798.3326
9.648393,0.7796947,-0.9981287,0.40786102,0.41116166,-280.07065,127.34128,1833.1934
9.651649,0.67704636,-1.8283883,0.4470589,0.3814925,-291.9188,80.16588,1706.8303
9.632811,0.70888054,-2.2770689,0.008520614,0.3297613,-254.95285,75.64255,1766.9253
9.622451,0.20037751,-1.9844708,0.11212695,0.25031883,-192.25989,34.734924,1721.9067
9.562001,-0.40370315,-1.5624905,0.1393204,0.41397348,-110.49666,86.447784,1626.2655
9.60831,-0.0996514,-2.1956336,0.28807747,0.37790573,-102.09491,87.0916,1660.9048
9.512256,2.182469,-0.8256795,0.095613465,0.39483044,-94.381836,63.975723,1633.8698
9.510466,-0.17716207,0.75340456,-0.21391048,-0.596018,-70.21522,93.82309,1662.8092
9.544486,1.964695,-1.290476,0.43948656,0.36112666,-81.21469,51.11126,1518.136
9.5266285,2.3021293,-0.5225421,0.17226453,0.30047452,54.000175,-62.994995,1330.3463
9.512343,0.45033208,-2.0380712,0.17152442,0.38471255,147.31711,-137.7412,1492.8822
9.3005085,0.11509332,-2.0653982,-0.078264475,0.3977468,204.35721,20.702072,1485.5309
9.374745,0.28353262,-1.9440395,-0.23005308,0.4057861,240.25792,224.30664,1516.7798
9.381499,0.19808128,-1.9036709,-0.19817282,0.40775475,189.79655,92.591385,1567.4523
9.422221,0.4212019,-0.8742971,-0.6621531,0.43900824,292.9207,-10.13829,1494.2788
