13.450984,0.0,0.0,0.0,0.43301272,66.19247,-10.986557,2420.1064
13.290211,0.0,0.0,0.0,0.43301272,61.170547,14.989685,2297.9465
13.302308,0.0,0.0,0.0,0.43301272,57.67169,79.91586,2192.4543
13.635791,0.0,0.0,0.0,0.43301272,58.611755,260.2993,2191.1912
13.731563,0.0,0.0,0.0,0.43301272,196.23091,542.26135,2423.9607
13.767321,0.0,0.0,0.0,0.43301272,54.4849,398.83435,2512.074
13.899754,0.0,0.0,0.0,0.43301272,74.80779,744.558,2485.241
14.179706,0.0,0.0,0.0,0.43301272,212.37753,173.9965,2514.8826
14.436218,0.0,0.0,0.0,0.43301272,205.36404,264.69553,2500.6392
14.4689045,0.0,0.0,0.0,0.43301272,357.7327,628.4647,2374.389
14.042487,0.0,0.0,0.0,0.43301272,82.40565,222.89612,2227.7898
14.134846,0.0,0.0,0.0,0.43301272,78.8875,74.19513,2238.229
13.763403,0.0,0.0,0.0,0.43301272,69.84194,-67.0448,2412.9966
