15.827606,0.0,0.0,0.0,0.43301272,377.57315,-52.00241,2383.4705
15.642213,0.0,0.0,0.0,0.43301272,375.92502,-52.735382,2373.481
15.47629,0.0,0.0,0.0,0.43301272,373.805,-23.268951,2322.3533
15.162097,0.0,0.0,0.0,0.43301272,362.1084,27.076492,2255.5522
14.492504,0.0,0.0,0.0,0.43301272,380.05466,308.37775,2234.7227
14.407447,0.0,0.0,0.0,0.43301272,386.48776,448.9809,2265.8992
14.488412,0.0,0.0,0.0,0.43301272,403.57635,630.87946,2384.662
14.576224,0.0,0.0,0.0,0.43301272,373.11884,649.71124,2364.7834
14.547767,0.0,0.0,0.0,0.43301272,367.5514,593.57544,2312.6548
14.927712,0.0,0.0,0.0,0.43301272,336.43863,394.12643,2234.1953
15.227767,0.0,0.0,0.0,0.43301272,339.45074,175.04448,2199.8386
15.285206,0.0,0.0,0.0,0.43301272,344.3283,58.710175,2228.1868
15.2911005,0.0,0.0,0.0,0.43301272,386.59888,-53.956116,2357.6582
