15.193198,0.0,0.0,0.0,0.43301272,373.0758,138.96286,2247.512
15.569641,0.0,0.0,0.0,0.43301272,374.79398,99.37732,2252.4841
15.522537,0.0,0.0,0.0,0.43301272,372.2505,126.85962,2208.0442
15.258199,0.0,0.0,0.0,0.43301272,375.55237,179.86172,2200.344
15.103191,0.0,0.0,0.0,0.43301272,377.5979,252.26985,2185.0286
14.7726,0.0,0.0,0.0,0.43301272,414.66434,590.1213,2315.757
15.240357,0.0,0.0,0.0,0.43301272,407.04443,673.1638,2411.2375
15.61587,0.0,0.0,0.0,0.43301272,409.53006,655.71704,2390.81
15.444412,0.0,0.0,0.0,0.43301272,367.6327,543.4518,2274.1042
15.583454,0.0,0.0,0.0,0.43301272,351.88702,422.6607,2228.3381
15.152602,0.0,0.0,0.0,0.43301272,339.1804,130.47745,2217.2148
15.568218,0.0,0.0,0.0,0.43301272,361.61176,-43.491516,2315.578
