11.743157,0.0,0.0,0.0,0.43301272,57.114094,-38.348236,2390.6519
11.881287,0.0,0.0,0.0,0.43301272,45.75246,8.238464,2291.1245
12.226571,0.0,0.0,0.0,0.43301272,52.794617,36.567566,2364.232
12.134011,0.0,0.0,0.0,0.43301272,55.034035,18.175339,2387.7246
11.9434,0.0,0.0,0.0,0.43301272,65.73944,24.122787,2404.7236
11.868574,0.0,0.0,0.0,0.43301272,55.072998,230.48604,2432.1772
11.901973,0.0,0.0,0.0,0.43301272,36.858448,369.77097,2365.0034
12.080134,0.0,0.0,0.0,0.43301272,24.232578,505.48386,2309.541
11.93631,0.0,0.0,0.0,0.43301272,27.23702,607.7247,2301.9246
11.785402,0.0,0.0,0.0,0.43301272,38.4996,644.1619,2355.3757
11.7548895,0.0,0.0,0.0,0.43301272,38.891014,595.0847,2370.3691
11.898231,0.0,0.0,0.0,0.43301272,47.7697,498.93585,2285.572
11.77685,0.0,0.0,0.0,0.43301272,49.887657,320.17426,2250.2925
11.687396,0.0,0.0,0.0,0.43301272,57.106487,156.79196,2273.6511
11.562544,0.0,0.0,0.0,0.43301272,80.67607,-14.122726,2419.9194
12.056754,0.0,0.0,0.0,0.43301272,89.97957,-35.865417,2457.7693
