14.088459,0.0,0.0,0.0,0.43301272,545.7289,-779.54456,2406.198
13.610955,0.0,0.0,0.0,0.43301272,548.7401,-786.1843,2409.1294
13.920724,0.0,0.0,0.0,0.43301272,550.5369,-781.735,2403.6118
14.214426,0.0,0.0,0.0,0.43301272,543.6256,-787.06854,2403.646
14.678501,0.0,0.0,0.0,0.43301272,548.49915,-782.3994,2408.5632
15.058069,0.0,0.0,0.0,0.43301272,544.0872,-780.38135,2392.3264
15.310947,0.0,0.0,0.0,0.43301272,560.56964,-784.1615,2413.6929
15.446431,0.0,0.0,0.0,0.43301272,557.2402,-784.63464,2404.7205
14.763008,0.0,0.0,0.0,0.43301272,551.69836,-783.64233,2403.044
14.697513,0.0,0.0,0.0,0.43301272,550.8255,-782.073,2402.4438
