12.978535,0.37179598,1.2108748,0.14353265,0.4210482,282.86734,115.9303,2504.5415
12.916419,0.4477835,1.1916628,0.25510243,0.41866833,271.23538,88.129105,2528.7263
13.503178,0.3699106,0.882412,0.086211346,0.42680183,289.70328,118.15167,2496.7275
13.855114,0.36414182,0.7311566,0.08709636,0.42820823,294.84024,102.368164,2487.9368
14.103622,0.28534752,0.5502807,0.05838094,0.43013972,294.95917,111.89374,2488.9338
13.798315,0.27797204,0.4886136,0.025154725,0.43120182,310.84473,116.999176,2507.1165
13.630248,0.38155097,1.1279012,0.2938756,0.4186215,303.38757,53.10527,2529.0276
13.336348,0.36628282,1.0908016,0.184603,0.42190206,298.0655,101.55777,2520.7656
13.267954,0.36186785,1.0394781,0.1326897,0.42385232,299.62067,107.84398,2512.9775
12.97941,0.2412645,1.481393,0.16987261,0.41463575,299.34155,103.605545,2516.1396
12.7929735,0.25875232,1.3764588,0.19164321,0.41647968,291.4187,101.32994,2512.6616
12.704203,0.5856211,1.017999,-0.09231869,0.42916527,322.2613,110.386566,2526.0735
