13.378683,0.1805427,0.7960993,0.15299506,0.42599416,696.6573,661.31946,2468.3943
13.436976,0.16839954,0.74581677,0.15660875,0.4263805,696.61597,659.49976,2466.7146
13.228375,0.28083587,0.70851326,0.14361706,0.42710644,701.69916,659.7383,2481.1946
13.554653,0.3819918,0.87285984,0.12413279,0.4260427,703.5419,667.67206,2498.3394
13.785341,0.46034914,0.9173385,0.10563271,0.42599824,707.1043,668.84796,2506.691
14.2955885,0.33879006,0.9510366,0.11742763,0.4253006,705.6562,666.5565,2491.4434
14.676769,0.37563995,1.0660617,0.09518957,0.42438385,707.21234,663.86804,2492.389
15.040738,0.3903562,1.0471699,0.10488107,0.4244257,707.52673,666.09467,2492.6184
15.238993,0.35643458,0.9588213,0.11301323,0.4253238,705.3491,657.1195,2483.6821
15.524701,0.32438657,0.8793268,0.11373283,0.42618436,705.4383,660.44763,2482.691
15.424622,0.31231165,0.83663845,0.10924458,0.42672348,705.4459,662.7329,2481.3574
