16.424202,0.9435056,1.1627443,-0.48921365,0.28621036,904.48566,180.68964,2411.6958
16.454855,0.96026754,1.1800576,-0.5039908,0.28797743,902.2203,184.86792,2413.9973
16.531443,0.9669116,1.1971434,-0.512959,0.2884918,903.5304,183.28592,2416.8914
16.518757,0.8402772,1.5049796,-1.178379,0.31269568,926.02313,206.8399,2466.9646
16.53096,1.0291942,1.1554923,-0.60495335,0.29995307,871.84265,219.60036,2376.0684
16.1731,0.6606448,0.63794404,-0.010132377,0.26634997,873.3971,294.53915,2304.7214
16.275478,0.42691183,0.3704879,0.098848335,0.26403034,873.90436,306.67722,2286.1619
16.405731,0.4122784,0.3679513,0.08264969,0.2621232,875.9705,303.35358,2290.073
16.239351,0.5175501,0.54769397,-0.059177082,0.255456,877.1873,263.7988,2297.273
15.888229,0.7968695,1.2719507,-0.8140587,0.28860682,891.0578,223.9497,2371.3225
16.032036,0.71778625,1.649696,-1.9879922,0.3581344,865.2628,185.9851,2363.833
16.23816,0.1061159,1.4552575,-2.5773892,0.38137335,854.42926,162.5693,2367.4153
16.299658,-0.09258424,1.3210555,-2.6554432,0.38320866,854.20557,155.24722,2377.0754
