12.937395,0.055780936,0.99508864,0.0027002308,0.081730306,550.2926,-394.94855,2413.4358
12.95569,0.057065025,0.9960798,0.0032077988,0.06751586,542.6629,-413.04175,2404.2195
13.18244,0.05280907,0.9975008,0.016557258,0.04392317,552.297,-401.96384,2431.0369
13.433288,0.06290371,0.9964682,0.015985923,0.05327979,556.4908,-398.27423,2419.6611
13.7160015,0.062411945,0.9970865,0.016525948,0.040622525,558.59827,-397.13748,2427.4797
13.954535,0.0582828,0.9978803,0.020019878,0.020906974,554.7005,-395.41467,2423.2234
13.700573,0.06256555,0.99778247,0.021806715,0.0063312054,554.7639,-396.31348,2425.228
13.881592,0.06697066,0.9975175,0.021728052,-0.0012451515,557.8721,-391.49927,2425.6958
13.86112,0.06561623,0.9970363,0.019372031,0.035180442,555.4664,-390.75208,2416.5505
13.378804,0.06436479,0.9966779,0.014002011,0.047898456,558.8221,-392.6253,2423.8293
13.765407,0.061956536,0.9972142,0.014845967,0.038791846,556.1769,-390.40048,2428.006
13.662939,0.058947165,0.99742407,0.015175819,0.03794922,555.2229,-393.89993,2425.955
