13.440655,0.0,0.0,0.0,0.43301272,791.6145,-33.11267,2246.1406
13.20202,0.0,0.0,0.0,0.43301272,798.0394,1.3269196,2150.5977
13.870327,0.0,0.0,0.0,0.43301272,821.03735,202.55196,2097.261
14.232483,0.0,0.0,0.0,0.43301272,832.91925,296.6638,2094.067
14.010678,0.0,0.0,0.0,0.43301272,859.9563,506.9209,2202.5105
13.990537,0.0,0.0,0.0,0.43301272,865.5386,566.2175,2264.9612
13.704448,0.0,0.0,0.0,0.43301272,867.4456,590.49255,2277.5688
13.127251,0.0,0.0,0.0,0.43301272,838.7917,483.3888,2163.0854
13.01498,0.0,0.0,0.0,0.43301272,832.8686,394.40698,2136.8086
13.216616,0.0,0.0,0.0,0.43301272,795.6893,92.0007,2166.7207
13.0666895,0.0,0.0,0.0,0.43301272,798.11835,-4.042938,2203.218
13.109106,0.0,0.0,0.0,0.43301272,792.94275,-56.719955,2231.3809
