15.148,0.0,0.0,0.0,0.43301272,773.7494,-71.111176,2265.717
15.139608,0.0,0.0,0.0,0.43301272,761.23975,-87.82529,2218.653
14.872053,0.0,0.0,0.0,0.43301272,739.61066,-42.262817,2205.5146
14.5637865,0.0,0.0,0.0,0.43301272,843.97156,535.9259,2162.3623
14.709383,0.0,0.0,0.0,0.43301272,853.3419,568.89,2195.2266
14.162843,0.0,0.0,0.0,0.43301272,885.1942,606.59766,2364.5366
14.456861,0.0,0.0,0.0,0.43301272,857.65753,573.9011,2294.6006
14.847065,0.0,0.0,0.0,0.43301272,779.5381,358.95923,2104.4236
14.739018,0.0,0.0,0.0,0.43301272,729.974,-99.629456,2239.772
14.737036,0.0,0.0,0.0,0.43301272,741.6441,-86.769394,2223.7517
14.849514,0.0,0.0,0.0,0.43301272,719.3015,-71.145294,2195.3489
