14.287115,0.0,0.0,0.0,0.43301272,796.94006,-18.849503,2244.078
13.9087515,0.0,0.0,0.0,0.43301272,795.3152,-57.7334,2269.5146
13.853392,0.0,0.0,0.0,0.43301272,796.2026,-34.645966,2229.2312
13.87182,0.0,0.0,0.0,0.43301272,826.75433,138.27896,2132.796
13.364895,0.0,0.0,0.0,0.43301272,850.94293,278.99188,2131.831
13.30112,0.0,0.0,0.0,0.43301272,876.13837,421.70508,2181.058
13.645821,0.0,0.0,0.0,0.43301272,895.49713,561.90063,2303.7642
13.664047,0.0,0.0,0.0,0.43301272,900.8449,597.2833,2341.5312
13.528371,0.0,0.0,0.0,0.43301272,882.0414,593.22,2293.2578
13.545554,0.0,0.0,0.0,0.43301272,830.0762,375.6704,2200.6233
13.668758,0.0,0.0,0.0,0.43301272,804.86005,248.53157,2166.477
14.160618,0.0,0.0,0.0,0.43301272,794.67737,50.07895,2217.421
14.6637125,0.0,0.0,0.0,0.43301272,790.0405,-27.562958,2258.8362
