14.252626,-0.091189764,0.4954058,-3.4358792,0.43488866,812.3406,414.86237,2396.4434
14.355058,-0.6149529,0.23656087,-3.4177551,0.436938,803.29395,401.18005,2377.76
14.286649,-1.6912593,1.1246631,-2.413235,0.39448994,807.0623,404.84866,2388.2412
13.880447,-1.5207955,1.1281284,-2.5964935,0.40234175,807.6685,407.51544,2389.3796
13.736547,1.4748162,0.5005354,-3.093458,0.43778104,815.39453,403.1057,2405.733
13.695129,1.4707117,0.23130344,-3.0689597,0.4264259,818.66034,411.74176,2410.1208
13.559537,1.4296151,0.088541165,-3.1192698,0.42924348,819.4635,420.89,2404.216
13.670873,1.4280198,0.11581418,-3.118854,0.42916843,822.2625,431.6948,2400.7605
14.282735,1.4497302,0.10923036,-3.1166584,0.4303386,821.73944,437.06073,2398.4622
14.566304,1.5664546,-0.094247326,-3.009122,0.4242261,819.8531,435.8524,2395.9749
14.821439,1.2586278,0.20860244,-3.2243383,0.4349935,820.6623,437.2938,2395.978
15.315838,0.54646575,0.3185447,-3.4102712,0.43363878,822.745,434.9768,2392.0078
15.3963375,0.15632291,0.34973916,-3.4414139,0.4328536,821.3745,411.07883,2381.9937
14.910606,0.2293681,0.56242967,-3.3755982,0.4288588,816.7532,405.90277,2378.5994
14.472295,0.46826696,0.39994848,-3.364808,0.4281592,818.8706,397.4334,2387.157
