13.286571,0.0,0.0,0.0,0.43301272,727.12134,-763.9163,2415.7495
13.525036,0.0,0.0,0.0,0.43301272,728.9403,-769.60095,2420.1826
13.620072,0.0,0.0,0.0,0.43301272,729.8041,-772.2175,2421.709
13.325656,0.0,0.0,0.0,0.43301272,726.60315,-765.9848,2413.4912
13.442049,0.0,0.0,0.0,0.43301272,728.688,-767.9708,2419.503
13.332684,0.0,0.0,0.0,0.43301272,732.97845,-754.9105,2429.731
13.679239,0.0,0.0,0.0,0.43301272,731.18353,-757.4004,2428.1326
13.729811,0.0,0.0,0.0,0.43301272,729.4661,-770.0399,2422.7517
13.853811,0.0,0.0,0.0,0.43301272,731.403,-773.15454,2424.8225
14.014913,0.0,0.0,0.0,0.43301272,731.42426,-772.10175,2424.4285
13.741984,0.0,0.0,0.0,0.43301272,731.995,-771.0198,2425.7656
13.857516,0.0,0.0,0.0,0.43301272,732.5898,-768.4177,2426.1677
14.055421,0.0,0.0,0.0,0.43301272,732.2868,-783.02136,2421.2207
13.986754,0.0,0.0,0.0,0.43301272,731.44824,-779.6726,2419.0703
13.924967,0.0,0.0,0.0,0.43301272,730.1827,-764.3275,2416.5054
13.680426,0.0,0.0,0.0,0.43301272,728.8238,-754.8092,2410.658
13.327629,0.0,0.0,0.0,0.43301272,727.9097,-765.90295,2411.075
13.008131,0.0,0.0,0.0,0.43301272,727.79736,-771.623,2411.0312
