16.46821,0.0,0.0,0.0,0.43301272,512.70233,-752.07153,2410.9053
16.478863,0.0,0.0,0.0,0.43301272,517.1517,-753.7131,2418.7607
16.449747,0.0,0.0,0.0,0.43301272,516.87427,-753.5565,2408.3862
16.486849,0.0,0.0,0.0,0.43301272,512.53296,-755.91895,2408.5505
16.538391,0.0,0.0,0.0,0.43301272,506.26187,-748.54895,2408.362
16.232063,0.0,0.0,0.0,0.43301272,512.9957,-755.53595,2410.5796
16.33728,0.0,0.0,0.0,0.43301272,511.8977,-756.8873,2409.8794
15.647589,0.0,0.0,0.0,0.43301272,512.41064,-759.6509,2407.6147
15.900632,0.0,0.0,0.0,0.43301272,511.44427,-753.78894,2402.9165
16.070984,0.0,0.0,0.0,0.43301272,513.8259,-756.17896,2411.9414
