15.708781,0.09853602,1.5993705,-0.21349047,0.42036286,692.87555,415.13605,2452.9102
15.766209,0.113565296,1.6069796,-0.22365747,0.4204704,691.15485,415.90833,2452.3025
15.616442,0.2641862,1.6562395,-0.26114485,0.42070484,684.017,408.66302,2440.662
14.920749,0.19980891,1.6328093,-0.241515,0.42061198,686.8907,412.3023,2444.1377
14.890679,0.14676024,1.5676705,-0.22689928,0.4216843,687.9785,413.49286,2446.561
14.924376,0.3218572,1.2098533,-0.30189967,0.43071178,681.85077,429.37457,2435.7424
14.594149,0.038833804,1.0527691,-0.2686496,0.43164033,688.73535,433.45355,2454.0393
14.692601,-0.08833626,1.193476,-0.49263847,0.43328393,675.36993,439.69482,2472.3184
14.844381,-0.036473643,1.116382,-0.47799918,0.43441227,674.3652,427.03552,2467.6882
14.45126,0.16216637,0.7986287,-0.38787928,0.43702823,679.4138,432.51868,2449.5789
14.7414055,0.5214009,0.84377307,-0.4911307,0.43857598,669.87897,438.8153,2426.212
14.799811,0.4943442,1.0527872,-0.36420602,0.43417367,674.76636,434.97137,2425.3818
15.019284,0.3286519,1.245744,-0.41324565,0.43229333,673.1131,442.078,2438.6575
15.229041,0.17214413,1.1554838,-0.35990745,0.43232217,678.73236,438.77197,2449.4731
15.556864,0.15042244,1.7601458,-0.39638653,0.42014477,671.7388,426.43723,2455.9998
15.675906,-0.094375126,1.8303472,-0.104311526,0.40927824,697.7321,424.2202,2468.3623
15.316116,0.08666407,1.6760819,-0.17355137,0.41732663,688.62225,414.80206,2455.9597
15.17239,0.15885642,1.3071102,-0.17296769,0.42606243,688.43207,406.69952,2449.368
