12.439942,0.035068512,0.99793637,-0.010277102,0.05279726,585.7443,58.577667,2403.468
12.722904,0.06597099,0.99775344,0.011182163,0.0032930435,598.8395,17.860916,2426.1812
12.676163,0.06052598,0.9981647,0.0018789666,-3.6550453E-4,601.53577,9.68866,2444.838
12.385992,0.050470624,0.9982487,-0.0033508146,0.030675687,592.3268,19.387527,2433.553
12.982874,0.047134366,0.9972961,0.0036330847,0.05626384,584.85175,44.253906,2411.7053
12.440902,0.030799367,0.9903392,-0.025856322,0.1327065,588.61926,74.27478,2399.5015
12.5340805,0.03159661,0.9934214,-0.011657564,0.10945156,587.1338,69.23782,2395.4517
12.8573475,0.031016152,0.99755996,-0.0077886716,0.06205907,586.88806,66.19911,2406.4487
13.0303,0.026933582,0.9960223,-0.0066002486,0.08467868,583.5986,53.222397,2405.785
13.03403,0.02781367,0.99447477,-0.0015964481,0.10121087,582.6346,58.834793,2404.5952
12.864532,0.030647043,0.99546385,0.016078366,0.088622525,578.6249,49.5688,2415.7876
13.097816,0.041914865,0.99640393,0.032095738,0.06627319,583.17377,41.217316,2422.263
13.629083,0.0712068,0.99511766,0.06689269,-0.013992243,603.6085,28.330353,2441.988
14.099767,0.027706223,0.998932,0.036768388,0.003902402,577.2477,37.488724,2431.142
