13.5022545,0.28576708,1.175567,-0.08160712,0.42663395,695.34015,34.475677,2375.1157
13.265843,0.29623792,1.4730539,-0.066504136,0.42084008,703.6725,23.99942,2390.5403
12.956843,0.29928625,1.4656802,-0.09591953,0.42168185,700.0222,26.050812,2377.5264
12.755308,0.13224515,1.6376617,-0.16004834,0.41832876,704.164,26.370102,2356.248
12.715963,0.194932,1.4431428,-0.27226913,0.42563164,717.5126,18.175354,2358.0085
12.414551,0.18675585,1.5198638,-0.27022302,0.42390168,718.21204,23.179932,2357.0237
12.385809,0.50961363,1.1728791,-0.36522624,0.43265086,732.3418,19.774734,2375.87
12.182939,0.4096054,1.0875269,-0.19283737,0.43037722,711.3231,17.056564,2378.2458
11.9752,0.5013621,0.994303,-0.1599371,0.43087384,707.1747,23.450348,2386.588
11.884331,0.46072966,1.2808697,-0.18026303,0.42731708,712.38696,17.187027,2387.4753
11.693532,0.3956294,1.3648292,-0.16093785,0.42535302,713.23773,15.097473,2387.7837
11.65423,0.38638067,1.4445544,-0.2060239,0.42475936,724.00085,2.9467316,2392.5425
11.42812,0.40941823,1.3425719,-0.19718719,0.4265486,721.17145,5.6852417,2397.8545
11.242496,0.44834062,1.3325222,-0.20045425,0.42684934,722.87494,11.574188,2404.2083
11.532593,0.45109642,1.2896202,-0.17714821,0.42709684,719.3383,10.415466,2405.776
