15.148,0.52511334,1.45361,-0.32370982,0.42722577,663.0564,235.03723,2416.5452
15.139608,0.53709596,1.4814261,-0.32159853,0.4266473,665.5177,232.27048,2416.5425
14.872053,0.3194403,1.5365685,-0.2631774,0.42384097,668.90656,214.69698,2428.482
14.5637865,0.46412194,1.1479642,-0.2776976,0.43129352,671.9776,220.10161,2439.2927
14.709383,0.55687845,1.0534853,-0.30471838,0.43303293,673.18726,223.96033,2442.988
14.162843,0.71895486,1.0355889,-0.23829278,0.43179858,676.8642,240.61989,2428.9006
14.456861,0.5960703,1.129664,-0.24136797,0.4308306,672.27466,242.86243,2428.269
14.847065,0.45552108,1.4619563,-0.11725979,0.42260164,660.5683,240.26654,2414.9941
14.739018,0.6150914,1.457616,-0.17854825,0.42419773,666.78143,239.07623,2424.7017
14.737036,0.44450825,1.5126039,-0.23368187,0.42404944,666.0736,231.57639,2411.1199
14.849514,0.41181037,1.533826,-0.23649487,0.4235792,666.2779,231.97409,2414.104
