14.010951,0.71268636,0.64563125,-3.3426673,0.44255203,142.63037,241.29495,2646.84
13.674388,0.7524497,1.714276,-2.7459974,0.41765618,189.77501,254.99544,2583.5454
13.559715,1.2218626,1.9954567,-1.6058095,0.36300313,210.58537,263.77774,2599.5767
14.147745,1.3298812,1.6706495,-0.65375006,0.31746897,206.56447,263.77887,2620.2559
14.4832945,0.8977482,1.139718,-0.13353136,0.26401463,213.653,291.17703,2637.4292
14.30292,0.63284,0.7383122,0.056925993,0.22620352,216.53937,282.53845,2599.9712
14.485425,0.6328032,0.7392932,0.07094768,0.21902537,221.02591,286.25336,2585.2358
14.699821,0.7749831,0.92663276,0.005834341,0.2527056,225.01927,281.51047,2586.1667
14.937215,1.2806978,1.5082003,-0.62029624,0.3126737,212.68752,242.58798,2627.0803
15.196744,1.2147069,1.4968904,-2.6621974,0.41153803,193.03795,226.91232,2619.7424
15.424153,0.2741743,1.3113911,-3.0588777,0.4174321,195.6932,219.6036,2615.5698
