12.948025,-0.58216804,-0.40128613,0.06546882,0.43030304,94.80321,-352.6621,2541.809
12.946035,-0.57456255,-0.4460311,0.07448845,0.42996675,94.26124,-353.40216,2544.3667
12.988062,-0.5699109,-0.41341645,0.07199516,0.43014982,93.60828,-353.60645,2542.0989
12.868678,-0.5698819,-0.53773576,0.0791644,0.42946744,93.17308,-351.05255,2548.17
13.207008,-0.5750656,-0.302071,0.06631651,0.4305609,92.963196,-356.2616,2540.762
13.496951,-0.5670576,-0.20533088,0.06271403,0.43079546,92.13689,-345.90826,2542.9429
13.8860235,-0.5644654,-0.22272216,0.06132873,0.43081704,91.96496,-338.779,2543.937
14.400206,-0.5370079,-0.17666513,0.06641633,0.4308201,88.14842,-328.84927,2537.8086
14.443886,-0.51330876,-0.2042559,0.072636455,0.4307287,89.00398,-335.61026,2543.7288
14.814858,-0.5284832,-0.27204567,0.008011877,0.43198088,96.30704,-360.00232,2548.0674
