12.675896,0.30808753,-0.21870609,-0.38917997,0.43974328,-144.86911,-380.47083,2536.0784
12.724611,0.32740128,-0.22484845,-0.38114563,0.43953192,-144.57527,-376.61343,2543.0603
12.619526,0.33657688,-0.21558712,-0.37998363,0.43952006,-143.55833,-378.22852,2553.3123
13.078086,0.35430714,-0.19158357,-0.39902943,0.43989167,-142.5044,-380.55304,2556.4917
13.610488,0.38432768,-0.2710103,-0.4162337,0.4398159,-138.26251,-376.53906,2553.7231
14.157811,0.3817145,-0.17244782,-0.41144964,0.44009787,-139.14182,-380.48694,2546.794
14.561488,0.38757083,-0.1455749,-0.39395636,0.43985263,-146.06308,-381.96912,2554.8333
15.113185,0.37806004,-0.18522348,-0.40249282,0.43991023,-141.4308,-385.13715,2550.218
15.182253,0.3932638,-0.184716,-0.3931008,0.43970424,-143.00049,-377.94403,2545.9734
15.388088,0.38185543,-0.21144699,-0.40385175,0.43983564,-140.93295,-373.43808,2548.29
