14.407278,-0.75464284,0.37141386,-3.3649998,0.43646678,136.67496,490.20068,2574.8254
14.024716,-0.10836251,-0.2308543,-3.489966,0.4434364,138.56122,493.62384,2579.5718
14.220793,-0.29275605,-0.27512476,-3.42141,0.45010814,135.35008,507.94696,2572.4436
14.118518,0.95365006,0.16131479,-3.2163281,0.45184782,132.48729,515.13306,2544.8152
13.781174,1.0450742,0.13435648,-3.169166,0.4517993,136.25655,516.38763,2559.3481
14.128476,1.152584,0.17855726,-3.1906185,0.44877908,139.79323,518.30035,2572.075
14.020594,1.2304676,-0.54235786,-3.1362062,0.43584526,139.33995,510.18512,2567.5164
13.693965,1.3074486,-0.7158118,-3.0303,0.42439657,137.5492,499.85767,2583.8474
14.022082,0.09644258,0.12795113,-3.4836936,0.44674036,136.68692,504.02295,2582.326
14.235427,-0.7322565,0.44870052,-3.356609,0.43714315,130.07256,497.659,2570.445
14.510134,-0.83541155,0.2650828,-3.361504,0.43884587,131.2076,491.4459,2581.9202
