13.974189,0.0,0.0,0.0,0.43301272,110.39566,-791.84375,2572.6907
13.921305,0.0,0.0,0.0,0.43301272,113.54326,-791.47076,2578.1875
13.81023,0.0,0.0,0.0,0.43301272,109.807846,-792.90845,2577.7534
13.361173,0.0,0.0,0.0,0.43301272,106.27654,-791.2408,2571.54
13.405358,0.0,0.0,0.0,0.43301272,110.68906,-796.5769,2579.2866
13.077818,0.0,0.0,0.0,0.43301272,109.86707,-795.8967,2586.9531
13.355179,0.0,0.0,0.0,0.43301272,111.34101,-800.5096,2572.6545
13.442189,0.0,0.0,0.0,0.43301272,113.992714,-796.3605,2579.0325
13.889651,0.0,0.0,0.0,0.43301272,116.67392,-788.91943,2569.796
14.026032,0.0,0.0,0.0,0.43301272,111.71236,-792.74255,2571.3433
