13.755477,0.0,0.0,0.0,0.43301272,-192.52682,-819.25214,2497.4888
13.536502,0.0,0.0,0.0,0.43301272,-181.99681,-824.75464,2499.3345
13.58265,0.0,0.0,0.0,0.43301272,-187.39671,-819.81006,2499.5022
13.246833,0.0,0.0,0.0,0.43301272,-192.76457,-822.5215,2501.8267
13.015095,0.0,0.0,0.0,0.43301272,-192.98586,-822.84985,2508.0635
13.688114,0.0,0.0,0.0,0.43301272,-191.64337,-821.4669,2501.6477
14.066066,0.0,0.0,0.0,0.43301272,-182.9033,-824.38947,2500.0295
14.009142,0.0,0.0,0.0,0.43301272,-196.08505,-826.9175,2509.0076
13.909031,0.0,0.0,0.0,0.43301272,-208.05803,-828.01074,2504.6914
14.061211,0.0,0.0,0.0,0.43301272,-190.77702,-821.25867,2503.2388
14.314089,0.0,0.0,0.0,0.43301272,-190.84734,-825.2838,2507.0862
13.280168,0.0,0.0,0.0,0.43301272,-193.10356,-822.3449,2502.0938
