15.085678,0.0,0.0,0.0,0.43301272,-150.34685,-750.7634,2627.7996
14.807629,0.0,0.0,0.0,0.43301272,-149.29956,-747.77,2623.1838
14.3591,0.0,0.0,0.0,0.43301272,-148.91264,-754.18506,2621.378
14.159014,0.0,0.0,0.0,0.43301272,-147.61868,-748.5653,2624.742
14.111757,0.0,0.0,0.0,0.43301272,-147.78961,-748.7871,2623.6055
13.79334,0.0,0.0,0.0,0.43301272,-147.11057,-751.29004,2617.6934
13.480146,0.0,0.0,0.0,0.43301272,-147.205,-746.1389,2619.8247
13.413338,0.0,0.0,0.0,0.43301272,-145.89331,-746.3189,2626.7144
13.404448,0.0,0.0,0.0,0.43301272,-145.5547,-744.45386,2621.797
13.156928,0.0,0.0,0.0,0.43301272,-145.38376,-746.7743,2618.9023
