14.407278,0.00264742,0.8714425,0.038991723,-0.48893827,-110.229836,91.23872,2558.0256
14.024716,0.0016686473,0.86305135,0.034861498,-0.5039088,-110.85151,92.398026,2559.7407
14.220793,0.0050399783,0.87531024,0.035001703,-0.48226708,-110.02516,92.01062,2555.64
14.118518,0.0032490008,0.8559728,0.03249615,-0.5159881,-109.69297,91.432785,2564.8845
13.781174,0.0023336671,0.86044693,0.033888064,-0.5084064,-109.29835,93.56818,2566.2188
14.128476,0.0025696645,0.8709561,0.034279026,-0.49015686,-109.72906,96.01552,2569.3848
14.020594,4.6130424E-4,0.86777145,0.034421936,-0.49576962,-110.717995,95.7395,2568.8374
13.693965,0.0055661364,0.89287084,0.011116744,-0.45014113,-117.452065,102.29335,2548.3306
14.022082,0.0022528924,0.8851236,0.019662252,-0.46493492,-115.97425,100.12747,2554.3794
14.235427,-0.022152131,0.8453125,0.07598872,-0.52837634,-110.083115,88.37753,2592.4326
14.510134,5.638433E-4,0.8714284,0.036357608,-0.4891732,-118.06995,48.987335,2567.5144
