15.719187,0.22523434,0.31450838,0.030416308,0.43183383,-151.75906,61.54889,2531.428
15.512613,0.21138255,0.29805374,0.03754297,0.43173876,-152.53685,63.415848,2531.097
15.118691,0.18822801,0.28694105,0.03208554,0.4318953,-152.09482,67.63257,2528.4146
15.123671,0.25429633,0.39489108,0.0059246565,0.43204993,-149.38026,86.65997,2533.4368
14.775498,0.18697439,0.31775382,-0.026911218,0.43303597,-145.73776,81.83334,2527.0908
14.501211,0.22667126,0.28165698,-0.04786952,0.43356174,-141.95702,84.65724,2527.3528
13.837449,0.21165816,0.3652592,-0.055768862,0.4334579,-138.74005,90.86485,2529.1528
13.487168,0.23150283,0.33336693,-0.04228021,0.4332887,-138.65045,94.2251,2527.046
13.251876,0.23066162,0.27099052,-0.04075927,0.43344185,-138.62074,96.56993,2523.98
13.1292925,0.21099973,0.33176687,-0.044639252,0.43334946,-136.64244,94.56654,2523.2163
12.997118,0.17886987,0.15014423,-0.07293807,0.43435925,-134.22626,87.35472,2522.9514
13.138701,0.13298315,0.13140136,-0.13597867,0.43566194,-134.81445,78.49341,2515.5457
12.81628,0.1332316,0.1023715,-0.10146582,0.43500683,-136.6646,76.214355,2516.3464
