13.974189,0.06588659,-0.5327097,0.05850762,0.42989993,-24.1889,332.46997,2544.1978
13.921305,0.048563045,-0.540438,0.07120775,0.4296045,-23.01823,334.1847,2547.5688
13.81023,0.041813906,-0.5183772,0.06493458,0.429905,-23.657578,331.7907,2551.974
13.361173,0.18347761,-0.508728,0.07741079,0.42936847,-23.74132,340.5766,2558.1157
13.405358,0.10055071,-0.4732702,0.07673786,0.42982116,-25.30461,337.1889,2558.2603
13.077818,0.07260337,-0.7393323,0.08394504,0.42758915,-29.648842,340.5254,2549.065
13.355179,0.10324947,-0.6507613,0.06871943,0.4286654,-29.943266,334.69577,2552.5007
13.442189,0.05620283,-0.5050649,0.09788153,0.42924246,-29.15226,335.05786,2557.0757
13.889651,0.11061583,-0.39502108,0.10830292,0.4295597,-28.126526,343.25748,2556.4062
14.026032,0.06505018,-0.4477023,0.110590205,0.42930076,-25.904747,340.57785,2552.4878
