15.085678,0.42881787,-0.109936945,-0.1127701,0.4345476,-21.419224,289.7555,2570.03
14.807629,0.38968357,-0.015308082,-0.10555196,0.43469268,-19.333342,289.1964,2574.5356
14.3591,0.38495976,0.053827364,-0.114629604,0.43494803,-19.730309,296.28442,2577.4749
14.159014,0.47258484,0.30841544,-0.086851396,0.43398696,-19.53077,293.14807,2584.5881
14.111757,0.47216547,0.41868445,-0.09572129,0.43383905,-16.381674,314.34253,2590.6077
13.79334,0.23081857,0.33738464,-0.011746184,0.4326433,-22.129541,320.01398,2578.7454
13.480146,0.26595864,0.33732954,-0.03542607,0.43311733,-20.002853,312.70154,2579.9119
13.413338,0.10892326,0.6354826,-0.0031610723,0.43077305,-22.744623,304.72052,2568.6497
13.404448,0.16670984,0.4208496,-0.040693857,0.4329134,-21.182894,300.97818,2569.0627
13.156928,0.19218224,0.39288092,-0.05704856,0.433376,-20.955616,300.87497,2572.4436
