11.694642,-0.24975939,-0.17457557,0.69351745,0.65282243,-246.372,282.1396,2177.5073
11.603864,-0.5749423,-0.554984,1.9041998,0.25816092,-208.70946,373.6101,2163.8394
11.830907,-0.43556613,-0.7152111,1.8387077,0.25259918,-184.01994,323.48538,2195.6191
12.155411,-0.57659197,-0.79811555,1.7707541,0.25361395,-164.07036,288.2088,2174.5989
12.499101,-0.52900213,-0.7387822,1.7905976,0.25141373,-158.45467,292.22427,2189.8413
12.951814,-0.20140094,-0.27199203,0.68207854,0.64824903,-153.29276,293.492,2187.8884
13.318345,-0.6936821,-0.6719011,1.7325373,0.25028735,-145.6694,307.77814,2205.3545
13.076084,-1.2320333,-0.8172258,1.6648916,0.27924016,-66.38253,325.15082,2312.172
12.970163,-0.19806235,-0.48804054,0.6649065,0.5296103,-58.675632,338.60834,2294.7373
12.994901,-0.8851531,-0.78600854,1.8093035,0.27028558,-87.110565,315.86868,2363.132
12.796676,1.4386457,1.3040452,-2.1693208,0.38661465,-133.90115,261.63705,2370.1265
12.657727,-0.61634797,-1.5102348,1.6268573,0.3040065,-73.1319,321.2221,2556.1746
13.502682,1.5878434,2.0270422,-0.458185,0.3349415,-20.38321,363.85577,2565.6682
14.136703,1.6889671,1.4753458,-0.59524274,0.33589235,10.398499,325.09146,2601.7808
14.425756,1.6204358,1.4531673,-0.4442847,0.32741067,6.3342247,328.17807,2619.777
14.418311,0.18470441,0.1662231,0.71333665,0.65528995,-29.278946,296.3879,2853.409
14.362135,0.63965213,0.5657247,1.8116071,0.25157517,-54.4955,361.6215,2812.7212
14.04723,0.20427266,0.2588072,0.6852147,0.64943993,-79.717606,348.15424,2797.8643
13.709912,0.035784423,0.091375604,0.7162252,0.69093525,-206.9245,334.44757,2771.1072
13.569659,0.2754839,0.2761072,0.6524709,0.6497347,-172.4374,351.6712,2777.6045
13.533492,0.73003817,0.71710205,1.69229,0.25024655,-198.93048,336.61353,2766.7366
12.514278,0.9013627,0.34137046,2.0828376,0.2974488,-592.5538,315.25284,2456.0461
12.336623,0.25162092,-0.37321836,2.1457877,0.2852379,-651.21014,355.38464,2376.894
12.395393,0.20411502,-0.5589504,2.0832005,0.27979076,-676.2162,359.14557,2310.661
