13.078532,0.12448091,0.9488748,0.2652426,-0.11741972,-332.8056,-315.02982,1992.5366
12.6631,-0.04779047,0.8220348,0.5569345,0.10862243,-262.96982,-260.91974,1859.9573
12.859882,-0.08105372,0.8574011,0.48015365,0.16657177,-239.76636,-250.40996,1943.6595
12.627055,0.44719085,-2.0019026,-0.31489646,0.40272763,-38.386307,-130.06804,1619.9858
12.341081,-0.074089415,0.834109,0.3412312,-0.427006,105.77954,-183.47617,1934.1985
12.500157,0.18026565,0.9599966,-0.026591271,-0.21261132,9.296566,-189.5998,1909.4993
12.69206,0.056499444,0.9761278,0.0042139716,-0.20967695,-8.103615,-359.50732,1672.6864
12.907183,0.027870893,0.97484744,0.0024000593,-0.22111085,0.8689985,-323.166,1652.3153
12.761837,-0.32486293,-2.1083858,-0.529713,0.2771221,144.76956,-283.2746,1623.4424
12.965229,-0.36564508,-2.373065,-0.59621114,0.30948818,180.73526,-286.28094,1638.3054
12.952177,-0.3980369,-2.5832906,-0.6490285,0.35588816,257.71774,-267.1698,1689.6603
13.333886,-0.032830216,0.86040384,0.057019617,-0.50534767,425.47125,-210.04373,1857.3662
13.737023,-0.014936489,0.8806993,-0.0072877645,-0.4733842,462.5119,-209.47841,1918.9225
13.579878,-0.034120794,0.90618575,-0.01933023,-0.42105737,458.5349,-214.8515,1981.895
13.259455,-0.04927436,0.92989564,0.014836205,-0.36420608,467.3276,-201.16429,2041.9296
13.123658,-0.034715407,0.98876345,0.06340658,-0.13084836,476.70123,-195.7399,2084.23
13.18007,-0.020311117,0.9940101,0.0750021,-0.076850675,475.39392,-200.26158,2107.058
13.031461,0.029872855,0.9955445,0.08304135,-0.033208214,493.20407,-196.15404,2114.5813
12.773255,-0.00723219,0.9945716,0.09045108,0.0509268,455.2215,-209.91809,2129.7852
12.932827,-0.016826054,0.989565,0.10053767,0.10183474,429.1756,-220.65102,2136.6042
13.096327,-0.05084156,0.9672087,0.12778063,0.21352912,377.08795,-240.9776,2175.5283
13.236296,-0.067712635,0.9342469,0.16344377,0.30965117,310.33957,-241.46443,2237.6257
12.853615,-0.085176155,0.8913715,0.14731756,0.42011833,149.37479,-210.88829,2347.066
12.878811,-0.03420301,0.90693927,0.05597181,0.41612312,119.29201,-223.11087,2373.837
12.933359,0.05370271,0.8871708,-0.001803424,0.45830205,81.17001,-236.41676,2403.3987
13.126885,0.10684301,0.86751413,-0.029858796,0.4848838,35.807587,-256.03516,2414.7593
13.444535,-0.02696166,0.76131815,0.041654665,0.6464771,54.64031,-296.75037,2386.747
13.278218,0.008994046,2.1111386,0.08165995,0.26489872,-65.89317,-278.0735,2417.8337
13.164984,0.08263778,2.3137465,0.12841494,0.37366265,-103.964035,-256.89264,2403.397
13.0884495,0.0678619,2.1145713,0.2835007,0.38409448,-126.36,-256.03152,2396.655
13.063007,-0.091856316,1.8484211,0.520529,0.3880187,-180.40007,-253.13042,2381.0515
