13.321826,-0.49712148,0.5469815,-0.67766815,0.44210172,-409.9878,-315.21466,2155.6367
13.4078,0.006320847,0.20241293,-0.38445282,0.4401654,-366.4916,-274.70496,2067.8655
13.46281,0.24169625,-0.28195998,-0.34229684,0.43882507,-368.41626,-292.23523,2069.4214
13.221882,0.22107884,-1.515275,-0.30684677,0.4224583,-328.108,-290.0235,2073.641
13.479695,0.019179137,-1.5822715,-0.14029874,0.41847238,-322.65964,-283.58145,2047.9216
13.914797,-0.4674611,-2.503327,-0.140316,0.36533162,-292.45374,-288.12622,1974.2401
13.788826,-0.18327521,0.66241086,0.17748007,0.7043598,-303.2164,-428.98087,2024.9023
13.39996,0.24484815,0.90881836,0.0870175,-0.32638386,-293.09167,-447.86597,2107.148
13.1808195,-0.5821711,-0.03459554,-0.18519363,0.43577403,-222.78627,-426.59058,1863.5514
13.205582,-0.0057493867,0.9733014,0.22463302,0.046811428,-303.77142,-413.90002,2112.2349
13.515104,-0.21608016,-2.3173213,-0.5538538,0.29916087,23.603409,-247.52492,1955.2544
14.000806,-0.5383672,-2.199605,-0.19328311,0.2844327,-20.252441,-363.48315,2058.4287
13.909776,0.041785344,0.81104314,0.118579656,-0.5713159,-67.14188,-359.06372,2123.6658
14.1918335,0.5496824,2.3559237,-0.21052468,0.38918808,-79.73658,-288.4332,2150.231
14.434126,0.07868982,1.808633,-0.28481188,0.4157834,-100.468895,-321.89313,2154.1636
14.856931,-0.051296774,0.8972487,0.43630755,-0.04414888,-72.50743,-327.7548,2314.8071
15.185122,-0.11630698,0.98943657,0.08620663,-0.007503662,-148.42685,-264.6175,2285.2114
15.090395,-0.09072616,0.98813343,0.11552707,-0.04488382,-120.308014,-283.7425,2301.42
14.917284,-0.08041481,0.9876137,0.006440618,0.13457803,-119.97551,-285.7127,2288.4307
14.500886,-0.08992303,0.99573153,-0.0026204602,-0.020633683,-119.237785,-283.95477,2324.6338
14.122814,-0.06299312,-2.3807411,0.16902447,0.31413057,-3.8723278,-394.36444,2314.5261
13.8878,-2.6394546,0.25507072,0.20991173,0.38657883,-3.8576488,-389.79102,2381.6577
14.017984,0.019505894,-1.7652124,0.7432681,0.38326538,-144.32394,-352.62143,2457.42
13.99376,-0.08289505,-1.9408109,0.32845122,0.39286152,-179.16527,-328.81445,2430.5405
