15.053311,0.9628121,0.8678144,0.7595806,0.40764198,-130.84702,-170.7876,1971.5374
14.874184,0.79787034,0.89883435,0.9222614,0.40243438,-160.72357,-153.45709,1930.2135
15.207642,0.24318297,1.193976,0.6745541,0.4061544,-137.58694,-141.64487,1865.3999
15.204233,0.51579463,2.3390465,0.13133608,0.37652227,-109.253685,-151.78534,1839.8452
15.22181,0.84507096,2.1032667,0.16663872,0.393883,32.06626,-143.61026,1788.638
15.572685,0.531948,2.082744,0.5692172,0.37710625,146.4168,-199.58817,1764.5823
15.326937,0.2708015,2.3148935,0.36253425,0.30613354,225.7481,-265.4333,1717.9214
15.055716,0.054395266,0.6953935,0.08657388,0.71131855,234.22084,-266.74094,1702.6675
14.839571,0.047898587,0.7721678,0.06306672,0.6304642,223.00787,-256.507,1707.8347
14.134797,0.09157912,0.75939053,0.062059876,0.6411613,279.21182,-222.24786,1780.8973
14.030852,0.41971678,2.231182,0.23970106,0.2871841,284.85315,-242.69148,1822.813
13.8384,-0.029799992,0.9374178,0.326793,-0.11647404,319.51782,-234.67451,1987.5021
14.149803,-0.1139761,0.9276104,0.32925117,0.13469245,251.31125,-194.03395,2171.1814
14.719099,-0.11196664,0.98326063,0.12008332,0.0790047,402.8588,-201.88466,2156.139
