14.489751,0.0,0.0,0.0,0.43301272,-91.2504,48.03473,2568.308
14.945991,0.0,0.0,0.0,0.43301272,-124.86515,52.54898,2639.0974
14.841701,0.0,0.0,0.0,0.43301272,-129.21289,39.266907,2669.7278
14.641836,0.0,0.0,0.0,0.43301272,-160.53511,41.406403,2687.297
14.2619295,0.0,0.0,0.0,0.43301272,-237.236,20.98584,2684.2207
13.975027,0.0,0.0,0.0,0.43301272,-205.90414,2.8386536,2685.7007
13.886917,0.0,0.0,0.0,0.43301272,-568.1362,-31.944397,2559.7393
13.851962,0.0,0.0,0.0,0.43301272,-633.61615,-31.503601,2499.7344
13.506056,0.0,0.0,0.0,0.43301272,-689.39764,-2.0694885,2423.9038
13.531321,0.0,0.0,0.0,0.43301272,-707.1859,16.365784,2335.4663
13.185352,0.0,0.0,0.0,0.43301272,-689.30273,29.758545,2055.8162
13.949518,0.0,0.0,0.0,0.43301272,-624.50476,85.355194,1906.047
14.293079,0.0,0.0,0.0,0.43301272,-523.77,59.54306,1798.2388
14.546231,0.0,0.0,0.0,0.43301272,-438.04712,55.779648,1736.076
14.58543,0.0,0.0,0.0,0.43301272,-246.2695,-35.744415,1831.6475
14.817534,0.0,0.0,0.0,0.43301272,-219.39716,-56.23323,1644.666
15.26677,0.0,0.0,0.0,0.43301272,-315.3546,-98.25514,1681.812
15.579581,0.0,0.0,0.0,0.43301272,-190.67747,93.16566,1515.1338
