13.690795,0.0,0.0,0.0,0.43301272,-264.74844,-12.002167,2284.671
13.598586,0.0,0.0,0.0,0.43301272,-368.9497,195.89586,2309.451
13.553505,0.0,0.0,0.0,0.43301272,-357.52866,61.440125,2483.471
14.108432,0.0,0.0,0.0,0.43301272,-371.62082,82.3996,2429.6362
14.3764515,0.0,0.0,0.0,0.43301272,-311.88763,190.06543,2287.3745
14.072213,0.0,0.0,0.0,0.43301272,-436.36035,-311.9779,1755.3011
13.371202,0.0,0.0,0.0,0.43301272,-129.4899,304.15613,1658.7137
13.403835,0.0,0.0,0.0,0.43301272,-132.59204,312.24966,1665.7186
13.253183,0.0,0.0,0.0,0.43301272,-125.44785,268.44058,1700.231
13.005899,0.0,0.0,0.0,0.43301272,-126.45042,237.51527,1723.1783
12.622835,0.0,0.0,0.0,0.43301272,-131.5156,164.47238,1798.0419
12.614404,0.0,0.0,0.0,0.43301272,-157.01909,121.69033,1841.0616
12.632567,0.0,0.0,0.0,0.43301272,-157.71503,93.62143,1871.6246
12.45176,0.0,0.0,0.0,0.43301272,-156.50566,76.212616,1904.0216
12.153127,0.0,0.0,0.0,0.43301272,-147.84476,32.044037,1966.4277
12.187173,0.0,0.0,0.0,0.43301272,-142.08356,19.10492,1996.5869
12.270323,0.0,0.0,0.0,0.43301272,-138.07533,-0.008346558,2028.5396
12.120085,0.0,0.0,0.0,0.43301272,-134.52312,-18.808273,2061.5198
11.853308,0.0,0.0,0.0,0.43301272,-134.36882,-40.885773,2133.3352
11.979856,0.0,0.0,0.0,0.43301272,-145.46922,-19.187042,2184.9033
12.547393,0.0,0.0,0.0,0.43301272,-157.72447,-15.389069,2249.5034
12.688818,0.0,0.0,0.0,0.43301272,-157.25816,-14.096466,2277.5344
12.488275,0.0,0.0,0.0,0.43301272,-163.42967,6.8692017,2325.6704
12.4846525,0.0,0.0,0.0,0.43301272,-164.25185,8.835266,2350.3599
13.355083,0.0,0.0,0.0,0.43301272,-165.01656,-6.3180847,2368.7678
14.093619,0.0,0.0,0.0,0.43301272,-186.31264,-14.996735,2381.909
14.200918,0.0,0.0,0.0,0.43301272,-203.58337,-24.277405,2384.2986
13.525787,0.0,0.0,0.0,0.43301272,-248.29999,-28.049744,2384.168
13.376337,0.0,0.0,0.0,0.43301272,-274.79453,-36.540436,2384.3765
