12.367563,-0.5190877,0.41518894,2.0892203,0.28499478,-587.66113,635.7634,2174.358
12.20617,-0.35952732,-0.4234814,2.1491876,0.28738543,-572.9986,622.27454,2110.851
12.038108,-0.40234846,-0.41834512,2.1512008,0.28914616,-554.4907,611.3817,2073.4656
12.416828,-0.8516595,-0.280185,2.1137493,0.30286062,-513.6821,660.89825,2001.3196
13.18952,-0.20663719,-0.86657923,1.8347038,0.25557646,-470.4478,583.2928,1959.8932
13.814164,-0.04153391,-0.5219661,2.0227065,0.26303738,-421.9821,604.73254,1931.5626
14.32411,-0.9440759,-1.2008189,1.5701392,0.27386478,-198.08229,494.07684,2013.5575
14.556895,-1.3991821,-1.9726654,-1.5957457,0.3693574,-272.55243,266.81445,2230.5293
14.732355,-0.44158077,-1.8836757,-2.5513744,0.40038824,-163.81772,350.64636,1855.4634
15.055794,-0.42802578,-0.077322155,0.7204452,0.5401607,-271.5035,587.70544,2084.0305
15.189537,-0.41175264,-0.08999676,0.7349801,0.5311916,-282.28015,575.66254,2100.72
14.929546,-0.4758769,0.17418967,1.9445368,0.25118876,-256.8246,556.3722,2156.5493
14.582661,-0.44721377,-0.039087478,2.0632715,0.2651215,-206.21504,665.08514,2119.8062
14.95879,-0.5278168,-0.27848452,1.9979663,0.26076794,-205.79295,610.87537,2119.324
15.045252,-0.67497045,-0.36925438,1.9468412,0.26166907,-201.57274,595.87976,2116.046
15.176242,-0.66307706,-0.434226,1.8588427,0.25344554,-198.8558,588.4536,2123.182
15.212876,-0.53445256,-0.56875986,1.8823587,0.25485423,-193.43385,587.94885,2161.0178
15.027938,-0.29479626,0.2768575,1.9604908,0.2502715,-185.01341,589.6652,2175.5952
15.053875,0.5663054,0.748942,-0.23819394,-0.24828927,-170.9471,594.88605,2182.5706
15.35409,0.59933174,0.7442228,-0.23505919,-0.17799142,-197.62294,585.9378,2234.7954
15.477765,-1.4902636,-1.3092526,0.02319504,0.30614784,-45.40196,575.43915,2476.8088
15.620941,0.12870423,0.4894077,0.7075752,0.49320647,-52.738976,561.7336,2475.939
15.70758,0.5236985,0.35188282,0.65996236,0.40788245,-92.02272,575.8684,2534.767
15.808265,0.6552983,0.7163126,0.23947674,0.011454575,-93.554695,574.0005,2533.1743
15.582745,0.6586556,0.7214022,0.20953831,0.04295735,-94.49354,558.43616,2535.7056
15.266975,0.6517398,0.7278531,0.19828016,0.07842223,-102.36617,560.53235,2539.2537
