15.587958,0.69734585,-0.50352925,0.25341415,-0.44266075,98.74512,633.3164,2454.6382
16.025501,-1.6397988,1.1840419,-1.5822387,0.3300073,20.639347,609.7477,2541.8826
16.383425,-1.4560325,1.0513507,-2.585517,0.3940948,-116.86038,568.0273,2600.4949
16.683586,-1.0427364,0.75292367,-3.097372,0.41923675,-198.63768,559.4517,2620.517
16.956776,-0.69286644,0.5002948,-3.3211238,0.42877823,-277.1639,558.243,2629.3186
17.159334,-0.4481343,0.32358214,-3.412144,0.4321833,-349.63263,559.82025,2628.7708
17.316767,-0.28718004,0.20736264,-3.4473643,0.43325266,-413.30197,559.21387,2628.1562
17.08043,-0.229616,0.16579768,-3.4554389,0.43342397,-456.94568,555.1619,2609.6802
15.918723,-0.14669771,0.10592528,-3.4629245,0.433478,-546.3158,571.45123,2565.9507
15.545302,-0.11725395,0.08466496,-3.4644034,0.4334424,-566.53296,573.6304,2549.143
15.343603,-0.12810887,-0.02552095,-3.4212842,0.42868257,-589.0576,584.4078,2497.835
15.578858,-0.103343785,-0.020587426,-3.431433,0.42958474,-607.18274,596.24524,2454.1177
16.035107,-0.03310729,-0.095048115,-3.3389614,0.42182526,-617.0236,608.85156,2404.152
16.303286,0.065979436,-0.2325387,-3.178972,0.41144428,-611.9648,610.1024,2349.0073
16.068863,0.13611525,-0.3149407,-3.108021,0.40728807,-604.5488,612.5375,2313.5623
15.661064,0.27832687,-0.39494693,-3.061348,0.40470627,-582.84753,626.9411,2211.4592
16.061441,0.70553994,-0.5933206,-2.3864868,0.36655462,-556.45544,637.80615,2133.5542
15.710221,0.8698758,-0.62197936,-2.033963,0.34532118,-515.577,653.11145,2065.3784
15.713475,0.96799827,-0.63482416,-1.7160757,0.324014,-453.34277,670.50165,2018.4768
15.50468,1.0131657,-0.63475716,-1.6148566,0.31710067,-414.15125,677.54895,2004.177
14.988623,1.125136,-0.5958021,-1.6121789,0.3204078,-370.3643,682.4393,2005.9678
14.791037,1.2641935,-0.5616742,-1.6803082,0.32935584,-333.00696,686.7807,2012.5181
14.562441,1.4200002,-0.5229022,-1.7522938,0.3389096,-302.20197,689.54584,2019.8708
14.178064,1.3189852,-0.48570442,-2.626681,0.38927573,-106.18825,602.6178,2242.636
