13.755394,0.0,0.0,0.0,0.43301272,-235.79344,-747.8147,1900.7887
13.894571,0.0,0.0,0.0,0.43301272,-144.21927,-673.9747,1905.3475
13.526949,0.0,0.0,0.0,0.43301272,196.54092,-551.18896,1859.949
13.722701,0.0,0.0,0.0,0.43301272,213.052,-540.9673,1986.1384
13.53024,0.0,0.0,0.0,0.43301272,257.05505,-609.2943,2110.4075
13.198602,0.0,0.0,0.0,0.43301272,268.26566,-633.7894,2116.1267
13.035697,0.0,0.0,0.0,0.43301272,265.92926,-657.83167,2132.9836
13.091274,0.0,0.0,0.0,0.43301272,270.17493,-657.1825,2144.3845
12.798116,0.0,0.0,0.0,0.43301272,273.16122,-575.78125,2510.9858
12.62248,0.0,0.0,0.0,0.43301272,287.5869,-610.9456,2326.966
12.529725,0.0,0.0,0.0,0.43301272,169.77577,-605.6493,2387.0352
13.305856,0.0,0.0,0.0,0.43301272,112.17628,-665.38477,2414.4773
13.820378,0.0,0.0,0.0,0.43301272,71.38512,-587.63855,2514.1113
14.33537,0.0,0.0,0.0,0.43301272,-184.36343,-639.8295,2358.5786
14.546717,0.0,0.0,0.0,0.43301272,-317.43237,-636.23126,2326.3596
14.430066,0.0,0.0,0.0,0.43301272,-518.7676,-670.1958,2388.477
14.62601,0.0,0.0,0.0,0.43301272,-424.65475,-643.3606,2281.8977
14.224606,0.0,0.0,0.0,0.43301272,-436.8598,-628.8073,2255.3323
14.099477,0.0,0.0,0.0,0.43301272,-357.15695,-604.1677,2404.9841
14.531492,0.0,0.0,0.0,0.43301272,-573.6105,-586.62524,2217.7053
14.628838,0.0,0.0,0.0,0.43301272,-743.0451,-651.5892,2068.841
14.172061,0.0,0.0,0.0,0.43301272,-733.56244,-643.2083,2031.4045
13.810385,0.0,0.0,0.0,0.43301272,-742.16785,-624.719,1984.7218
13.422013,0.0,0.0,0.0,0.43301272,-740.48175,-630.34753,1988.1012
13.207704,0.0,0.0,0.0,0.43301272,-745.2807,-616.8696,1990.8754
13.026337,0.0,0.0,0.0,0.43301272,-715.6268,-652.77295,2032.5248
