14.854586,-0.08821423,0.9658832,0.15818359,0.18511038,-166.76701,163.66394,2109.377
14.418529,0.7127414,-1.7079355,0.2587922,0.39489138,-70.69485,119.856186,2057.7405
14.118489,0.3071253,-1.7455776,0.1362969,0.40350598,-4.104686,107.18758,2064.2512
14.523279,0.14888118,-2.3345332,-0.062152717,0.37503222,55.789562,140.15036,2094.534
14.712542,0.032983426,-2.449033,-0.080381535,0.35979322,64.67304,165.68694,2102.4048
14.220192,0.19957256,-2.476895,-0.25265995,0.34981045,77.99228,159.7577,2136.5215
13.989296,0.26630262,-2.4871745,-0.4422152,0.3548669,69.27307,136.49075,2182.1301
13.030394,0.01944265,-2.3717904,-0.5452795,0.30649453,42.62204,146.63206,2350.969
13.725627,-0.06521463,0.9333081,-0.31218934,-0.16498722,-87.769295,191.65077,2251.2776
14.035126,0.0047049285,0.9887278,-0.071449116,-0.13149266,-65.52939,180.1009,2285.0996
14.28177,0.06940681,0.9853489,0.10828087,-0.11200656,-59.26522,166.48146,2331.2373
14.104374,0.4422934,-0.49318534,-0.44988954,0.43894833,-68.06632,173.08209,2408.675
13.762601,0.46565437,2.3548107,-0.23684673,0.3023175,-91.44615,102.46211,2386.9407
13.624798,0.37859708,2.3567674,-0.1442955,0.30080515,-91.424126,97.97276,2407.4978
13.534264,0.24326983,2.5295854,-0.18638124,0.34661356,-105.920815,104.87021,2436.3828
13.5789175,0.21381114,2.5156133,-0.14500345,0.35314804,-117.936554,104.69258,2434.0398
13.569255,0.3702525,2.5460253,-0.23682494,0.3503629,-137.74394,118.82802,2439.441
13.089935,0.09148268,1.0384501,0.017292209,0.4259992,-248.28511,95.73593,2382.7024
12.971557,0.1961935,1.1665598,0.06523462,0.42327288,-255.1263,109.40465,2373.4404
13.338095,0.17341489,0.22326928,0.13115975,0.42991862,-290.39062,115.54787,2391.3264
