13.037345,1.0915985,-1.6236348,0.15274276,0.3941404,-382.88046,119.47232,1936.2407
13.3768835,-6.159273E-4,0.80828685,0.04850337,0.5867874,-327.00266,78.001465,1993.5543
13.991917,1.711417,-1.1785691,-0.13443512,0.40495372,-328.2427,158.46117,2131.7935
14.065182,1.1196524,-1.3878281,-0.0390633,0.40873396,-331.6573,184.5453,2114.5771
13.784529,-0.45222047,0.8085415,-0.1808685,0.43087968,-182.57104,138.53436,2118.7388
13.430668,0.033813186,0.93214965,-0.0997073,-0.34642765,-300.69186,115.209625,1738.847
13.132696,0.007933372,0.9698179,-0.060875602,-0.23597561,-177.51785,76.47507,1950.7969
12.939169,1.2314773,-1.8503019,0.23697706,0.29097146,-234.47333,73.99484,1872.2153
13.158613,1.3832133,-1.8654096,0.27546537,0.3190644,-167.4566,59.389664,1947.1387
13.008491,1.2219973,-1.8882385,0.4029784,0.309819,-149.54579,78.62352,1942.948
12.736491,0.20554149,-2.324988,0.1257019,0.36375177,-94.337105,186.48509,1946.9172
12.624839,0.26514232,-2.1742363,0.03878292,0.2778868,-81.012924,141.19472,1921.2229
12.407743,0.32666862,-2.362295,-0.10425268,0.31318966,-67.78637,140.01471,1959.5286
12.171205,0.3848923,-2.1969736,0.05684307,0.2859615,-68.4028,144.70784,1976.253
11.962055,-0.06850706,0.67662364,-0.10798752,-0.72513855,-44.43547,148.63881,2007.8204
11.875136,0.058871455,0.69065744,-0.11315161,-0.7118449,-21.192825,157.82756,2036.9149
11.672726,0.026947066,0.7006722,-0.08057824,-0.7084062,-27.077147,174.0393,2057.423
11.49591,-0.12967217,-2.0145013,0.14022744,0.25295606,5.1433086,158.05754,2088.4648
11.664614,0.023528451,0.9664585,0.017558442,-0.25513944,72.97242,117.28334,2175.6814
11.869807,0.016643614,0.8946915,0.0089299865,-0.4462849,47.767326,111.82861,2200.374
12.268281,-0.010748304,0.9914374,-0.100224674,0.08301373,66.47807,142.83434,2361.0996
12.237166,0.0015450435,0.9934442,-0.107996136,0.037456933,60.352867,159.32034,2365.2258
12.294991,0.36994836,-2.073765,-0.5033197,0.4047905,29.509174,236.1773,2291.3694
12.201776,0.09980398,0.88501006,-0.1397533,0.43274158,10.966498,124.61043,2353.8254
12.016599,-0.69892454,-1.368889,-0.8494119,0.4378698,-1.770504,114.52919,2445.479
11.819108,-0.75340885,-0.9564722,-0.91049397,0.4438486,-9.966984,107.968185,2479.0852
11.633379,-0.013023052,0.788256,-0.30057156,0.53678644,-42.77277,149.15312,2525.4102
11.503099,0.060777698,0.8630508,-0.25054762,0.4343676,-65.345566,127.618225,2537.0059
