15.836683,0.005095575,0.76323575,0.06772926,-0.6425403,-209.89755,71.52205,2116.6724
15.796631,-0.0057287845,0.9096286,0.08293138,-0.40701988,-206.48882,100.69081,2065.6343
15.251267,-0.0117463395,0.96646905,-0.06868363,-0.24714774,-77.236786,173.93736,2069.2356
15.6244335,-0.049933758,0.98535955,-0.120481774,-0.10980592,-72.38564,192.14294,2056.6777
15.92541,-0.022281762,0.99346507,-0.08918178,-0.06765514,-27.172955,173.22954,2089.1096
16.025074,-0.032636527,0.9950751,-0.089233905,-0.028245991,-17.541527,170.2307,2110.0813
16.104837,-0.04217289,0.9958243,-0.0785991,-0.019436795,-6.8805747,163.60751,2125.0571
16.185955,-0.03544036,0.99847966,-0.03393342,0.025119321,12.653522,130.87999,2187.389
15.895413,-0.07490361,0.99640304,0.008312507,0.038746838,-11.4886265,122.00473,2238.1921
16.136482,-0.08314816,0.98165625,0.052534565,0.16333245,-34.438343,138.41685,2274.8438
16.29429,0.02902628,0.95079184,-0.19364598,0.24011162,-11.920277,136.80373,2424.2842
16.45645,0.098835506,0.78262675,-0.016489763,0.6143737,-32.311794,168.84447,2378.582
16.477215,-0.076704055,-2.1874259,-0.34160197,0.2769151,-9.474342,162.02428,2525.896
16.192926,-0.099492796,-2.3111234,-0.47671458,0.29576167,-23.260593,148.59476,2533.9507
15.707026,0.112218864,0.943439,-0.17701459,0.2568961,-31.02457,139.27592,2428.012
15.46381,-0.70329577,1.3546916,-1.1047939,0.43541867,-82.2368,119.50818,2568.2102
14.969817,0.107300125,1.010891,-1.004613,0.44444373,-110.85568,111.34465,2573.8325
15.228005,-0.064614676,-0.62426364,-0.95819163,0.44729382,-162.36331,98.46126,2572.686
15.4895735,0.1425983,0.805089,-0.21513349,0.53405523,-197.9573,104.0011,2561.6829
15.84317,0.61446255,2.520135,-0.6272222,0.33803645,-247.97269,107.46161,2544.1401
