14.274621,-0.6628363,0.736989,-0.116650596,-0.062352423,308.64325,142.27942,2112.1924
14.139546,-0.6511817,0.72403044,-0.22261211,0.04675648,384.58597,237.77805,2224.212
13.798457,-0.62762886,0.6978427,-0.31358525,0.1440902,420.12408,214.96835,2273.5198
13.707508,-0.5962231,0.6629235,-0.3904165,0.22940277,447.8036,198.89346,2321.2712
14.495015,-0.52159935,0.5799517,-0.50727665,0.3664156,444.58353,185.6088,2393.847
15.02685,-0.8484786,0.9433996,-1.1192976,0.25663427,419.25336,179.7492,2434.1914
15.347235,-1.0094883,1.1224217,-1.730796,0.31721258,398.46814,178.67154,2461.1814
15.794904,-1.0228088,1.1372324,-2.2279143,0.3558492,375.36536,184.08145,2483.7832
16.117884,-0.9526411,1.0592147,-2.6025712,0.38116834,344.34537,180.66476,2492.4795
16.433355,-0.8445184,0.938996,-2.8721015,0.39794326,324.55505,187.43542,2506.8772
16.541876,-0.7260928,0.8073222,-3.060529,0.40912953,282.01614,180.83826,2517.8706
16.725197,-0.6121685,0.680653,-3.1899772,0.41662875,224.12006,171.14505,2529.4324
16.867392,-0.5095617,0.56656736,-3.277995,0.42168248,186.26604,168.89157,2561.9673
16.590494,-0.4205731,0.46762326,-3.3375156,0.42510784,219.26033,168.04495,2626.3296
16.711796,-0.345156,0.3837692,-3.3776765,0.42744446,156.73885,192.85278,2666.8582
16.81302,1.1071517,-1.0914736,-2.8210392,0.40292084,130.37943,99.09506,2661.621
16.648962,1.1105678,-1.2916692,-1.4218705,0.29596174,109.98888,129.2575,2680.3582
16.537085,-0.48624483,0.6298735,0.42777193,-0.42876178,82.45865,139.82993,2690.4468
16.654493,-0.5182031,0.7243512,0.34241617,-0.2992192,53.99732,150.93509,2692.207
16.746592,-0.53215545,0.77940685,0.2717493,-0.18838228,22.790276,156.568,2693.5737
16.906143,-0.5316574,0.8382119,0.024050742,0.11900771,-20.333141,167.38101,2674.1084
16.70933,-0.5515765,0.82392913,-0.004825525,0.1299264,-22.649323,174.64969,2656.495
16.599312,-0.5660737,0.6126576,0.48827818,-0.25650612,180.97388,182.32883,2585.277
16.670431,1.2227677,-0.90618235,-2.3030457,0.36480403,307.16223,209.45117,2556.4475
16.728903,1.0644912,-0.7123301,-2.814243,0.39601305,326.22418,206.80756,2477.0005
16.890142,1.0837744,-0.47971842,-2.8441615,0.39831495,298.8884,222.28354,2439.8752
17.037918,1.054361,-0.32244757,-2.726556,0.3917493,284.00977,232.3186,2414.0076
15.7115965,-0.36071855,1.489834,-2.4707296,0.37224397,268.6867,233.16019,2405.752
15.470849,-0.3312188,1.5007982,-2.6812818,0.38903713,255.65758,233.72263,2402.3228
14.993149,-0.4440561,1.3870423,-2.910514,0.40682548,245.96921,222.97641,2401.4856
14.895587,-0.47289643,1.2149458,-3.0862608,0.41986218,231.73816,214.67862,2405.109
15.427811,-0.34575883,1.0177115,-3.2436552,0.43393373,183.77896,214.4856,2417.2239
15.485113,-0.1637837,0.9599513,-3.2873518,0.43846875,154.37325,214.72052,2420.0444
15.010439,-0.031547442,0.87989205,-3.3264844,0.44083816,128.80289,213.92633,2415.933
15.252623,0.1491061,0.8423637,-3.3479886,0.44096974,105.98636,212.99756,2414.8528
15.493102,1.112428,0.13539669,-3.2938163,0.43877584,71.216286,220.21103,2419.9568
15.73621,1.1745937,0.10937437,-3.26816,0.43745115,53.493458,222.13287,2419.9783
15.895841,1.1225288,0.18412027,-3.2869067,0.4373094,43.029804,223.48685,2421.7666
16.089005,1.3451936,0.14889905,-3.189562,0.43571115,20.185905,227.642,2440.0173
15.867045,1.3311136,0.45755452,-3.1710775,0.43592003,6.2785864,248.38275,2490.0723
15.34065,1.2019355,0.41315106,-3.2346895,0.43658173,7.6350293,245.08426,2450.7092
14.946985,1.0834353,0.372418,-3.2859092,0.4369967,7.978821,228.67133,2426.215
15.042317,0.8772557,0.3015463,-3.3596594,0.43730807,17.765144,206.85513,2389.9062
15.486557,0.70835596,0.243489,-3.406101,0.43719113,27.446184,199.82672,2379.7463
15.882879,0.57124925,0.1963601,-3.4347305,0.4368544,36.84795,194.53604,2376.186
16.063107,0.5128995,0.17630304,-3.4444518,0.43664512,45.305584,191.31485,2368.3704
16.199575,0.46049932,0.15829112,-3.4519196,0.43642327,53.887096,189.33578,2365.2698
16.326042,0.41346443,0.14212345,-3.4576004,0.43619657,62.294617,186.57993,2363.9167
16.376001,0.37125814,0.12761559,-3.4618678,0.43597063,68.53225,183.71661,2358.7725
16.508358,0.3333907,0.1145991,-3.4650216,0.43574956,76.49076,183.45615,2353.4246
16.63465,0.29941836,0.10292149,-3.4673038,0.43553635,88.11244,180.38046,2347.6682
16.75764,0.26893982,0.09244485,-3.468906,0.43533283,92.05618,179.43237,2346.1519
16.859758,0.24159387,0.08304503,-3.4699826,0.4351404,95.64876,182.03888,2357.5566
16.936163,0.21705604,0.07461043,-3.4706552,0.4349596,78.73411,187.38028,2363.492
17.03771,0.19503477,0.067040876,-3.4710207,0.43479082,50.803295,199.27841,2356.0117
17.064772,0.17526904,0.060246654,-3.4711547,0.43463388,42.09229,201.69104,2343.699
17.118801,0.15752485,0.054147303,-3.4711185,0.43448874,37.681217,201.20605,2327.6643
17.122517,0.14159277,0.048670843,-3.4709594,0.43435484,36.41507,213.50339,2318.5186
