7.695791,-0.56283814,0.8000757,-0.17905143,0.105036356,408.71768,474.15628,1982.686
7.596819,-0.57001156,0.80091256,-0.15541737,0.097321175,353.7707,509.75613,2010.3403
7.525714,-0.5644991,0.79640657,-0.18801527,0.108293995,299.87436,527.824,2028.1658
7.3100286,-0.5992216,0.78576493,-0.14846325,0.038282968,215.20174,487.96655,2058.99
7.588223,-0.61420494,0.7841485,-0.07220831,-0.051473133,127.3742,427.11615,2093.141
7.5009823,-0.62549025,0.7677247,0.006304918,-0.13899982,37.51836,392.61615,2125.1296
7.7846513,-0.61779994,0.752,0.07563146,-0.21702349,-35.88031,382.2688,2159.1292
8.131947,-0.6208918,0.7608186,-0.036981504,-0.18515047,-89.05847,362.3288,2191.5342
8.293631,-0.6116563,0.7525332,0.0058658086,-0.24399972,-138.95273,341.52582,2244.2625
8.2699585,-0.59433866,0.7432574,0.053701986,-0.30240056,-150.29547,328.36472,2298.6265
8.112644,-0.60634935,0.7031779,0.075349055,-0.36359835,-141.34576,323.21375,2350.9336
8.019989,-0.6111876,0.6853884,0.12593856,-0.37527573,-134.39557,282.988,2411.218
7.8931828,-0.6145461,0.68368036,0.20698927,-0.33476803,-107.22429,275.05798,2480.51
7.7780824,-0.5927104,0.7034082,0.27555022,-0.27925515,-65.160095,266.32983,2531.007
7.70338,-0.55922425,0.66366804,0.34954047,-0.35303605,35.561127,303.55927,2561.417
7.750499,-0.52255994,0.6201561,0.41208905,-0.41535547,104.33374,321.17435,2575.6775
8.1156025,-0.4846195,0.57512975,0.4645139,-0.46754315,153.25975,313.43674,2586.8384
8.072729,0.9155814,-1.0865804,-1.0414134,0.2506826,200.24126,316.18826,2598.166
7.946585,1.0306981,-1.2231967,-1.3686185,0.28737175,248.80397,321.20645,2609.4011
8.056742,1.1116997,-1.3193268,-1.9489206,0.33873096,372.9452,344.90637,2614.8906
8.3804,1.1001313,-1.3055978,-2.192622,0.35690695,425.2683,342.2744,2616.0425
8.4232,1.0172688,-1.2072595,-2.5854914,0.38328716,534.35016,341.9011,2631.4648
9.071578,0.8953601,-1.0625825,-2.867769,0.4004686,613.76984,341.0927,2643.9104
9.61167,0.8358999,-0.95426387,-3.0762165,0.4159419,700.80634,323.47427,2658.2478
10.049364,0.8857673,-0.5344913,-3.2837927,0.43278697,764.8143,301.19342,2644.558
10.000669,0.8497753,-0.3204869,-3.3467433,0.43651918,782.1872,298.26053,2625.3213
9.796398,0.79576516,-0.097974025,-3.3905272,0.43840763,781.79175,325.52048,2592.0347
9.810312,0.5167154,0.8238256,-3.2724206,0.42682862,801.2108,343.14972,2481.008
