13.272523,1.799722,1.3104811,1.2130224,0.31695184,469.6526,225.2312,2679.994
13.233421,1.3795238,1.1051228,1.2845857,0.28143007,225.56485,227.5906,2621.8494
12.934874,1.3563832,0.4268685,1.8939787,0.300744,168.84477,210.07065,2620.9082
12.814869,1.3640072,0.2886529,1.9075899,0.3014874,125.41162,195.61908,2618.6147
12.852084,1.2982707,0.19088818,1.9453875,0.30152732,74.31185,219.58752,2603.0881
13.337955,1.2829176,0.03010574,1.9192023,0.2942204,21.459372,188.46133,2605.7373
13.582183,0.9069643,-0.14694864,2.0137472,0.28177717,-27.880117,181.4509,2589.9966
14.261425,0.7270791,-0.21377292,2.0193017,0.27279976,-44.14202,181.81018,2593.475
14.665204,0.5193113,-0.33625233,1.9856619,0.2613462,-57.102608,195.23032,2589.1626
15.051748,0.35238394,-0.41587594,1.9465548,0.25313494,-74.88452,179.2211,2562.1343
15.221295,0.2751286,-0.51165384,1.9150925,0.25053456,-76.75957,182.88403,2566.6821
15.471264,0.12596393,-0.18924734,0.66196203,0.7142302,-84.157974,189.40735,2551.5867
15.706014,0.15935743,-0.18635584,0.6524909,0.7170302,-85.60401,192.7999,2537.8125
15.254251,0.11822193,-0.21712153,0.6417066,0.7260127,-92.13563,191.462,2486.7651
15.462399,0.10358091,-0.22516295,0.6356495,0.73111033,-86.851814,200.4674,2446.3098
15.636153,0.10232754,-0.23720315,0.63171184,0.73089254,-83.181725,202.45288,2440.9058
15.418012,0.08360637,-0.2885817,0.63394994,0.71262753,-83.696724,180.28076,2422.168
14.60418,0.062787175,-0.28034157,0.65024954,0.70330775,-61.63298,174.85126,2387.6353
13.589729,-0.14678988,-0.34561655,0.61978304,0.6891087,-39.10769,182.10928,2251.9304
13.406812,-0.14339633,-0.38758558,0.60369515,0.68173826,-34.570534,184.57541,2250.6501
13.108497,-0.018628702,-0.3456654,0.640465,0.6855456,-32.761272,191.68597,2235.1304
12.898786,-0.0940089,-0.36927256,0.6389818,0.66820824,-4.5276566,164.07422,2137.752
13.257353,-0.11141006,-0.4052359,0.6928144,0.5859862,2.5708122,148.3689,2112.7507
12.918224,-0.10799783,-0.49660465,0.59799343,0.6197775,20.166927,184.53226,2045.3987
13.306883,-0.1249022,-0.5156952,0.5934625,0.6051943,28.64637,188.5039,2020.5371
13.715123,-0.1905111,-0.56660134,0.580585,0.5528015,35.92276,210.37546,1983.2021
13.546521,0.3054209,0.591677,-0.5510867,-0.50293124,71.77527,180.64554,1943.4552
13.411356,0.33910403,0.58230025,-0.5623043,-0.4793212,94.46675,184.51273,1939.1725
13.414851,0.37730062,0.5888833,-0.54612744,-0.46109167,153.36609,171.82333,1942.4331
13.780476,0.36516422,0.6299653,-0.54563105,-0.41483182,172.34723,164.14044,1940.4496
14.031006,0.39407846,0.69693816,-0.50872856,-0.31650385,231.91684,161.81851,1937.9352
14.055198,0.45259875,0.7663302,-0.4093441,-0.20082268,268.66174,194.45801,1905.3477
13.4869,-0.359544,-0.2286303,0.277849,0.26530856,338.42746,272.2974,2120.0154
13.409887,0.49790806,0.8081292,-0.26986447,-0.16182652,355.13007,267.15424,1925.5402
13.166098,0.40518555,0.7444164,-0.46728912,-0.2516142,348.48666,221.13217,1928.6898
13.597505,0.46308693,0.67198944,-0.49991852,-0.28993466,361.6649,217.11343,1921.9891
13.408621,0.46887428,0.68101037,-0.4791126,-0.29467422,381.6078,223.46503,1926.511
13.288478,-0.55011535,-0.49446112,0.5565668,0.37830487,284.55096,164.25308,2324.4673
13.929195,0.6133754,0.5427579,-0.4645824,-0.3366713,292.36826,205.42023,2291.236
14.2805805,0.61037534,0.53179836,-0.48199344,-0.33513397,298.05887,197.99744,2272.47
14.626539,0.60777867,0.5976459,-0.43075538,-0.29643598,300.30872,184.59027,2241.135
14.970404,0.6054224,0.57348394,-0.46929115,-0.2904234,343.72418,181.05515,2213.0552
14.634456,0.5966795,0.5851874,-0.46457157,-0.29274976,357.39474,176.24768,2206.4265
14.345588,0.6232198,0.5921576,-0.4281554,-0.27862087,371.48645,203.3385,2164.3958
14.207779,-0.9284242,-0.8427797,0.43997386,0.2610433,388.11734,155.53192,2148.5784
14.156659,-1.0592777,-0.92550695,0.4587868,0.2690496,377.9427,129.84628,2139.979
13.566406,-1.1968869,-0.9908439,0.34747985,0.2822529,406.14767,167.38507,2132.481
14.273095,-0.9694581,-0.79143685,0.17402266,0.28033292,414.69073,191.9234,2103.1426
14.502859,-1.020953,-0.80910265,0.28167808,0.2790099,417.601,183.92767,2126.486
14.596986,-1.0507164,-0.8204596,0.34968215,0.27788913,418.95776,185.59842,2134.4785
