19.900557,-0.7858276,-2.1792507,-0.3181898,0.40451977,47.868248,-429.12732,2113.3833
19.20648,-1.4536483,-2.0655808,-0.53564066,0.41166535,114.07416,-428.40442,2066.5066
18.059225,-1.0208995,-1.9548188,-0.46942973,0.41709065,167.49695,-423.30185,2028.3077
17.43711,-2.0492156,-1.4533293,-0.09016251,0.41258046,258.87787,-377.81244,1995.7897
17.054974,-0.46403882,-2.557104,-0.4543037,0.36898783,275.8941,-386.14252,1976.9924
16.34467,-0.30976674,-2.395563,-0.5203931,0.39303717,294.26617,-367.48053,1961.7714
15.557682,0.55215275,-2.1134434,0.6130227,0.3214981,327.64365,-368.3993,1953.3431
15.744692,-1.1713629,-2.2589178,-0.3021296,0.39820886,267.24957,-409.65964,2056.2258
15.402826,-0.75845194,-2.2665694,-0.06157628,0.39167383,226.958,-406.17715,2066.7146
15.34848,0.18300492,-2.187455,0.40508822,0.36573508,387.61075,-392.28366,1966.7131
15.648905,-0.6077637,-2.3978255,-0.2447535,0.38678756,258.4477,-389.47253,2057.9087
15.71705,0.3513009,2.184303,-0.029896531,0.2766059,293.69885,-351.83984,2029.618
15.302685,-1.8702979,-0.10092152,-0.003944494,0.42139643,325.58777,-429.87967,2120.7556
15.188716,-1.4553934,-0.29949766,-0.47093812,0.43622357,404.1099,-387.81778,2156.804
15.170447,-0.4746568,-2.193945,-0.38758105,0.4046461,496.84384,-330.14542,1933.9941
15.207839,-0.5034482,-2.3871372,-0.37532935,0.39141327,521.2778,-333.02002,1945.1576
14.790675,-0.04432755,0.9747217,0.21898124,1.2344168E-4,405.02222,-344.07452,2172.6384
14.415363,-0.13899453,0.9888459,-0.050597567,0.017444018,395.83295,-340.2032,2170.5608
14.267202,-0.100078866,0.9412825,0.28486535,0.15107316,394.28406,-349.19623,2174.1448
14.007725,-0.09170798,0.9515448,0.25811982,0.1397361,398.35428,-367.77344,2180.6738
13.626675,-0.084659554,0.9564781,0.2459365,0.13227859,403.77448,-375.93835,2186.136
13.285716,-0.07965849,0.9589835,0.25196368,0.10256392,409.07718,-386.95187,2214.0168
13.097781,-0.15455729,0.97988105,-0.056430284,0.11296364,413.79218,-388.29248,2211.512
13.326297,-0.16103338,0.9707283,-0.078912556,0.15977314,436.24445,-431.36627,2229.6475
13.566801,-0.11353431,0.9803887,0.009463598,0.16080546,480.4146,-476.15366,2335.1025
13.841585,-0.12813996,0.9672929,-0.083670124,0.20229611,480.21576,-452.98993,2254.0583
14.137216,-0.13181685,0.9647685,-0.09763559,0.20570213,477.00958,-434.14026,2242.189
14.359274,-0.14298452,0.94732785,-0.108673945,0.2651704,479.8946,-434.8739,2237.1196
14.108513,-0.032000925,0.96421057,0.05655172,0.25705206,491.7546,-422.74133,2219.1995
14.667329,-0.091583855,0.9518375,-0.058602467,0.2866768,497.0973,-408.68573,2206.8013
14.880893,-0.05034387,0.92878115,0.01571724,0.3668568,499.94717,-409.75912,2225.3115
15.110455,-0.042082343,0.9237061,0.010732938,0.38063222,534.4928,-422.16968,2243.205
15.24423,-0.01048606,0.9393659,0.04049413,0.34035558,539.3347,-418.34058,2268.247
15.372643,0.007477523,0.93097126,0.077351294,0.356726,536.4163,-416.99664,2279.9272
15.368228,-0.058952626,0.93039304,0.11447414,-0.34320408,578.6773,-436.94904,2325.6565
14.869446,0.03809551,0.8098106,0.114280686,0.57419103,531.93823,-414.7793,2240.9907
14.585983,-0.0585941,0.9745245,0.0036547352,-0.21646109,538.4816,-372.63477,2336.3987
14.9934,-0.0586698,0.9547143,-0.010825133,-0.2914813,541.7754,-344.88818,2379.834
15.229273,-0.036518175,0.9775623,0.15622969,0.13649447,506.06454,-355.96185,2486.5066
15.559521,0.039387576,0.96906495,0.09843876,0.22287117,538.84393,-380.38104,2508.7385
15.681561,0.07113869,0.9687117,0.13908704,0.19285156,538.6099,-378.0594,2541.6667
15.359172,0.0043691928,0.987861,-0.01934471,0.15406907,493.3173,-452.80664,2398.7444
15.067283,-0.011545529,0.9898815,-0.055257726,0.13018364,474.57782,-448.29572,2390.4402
14.575533,-0.5825438,1.4905603,-0.0051129176,0.4126881,449.26236,-430.37225,2370.1597
13.932036,-0.018294787,0.8882462,0.17856963,0.42284375,392.2567,-404.1045,2610.7957
13.809553,-0.19309868,0.63731134,0.09567778,0.73986,356.42065,-390.72992,2574.7542
13.78793,-0.1499583,0.70613897,0.13253886,0.67920077,336.8615,-431.24884,2576.2046
13.851953,-0.05031541,0.6786463,0.087827496,0.72745705,280.1879,-396.62036,2521.8184
13.811459,-0.6561253,2.316722,-0.105862305,0.3519359,228.78036,-386.63965,2504.238
