7.5453663,0.0,0.0,0.0,0.43301272,360.399,114.984924,2350.0122
7.4950285,0.0,0.0,0.0,0.43301272,386.37534,68.966034,2353.08
7.4291763,0.0,0.0,0.0,0.43301272,396.71112,78.42334,2342.8125
7.473331,0.0,0.0,0.0,0.43301272,422.91278,94.33008,2330.7449
7.539741,0.0,0.0,0.0,0.43301272,456.25995,109.49231,2308.7263
7.881372,0.0,0.0,0.0,0.43301272,500.6104,74.333405,2229.9756
7.9218125,0.0,0.0,0.0,0.43301272,483.59656,48.28064,2212.9824
7.7197485,0.0,0.0,0.0,0.43301272,458.0572,36.974518,2222.4563
7.58259,0.0,0.0,0.0,0.43301272,464.18695,149.8454,2311.5173
7.4420905,0.0,0.0,0.0,0.43301272,471.65262,131.3161,2366.0342
7.322978,0.0,0.0,0.0,0.43301272,470.31564,121.08008,2408.3267
7.2039323,0.0,0.0,0.0,0.43301272,466.6007,107.010864,2430.865
7.098452,0.0,0.0,0.0,0.43301272,455.44366,96.20511,2431.0283
7.161051,0.0,0.0,0.0,0.43301272,445.64926,86.00217,2409.9639
6.9953947,0.0,0.0,0.0,0.43301272,430.02438,78.29089,2378.9458
6.9879503,0.0,0.0,0.0,0.43301272,418.90234,-3.2312012,2309.7825
7.07792,0.0,0.0,0.0,0.43301272,398.20126,22.183136,2259.5088
7.759256,0.0,0.0,0.0,0.43301272,352.94394,36.32086,2204.2805
8.171925,0.0,0.0,0.0,0.43301272,340.13263,36.248016,2203.4507
8.525722,0.0,0.0,0.0,0.43301272,330.9826,35.22534,2214.0168
8.422869,0.0,0.0,0.0,0.43301272,306.9444,30.131317,2319.284
8.303225,0.0,0.0,0.0,0.43301272,347.7797,26.64151,2352.9363
8.17352,0.0,0.0,0.0,0.43301272,375.36023,30.510437,2364.1921
8.147452,0.0,0.0,0.0,0.43301272,409.14853,66.00949,2376.222
8.14271,0.0,0.0,0.0,0.43301272,407.65176,78.28647,2340.6191
8.076162,0.0,0.0,0.0,0.43301272,387.70422,57.810425,2327.1633
7.9684277,0.0,0.0,0.0,0.43301272,350.8607,35.530273,2318.8037
7.8025246,0.0,0.0,0.0,0.43301272,301.41876,24.248016,2313.1262
