12.555707,0.0,0.0,0.0,0.43301272,-288.60214,39.813873,2181.6719
12.511329,0.0,0.0,0.0,0.43301272,-268.55847,63.09915,2184.1594
12.57194,0.0,0.0,0.0,0.43301272,-251.09007,66.97897,2183.512
12.751298,0.0,0.0,0.0,0.43301272,-216.32974,71.644455,2172.7974
12.714057,0.0,0.0,0.0,0.43301272,-199.50125,69.89322,2163.385
13.151529,0.0,0.0,0.0,0.43301272,-187.93524,56.95511,2143.323
13.260356,0.0,0.0,0.0,0.43301272,-180.29724,54.228455,2137.3093
13.380879,0.0,0.0,0.0,0.43301272,-166.32092,40.31717,2123.592
13.79638,0.0,0.0,0.0,0.43301272,-160.8292,43.198822,2125.812
14.192644,0.0,0.0,0.0,0.43301272,-153.51073,44.649445,2127.7961
14.111269,0.0,0.0,0.0,0.43301272,-155.15839,46.58426,2147.124
13.839668,0.0,0.0,0.0,0.43301272,-173.76753,46.35913,2150.8125
13.666622,0.0,0.0,0.0,0.43301272,-178.92668,50.251526,2154.9
13.5816345,0.0,0.0,0.0,0.43301272,-168.3713,57.61154,2158.5789
13.594513,0.0,0.0,0.0,0.43301272,-156.61765,45.774628,2122.836
13.373892,0.0,0.0,0.0,0.43301272,-149.44753,42.607605,2102.7642
13.301313,0.0,0.0,0.0,0.43301272,-138.22643,32.989075,2089.3953
13.363634,0.0,0.0,0.0,0.43301272,-134.28195,11.066895,2096.1033
13.383637,0.0,0.0,0.0,0.43301272,-132.41382,6.6940002,2099.2502
12.821643,0.0,0.0,0.0,0.43301272,-132.04585,4.186615,2112.5654
12.95066,0.0,0.0,0.0,0.43301272,-156.01285,-0.7183533,2151.9385
13.339108,0.0,0.0,0.0,0.43301272,-164.23312,0.84765625,2165.7534
13.208552,0.0,0.0,0.0,0.43301272,-192.69264,8.205963,2198.0027
13.630975,0.0,0.0,0.0,0.43301272,-202.20856,12.271851,2210.923
13.491026,0.0,0.0,0.0,0.43301272,-234.4479,17.83313,2225.4094
13.968137,0.0,0.0,0.0,0.43301272,-254.06546,12.022919,2229.0886
14.629434,0.0,0.0,0.0,0.43301272,-346.68054,19.513397,2295.5745
15.243002,0.0,0.0,0.0,0.43301272,-406.11023,9.144196,2276.242
