13.504176,-0.5481001,0.62605256,0.202102,-0.516526,117.06413,539.8397,2172.54
13.013186,-1.3384343,-0.8290027,-3.039316,0.4278658,103.68658,532.3297,2208.2146
13.3737755,-0.680068,-1.5687335,-2.4294198,0.38317147,94.72358,533.3291,2235.729
13.1922035,-1.4416995,1.5662574,-0.82534224,0.28623602,52.72011,523.73285,2448.6233
13.134604,-1.4733012,0.9789642,-2.5168335,0.38752186,98.3591,502.3463,2283.569
13.135418,0.7256529,-0.6529335,-0.2115211,0.04862733,15.6763115,575.4997,2222.936
12.664099,-1.1596947,1.3551068,-1.071107,0.27191967,27.78608,563.13544,2215.399
12.56969,-0.5907216,0.6605767,0.09226042,0.45406428,31.14654,548.9695,2218.7288
12.542443,-0.59886867,0.62656766,-0.07169589,0.49358788,-44.31962,534.2185,2206.533
12.598065,-0.49759117,0.5777992,0.23744933,0.60180473,-50.55549,426.54767,2482.629
12.38833,-0.56899273,0.6577147,0.008149124,0.4935504,-65.37752,495.79706,2254.3918
12.515278,0.5729595,-0.5616492,0.29758823,-0.5174056,-102.800934,517.6052,2139.2527
13.361667,-0.54877245,0.60186315,-0.2649107,0.51617044,-104.784294,529.25287,2133.246
13.742817,-0.5159285,0.587545,-0.29754645,0.5477908,-114.95143,534.0796,2130.214
13.2233515,-1.2771746,1.4002608,-1.1865858,0.28847167,-128.17235,542.978,2106.9924
13.283705,-1.3035953,1.4263089,-1.2457598,0.2951865,-163.87596,584.49646,2088.6584
13.251659,-1.4464157,1.474424,-1.7724159,0.3426157,-117.98391,566.67017,2126.1963
12.538717,-1.529705,1.343401,-2.2245808,0.37707677,-130.23888,562.5582,2112.0864
13.44089,-1.5484246,1.1443181,-2.5012457,0.39456597,-131.56653,565.08093,2108.395
14.153693,-1.4391047,0.7109359,-2.949854,0.4215736,-156.87256,564.2724,2101.8606
14.422191,-1.3616744,0.4086492,-3.1101053,0.4301255,-166.11134,560.18933,2101.3645
14.359124,-1.3640826,0.6260516,-3.0358126,0.42566493,-179.60165,568.8781,2114.2456
13.685843,-0.82026017,0.030640138,-3.3884325,0.43907383,-208.98859,579.7429,2118.6687
13.460096,-0.66786844,0.0029765386,-3.4279172,0.44203117,-228.31723,568.9747,2142.2686
13.244339,-0.32243332,-0.6404652,-3.408904,0.44014484,-257.5953,577.9959,2137.7656
13.060563,-0.24270552,-0.8049022,-3.3652399,0.4386557,-275.70938,581.9891,2154.563
12.771814,0.06644571,-1.4366153,-2.9902291,0.41518337,-288.35388,582.0148,2176.7317
12.673996,-0.04567788,-1.5707757,-2.8393354,0.4056759,-286.82104,568.656,2180.5115
12.6816225,0.6825189,-1.631388,-2.4354105,0.3773823,-319.95148,574.2452,2242.9155
12.562295,-0.59547657,0.7224292,0.10354995,-0.33582887,-308.67273,545.817,2244.872
12.3244705,-0.5755635,0.77083546,0.07571406,-0.26231042,-293.6273,526.3706,2268.0923
12.098962,-0.6194992,0.76801354,0.03486611,-0.15861958,-309.47678,547.84106,2299.8474
12.177938,-0.6229469,0.76859945,0.0068376428,-0.14541353,-305.60727,552.4254,2297.516
12.463464,0.8383054,-1.2832943,-1.2828759,0.27453476,-316.7874,566.3822,2299.652
12.738175,0.6825346,-0.5609717,-0.21767959,-0.41481674,-313.6305,566.4546,2300.7761
