14.274621,0.0,0.0,0.0,0.43301272,617.4464,-746.52954,2174.587
14.139546,0.0,0.0,0.0,0.43301272,604.12006,-737.87476,2160.2441
13.798457,0.0,0.0,0.0,0.43301272,610.0881,-716.33527,2169.6687
13.707508,0.0,0.0,0.0,0.43301272,610.9034,-695.7372,2176.7986
14.495015,0.0,0.0,0.0,0.43301272,588.85986,-677.85895,2206.5066
15.02685,0.0,0.0,0.0,0.43301272,585.2436,-655.1029,2218.5225
15.347235,0.0,0.0,0.0,0.43301272,479.47186,-688.41187,2158.9165
15.794904,0.0,0.0,0.0,0.43301272,463.07898,-718.7894,2108.969
16.117884,0.0,0.0,0.0,0.43301272,484.7052,-750.4844,2104.269
16.433355,0.0,0.0,0.0,0.43301272,486.97675,-762.31323,2109.9314
16.541876,0.0,0.0,0.0,0.43301272,496.3537,-762.33655,2124.7302
16.725197,0.0,0.0,0.0,0.43301272,519.5268,-740.1322,2400.544
16.867392,0.0,0.0,0.0,0.43301272,402.2446,-823.435,2389.2117
16.590494,0.0,0.0,0.0,0.43301272,367.0102,-859.2085,2378.414
16.711796,0.0,0.0,0.0,0.43301272,379.97684,-833.5846,2404.741
16.81302,0.0,0.0,0.0,0.43301272,369.5658,-826.3174,2411.6829
16.648962,0.0,0.0,0.0,0.43301272,334.70105,-825.3667,2427.6467
16.537085,0.0,0.0,0.0,0.43301272,297.02533,-827.96985,2432.3865
16.654493,0.0,0.0,0.0,0.43301272,243.23375,-835.9043,2439.5728
16.746592,0.0,0.0,0.0,0.43301272,173.94286,-851.59283,2435.7397
16.906143,0.0,0.0,0.0,0.43301272,79.959755,-864.2886,2376.4788
16.70933,0.0,0.0,0.0,0.43301272,58.088413,-878.4973,2342.6519
16.599312,0.0,0.0,0.0,0.43301272,49.736183,-876.0513,2359.3064
16.670431,0.0,0.0,0.0,0.43301272,59.31601,-845.1551,2395.024
16.728903,0.0,0.0,0.0,0.43301272,65.538925,-859.5082,2426.7334
16.890142,0.0,0.0,0.0,0.43301272,69.897964,-851.3584,2458.5217
17.037918,0.0,0.0,0.0,0.43301272,67.73505,-839.2011,2487.7166
15.7115965,0.0,0.0,0.0,0.43301272,-34.742203,-788.2796,2403.033
15.470849,0.0,0.0,0.0,0.43301272,-125.23814,-803.2693,2309.343
14.993149,0.0,0.0,0.0,0.43301272,-180.54218,-807.9376,2263.8635
14.895587,0.0,0.0,0.0,0.43301272,-199.15672,-814.961,2241.9543
15.427811,0.0,0.0,0.0,0.43301272,-222.77628,-830.5464,2238.1477
15.485113,0.0,0.0,0.0,0.43301272,-228.4953,-836.18384,2237.1536
15.010439,0.0,0.0,0.0,0.43301272,-232.04063,-834.94006,2229.6326
15.252623,0.0,0.0,0.0,0.43301272,-232.90005,-839.1575,2229.4668
15.493102,0.0,0.0,0.0,0.43301272,-225.56732,-840.716,2233.8008
15.73621,0.0,0.0,0.0,0.43301272,-220.1059,-841.1101,2239.056
15.895841,0.0,0.0,0.0,0.43301272,-219.41298,-840.1914,2236.7122
16.089005,0.0,0.0,0.0,0.43301272,-213.55707,-845.18207,2235.5842
15.867045,0.0,0.0,0.0,0.43301272,-219.7588,-843.1947,2233.0334
15.34065,0.0,0.0,0.0,0.43301272,-220.20316,-838.1611,2226.0168
14.946985,0.0,0.0,0.0,0.43301272,-215.83879,-830.4054,2223.5066
15.042317,0.0,0.0,0.0,0.43301272,-197.66525,-821.28906,2231.096
15.486557,0.0,0.0,0.0,0.43301272,-186.47148,-801.4209,2223.4626
15.882879,0.0,0.0,0.0,0.43301272,-182.25446,-762.52606,2198.0566
16.063107,0.0,0.0,0.0,0.43301272,-145.7356,-733.04663,2176.8418
16.199575,0.0,0.0,0.0,0.43301272,-133.96057,-715.26654,2163.432
16.326042,0.0,0.0,0.0,0.43301272,-115.997,-715.34155,2153.7642
16.376001,0.0,0.0,0.0,0.43301272,-111.32199,-710.68256,2105.0474
16.508358,0.0,0.0,0.0,0.43301272,-68.951935,-715.8544,2053.5967
16.63465,0.0,0.0,0.0,0.43301272,-29.14154,-726.00995,2032.2173
16.75764,0.0,0.0,0.0,0.43301272,55.231003,-686.7881,2023.1901
16.859758,0.0,0.0,0.0,0.43301272,117.45291,-700.16516,2003.5294
16.936163,0.0,0.0,0.0,0.43301272,166.47658,-704.48364,1967.8364
17.03771,0.0,0.0,0.0,0.43301272,208.06006,-708.28467,1948.4568
17.064772,0.0,0.0,0.0,0.43301272,256.30984,-725.04834,1947.3679
17.118801,0.0,0.0,0.0,0.43301272,287.8047,-744.8308,1946.8187
17.122517,0.0,0.0,0.0,0.43301272,292.4203,-744.9084,1945.5294
