8.713408,-0.19460787,-1.0182701,-0.9793214,0.44418892,517.48315,573.225,2498.17
8.560654,-0.49221712,-0.49247906,-0.7696166,0.44529873,513.8162,579.7262,2489.4673
8.440463,-0.5138019,0.37947878,-0.56772774,0.44139358,513.7767,581.6345,2469.0989
8.330423,-0.130864,0.7083539,-0.3919331,0.43728855,506.29575,588.0122,2413.429
8.226809,-0.07901011,0.9300291,-0.21016528,0.43168175,490.7602,575.35205,2409.6162
8.139999,0.15810913,1.1170708,0.054036282,0.42420456,491.41263,589.39764,2386.7524
8.081457,0.028004533,1.2510301,0.29796267,0.41535053,497.2666,583.76355,2388.5483
8.378138,0.39797223,2.0092773,0.47494525,0.38585082,493.85782,553.48724,2324.9495
8.8873825,0.095265746,2.168533,0.332421,0.37801263,489.4641,584.4368,2321.0403
9.316241,-0.50152785,2.3217156,0.11105806,0.3370319,464.80127,606.1739,2201.1309
9.222838,-0.3588333,2.3688133,0.08024128,0.33508462,458.3795,602.50964,2194.241
9.377242,-0.37430796,2.322085,-0.12865433,0.3056205,456.80936,594.13025,2187.8638
9.125337,-0.12209168,2.2272089,7.574391E-5,0.28245655,448.5344,605.8505,2137.6865
9.09016,-0.21852241,0.64105815,0.17883608,0.7136594,422.52078,577.4766,2121.638
9.134317,-0.052434273,0.70783544,0.072190136,0.70071954,409.5292,564.49194,2120.823
8.992961,0.26450303,1.9838486,0.15439393,0.25108874,336.77933,514.1951,2065.3354
8.675693,1.6577779,-1.5191526,-0.3284449,0.39685133,294.50372,488.95062,2130.2844
8.619358,1.7211547,-1.3909558,-0.61255354,0.40775436,253.55127,523.68896,2160.0317
8.481777,1.6303083,-0.46249402,-0.63851714,0.432506,213.89488,498.67383,2202.4805
8.329335,1.2066531,-0.44370985,-0.4555406,0.43440023,220.79117,489.1623,2270.3035
8.206218,1.7155983,-0.39754412,-0.38150162,0.4273898,220.16461,581.0092,2267.7622
