12.117173,0.82380295,0.41752496,-0.30859458,0.43701944,-245.8613,91.750305,2234.8008
12.278079,0.82350993,0.11614829,-0.46514413,0.440041,-239.27673,85.752975,2225.6626
12.150388,0.72843194,-0.23985489,-0.43843618,0.4389705,-236.70839,85.85127,2225.2551
11.985196,0.44422284,-0.3582348,-0.4509425,0.4398031,-231.11653,94.487625,2195.482
12.34131,0.6195341,-0.57912356,-0.5985005,0.43995136,-228.84712,105.50238,2185.6838
12.505818,0.5818226,-0.6324569,-0.44640774,0.43707252,-227.15259,108.66583,2176.013
12.206849,0.09743986,-0.71761495,-0.17058381,0.43310344,-217.38872,98.6151,2138.8506
12.253629,-0.047983695,-0.6630771,-0.18193322,0.43412387,-218.4644,97.73703,2104.2712
12.045574,0.03253326,-1.3462106,-0.29071516,0.426989,-216.07892,105.93202,2104.7085
12.044124,0.07417024,-1.2963803,-0.33776718,0.42866832,-215.39536,91.81625,2090.4949
12.126177,0.09346854,-1.6592753,-0.14362974,0.41590002,-214.43529,90.89551,2085.9595
12.031075,-0.0810223,-1.9940411,0.19203387,0.39503178,-213.12082,112.13768,2090.8386
11.820961,0.015900224,0.8475358,-0.117199555,-0.5173919,-187.39523,56.78447,2075.9539
11.671262,-0.007705318,0.8873786,-0.064562455,-0.45643353,-183.25993,83.06218,2123.2205
11.61007,-0.0137885595,0.92119044,-0.064728506,-0.3834425,-183.66902,89.798035,2123.6904
11.779328,-0.007725355,0.88123137,-0.07548606,-0.46655488,-194.09245,90.27226,2124.5486
12.692654,-0.006845176,0.9274025,-0.102504835,-0.3596811,-191.96217,89.05281,2089.6294
13.505766,-0.0010762675,0.89805216,-0.43867236,0.032676082,-86.492386,-30.470734,1950.097
14.199461,0.032615364,0.9727213,-0.21932183,-0.06817242,-137.6849,102.748566,1951.4213
14.765576,-0.24333465,-1.7596788,0.33136597,0.40175298,-125.69188,100.79788,1966.0961
14.971299,-0.24397214,-0.9580356,0.37113473,0.41885456,-135.08197,133.53792,2039.7546
14.54316,-0.04361436,0.8394642,-0.04377085,0.5398905,-70.5795,91.0959,1906.0463
14.447558,-0.0111913765,0.8181517,-0.03161103,0.57402384,-50.184574,91.30455,1891.9153
14.949515,0.16902009,-0.5330842,-0.11520652,0.43329364,-35.670753,101.02437,1941.7432
14.519507,0.21049109,-0.87998027,-0.2488187,0.43255052,-27.993677,122.30203,1942.0581
14.222441,0.32664606,-1.3666022,-0.23699701,0.42364687,-21.345387,98.247894,1985.067
13.60064,-0.067793146,-2.160402,0.2972484,0.3799749,16.62759,96.83588,2011.8374
13.57344,0.14194019,-1.9758455,0.08809728,0.39687753,25.613705,74.7682,2048.5916
13.390116,-0.643706,-2.1125765,0.4085532,0.38336474,37.996773,79.034424,2095.5054
13.321596,-0.43104678,-2.2700877,0.17259128,0.3807582,39.009007,69.65924,2116.855
13.565823,-0.34469005,-2.348447,0.2682021,0.36523348,13.031882,54.807007,2140.186
13.553492,-0.24394917,-2.4188643,0.1924527,0.35414526,14.444493,75.13403,2163.634
