30.176123,0.08579793,0.9324266,0.20090383,-0.28784883,7.325247,65.786026,2371.7007
26.970379,0.11530463,0.9489861,-0.18771559,-0.22559467,7.1111107,72.85925,2345.5256
24.72921,0.06922925,0.97738683,-0.18517587,-0.075047225,17.242926,68.258194,2326.822
23.865496,-0.17544913,-1.6281451,0.1414955,0.4112619,16.81464,66.46678,2329.3213
22.805202,-0.19581082,-1.7177683,0.16237445,0.40805987,9.81829,68.310104,2324.3552
21.594685,-0.07052485,-1.5168262,0.20440888,0.41203013,-12.558513,70.98363,2231.4524
20.567764,-0.3585164,-1.9202083,0.34799093,0.39528686,-19.869368,59.095108,2237.1016
19.850645,-0.19137894,-2.040429,0.34804964,0.38768438,-25.156878,56.602524,2244.3699
19.461393,-0.11874468,-2.0444832,0.39060462,0.38484216,-26.773422,61.60013,2244.47
19.275768,-0.10482666,-2.1189127,0.3747323,0.3801357,-27.31622,61.947556,2245.0825
19.082151,0.16464956,-2.1619616,0.2560107,0.3774835,-28.502354,61.763565,2246.7366
18.898323,0.41349515,-2.1844687,0.19398628,0.37149632,-30.142872,59.863953,2250.3586
18.57133,-0.48158395,-2.282537,0.3388728,0.37113607,-30.617214,59.32225,2252.128
18.335632,0.23036693,-2.1840796,0.416468,0.36382753,-33.084305,58.4059,2254.4226
18.028376,0.010382809,-2.2749543,0.35146013,0.36251917,-35.477413,58.157944,2255.3086
17.507298,-0.028796073,-2.2964592,0.36572143,0.35889503,-38.810276,56.770325,2255.7983
17.47282,0.08739368,-2.2858298,0.36804488,0.35635412,-39.517612,56.32666,2255.8408
17.236088,-0.06508855,-2.3177943,0.35938925,0.3564315,-41.407677,56.421722,2256.0588
16.660614,-0.049872156,-2.3264003,0.34959304,0.3548826,-43.117306,56.49405,2256.1777
16.755203,0.56158924,-2.2632537,0.18731073,0.3487879,-46.890644,64.346725,2253.9177
16.777798,0.52082324,-2.191076,0.46578506,0.33165705,-48.40296,60.800873,2250.5137
16.832014,0.30890253,-2.2284815,0.5171427,0.33187672,-48.024643,60.158707,2249.297
16.058405,1.0350869,-1.9945325,0.4148693,0.34427184,-50.431946,60.52072,2247.3577
15.844515,-0.055901542,0.99015796,-0.105829105,0.07254239,-51.25938,58.94841,2244.128
15.822607,-0.061208293,0.9877205,-0.12254744,0.07512632,-24.634396,62.201584,2236.838
16.090565,-0.12995206,0.9848347,-0.016573232,0.113748044,-9.59472,48.678284,2222.9387
16.36009,-0.113686584,0.97681206,-0.030063028,0.17891274,10.028556,47.330185,2215.1506
16.525274,-0.14772765,0.9667597,0.0310531,0.20636854,29.357025,69.62659,2214.807
16.276266,-0.15964074,0.95733494,0.03498567,0.23832875,35.445045,75.0163,2213.2563
16.259449,0.41587493,-1.4969593,0.6514353,0.39385802,125.660355,40.225784,2080.92
16.144236,1.1541166,-1.9769883,0.35953897,0.3298564,114.94948,46.45761,2159.5222
15.973127,-0.0044979737,0.7370635,0.08068872,0.67097425,253.55995,44.782288,2018.5779
15.80178,-0.02706239,0.7173008,0.05510479,0.69405377,265.01135,65.441345,2034.6498
15.7290745,0.040659588,2.3302686,0.13348645,0.30091643,328.51953,85.920334,2048.0881
15.839169,0.0016433742,0.705291,0.037030756,0.7079482,328.259,76.76869,2027.3114
15.984791,-0.012094417,0.7176377,0.049276114,0.69456583,338.59772,66.13628,2026.4358
16.13153,0.007408027,0.71312636,0.021805892,0.70065707,372.74304,49.30446,2029.1514
16.225052,0.0066155843,0.7184914,0.0068811565,0.6954704,388.75488,35.926056,2026.2185
16.349625,0.0067643435,0.7091661,0.0043928246,0.70499533,399.7843,31.617477,2027.4961
16.403828,0.10658439,2.1110976,-0.0075129913,0.26435772,434.1035,33.53354,2029.773
16.500544,0.11782619,2.2420332,0.058812622,0.28314224,446.29266,35.954422,2036.2764
16.623878,0.07936629,2.246561,0.021272816,0.28347558,470.0072,45.57791,2044.0591
16.734077,0.093537115,-0.9815543,-0.16823116,0.43012825,496.92502,68.13408,2051.2834
16.78352,0.21226904,-1.088983,-0.2601451,0.42993614,505.37836,51.742416,2066.5408
16.848362,0.26973498,-1.389387,-0.2572985,0.4239937,508.81842,52.222794,2090.7734
16.351442,0.29150152,-1.5165203,-0.27477425,0.42119494,510.01123,41.03296,2110.6511
16.465092,0.30765438,-1.4178991,-0.32833964,0.4245563,512.04706,35.84247,2118.4976
16.578577,-0.71364504,-1.3397338,0.08662266,0.4203407,519.7489,17.12584,2137.1174
16.666494,-0.5212976,-1.4839678,0.03305977,0.41873148,522.79364,21.7695,2148.2441
16.7393,-0.23853031,-1.4798899,-0.14376728,0.42225215,527.9559,22.240997,2159.6934
16.141508,-0.12159964,-1.5206122,-0.018804405,0.41793868,519.2237,10.756073,2182.0208
15.778065,-0.106730856,-1.6256974,-0.09576168,0.41701046,484.79184,3.2240753,2204.905
15.287837,-0.05829308,-1.6150134,-0.4741242,0.42513886,484.61295,43.13185,2232.3193
15.073306,0.018849526,-1.7372402,-0.49627143,0.42177877,475.63245,36.857285,2259.676
14.10416,0.38734543,1.5914252,-0.4258694,0.42607918,456.12674,57.838074,2245.114
14.330011,0.28297,-2.4587,-0.24527171,0.3476423,458.93344,0.52568054,2359.5808
14.553242,-0.0069559636,-2.2257848,-0.21037005,0.2802749,490.2634,72.4249,2509.2085
14.435598,0.22706616,2.2474363,-0.19904083,0.39445946,454.8877,68.847885,2376.7808
14.648004,0.20598395,2.3580341,-0.12567936,0.382579,443.34924,53.861893,2383.7573
14.421453,0.08927331,0.88451827,-0.1265944,0.44003567,440.85196,36.56949,2404.9888
14.945878,-0.20168908,-1.7077956,0.46683025,0.39883557,438.43817,30.388962,2417.3057
15.313973,-0.08018618,-1.8844327,0.3890633,0.39334062,433.11307,30.362534,2432.0527
15.280056,0.09210709,-1.4190376,0.4863543,0.4052701,401.3674,-30.94545,2462.2874
15.5210905,0.14817826,-1.4017389,0.45879516,0.40618917,395.73862,-30.724869,2461.1973
