19.900557,1.5449848,-1.578893,0.2845133,0.3745796,64.79068,13.35997,2302.8313
19.20648,-0.091442265,0.9706597,-0.09836068,-0.19945773,79.92903,22.793213,2298.3176
18.059225,-0.063252814,0.9465162,-0.11066104,-0.2964122,110.25683,28.124817,2286.5208
17.43711,0.7384782,-1.7571478,0.67374176,0.37299132,120.1188,39.462173,2282.9265
17.054974,0.29931608,-1.9224474,0.6662284,0.3726298,134.83917,30.674454,2274.483
16.34467,0.22511661,-1.9927617,0.60210824,0.37231755,150.20302,39.412384,2265.1978
15.557682,-0.111595966,0.9830316,0.03259502,0.14189048,156.08902,48.238983,2244.4426
15.744692,1.981731,-0.3130853,0.7966285,0.3890054,160.67018,45.064484,2235.3643
15.402826,1.8833091,-0.4657269,0.86145616,0.38567576,169.65388,46.6073,2221.4937
15.34848,1.8410391,-0.72516686,0.8089601,0.38187993,175.26944,43.78778,2220.0024
15.648905,1.4541397,-1.0214084,0.7644854,0.38588893,210.14496,39.009964,2176.7424
15.71705,0.39884797,1.2541654,0.32950187,0.41556394,353.71695,56.6631,2118.9297
15.302685,0.0067333393,0.9269916,0.08903002,0.3643004,422.071,-5.9625854,2009.7432
15.188716,-0.003004743,0.93463266,0.0522235,0.3517461,433.61188,19.161407,1981.7211
15.170447,-0.10823427,2.296283,0.18143035,0.29920125,440.08997,66.520355,2057.086
15.207839,-0.031572398,0.89548427,0.022915099,0.4433802,436.42072,51.2946,2036.9407
14.790675,0.13413277,-0.32402852,0.061138112,0.4308896,472.8251,42.314835,2001.9647
14.415363,0.14466485,-0.34824726,-0.011496849,0.43230194,495.8812,33.53827,1992.0502
14.267202,0.17198662,-0.5653561,-0.21324539,0.43499237,523.19116,46.53235,1993.5353
14.007725,0.013329654,-0.60138327,-0.20436509,0.43492293,538.958,49.199356,2000.947
13.626675,0.14082636,-0.99202853,-0.3288456,0.43297616,557.9743,50.363297,2032.8427
13.285716,0.15625003,-1.0993705,-0.22379571,0.42931724,567.0506,54.89511,2052.0217
13.097781,0.11216439,-1.0542843,-0.10000856,0.42761433,580.35834,40.22238,2077.2788
13.326297,-0.32598576,-1.3347665,0.14383547,0.4187231,605.6284,13.570938,2127.5166
13.566801,-0.29973537,-1.4121656,0.02470632,0.42000714,598.2496,-21.03476,2152.4624
13.841585,-0.3135281,-1.5764384,0.07581349,0.41499293,604.3538,-7.751663,2153.1377
14.137216,-0.30309924,-1.607515,0.01292389,0.41574156,606.3743,-1.5228424,2152.6833
14.359274,0.10742784,-1.9042948,0.13068911,0.399371,576.31665,-11.742401,2191.041
14.108513,-0.20258038,-1.8744661,0.16621912,0.4023334,604.7298,11.11087,2190.5996
14.667329,-0.10776173,-2.002248,0.17157269,0.39558235,611.8104,36.124893,2230.8372
14.880893,-0.46238732,-2.2537863,0.24257319,0.37917456,641.08405,34.571503,2272.6333
15.110455,-0.1799982,-2.3178878,0.06926907,0.37791994,642.6307,27.578629,2296.4202
15.24423,0.0028393546,-2.250154,-0.3331987,0.3953824,672.42035,7.8784027,2318.1755
15.372643,0.099557586,-2.3088202,-0.34844807,0.3896396,666.0749,4.214447,2327.4087
15.368228,0.2820761,1.9306759,-0.27847052,0.41265228,647.8781,28.69925,2309.4368
14.869446,0.07325798,-2.3031895,0.08554222,0.2963054,676.513,26.926804,2429.0427
14.585983,-1.9236731E-4,1.0262891,0.30488387,0.41896448,642.8941,52.014908,2349.649
14.9934,-0.08362403,1.586697,0.22888003,0.40836218,627.0984,22.823914,2344.6963
15.229273,-0.09198433,2.099486,0.14970842,0.3882335,632.65015,20.641022,2372.675
15.559521,-0.034871284,2.2226915,0.10701281,0.3815891,613.1989,16.279388,2385.3025
15.681561,-0.036117446,2.2652602,0.18659852,0.3735606,603.50916,16.474365,2390.2056
15.359172,-0.18152305,2.2741802,0.29224053,0.36121953,580.2182,3.35878,2389.2751
15.067283,-0.19287881,2.2838063,0.28703907,0.35942227,571.59174,-4.17276,2390.4482
14.575533,-0.17346634,2.3287797,0.33194023,0.34040326,536.9912,-6.848404,2389.8328
13.932036,0.10619205,2.4468284,-0.096076496,0.31898108,491.8308,4.5122375,2381.3384
13.809553,0.12802377,2.457957,-0.13988979,0.32024708,480.11978,16.215286,2382.3364
13.78793,0.10678795,2.483658,-0.26441354,0.369109,497.48105,8.222336,2381.854
13.851953,0.08180048,2.457985,-0.13651642,0.36637402,464.17047,25.160202,2384.9446
13.811459,0.090391554,2.3982892,-0.0745504,0.37341228,455.96893,21.687515,2387.96
