13.983784,0.14383173,-0.08936437,0.046351396,0.4318868,160.40178,36.431824,2330.0383
13.407912,0.31874257,-0.74281317,0.16077481,0.42486858,128.23372,47.23799,2328.198
13.257609,0.39909175,-1.0440265,0.16435081,0.42013687,131.93945,49.377777,2337.6018
13.23017,0.4898722,-1.4236515,0.03643904,0.41449538,103.75138,38.15851,2355.359
13.0824375,0.5597639,-1.794282,0.19757688,0.39576775,57.359756,55.261276,2356.0818
12.774359,0.60740244,-2.1095204,0.4437836,0.3554574,14.508335,64.26761,2334.468
13.031609,0.56154925,-2.1917202,0.43367895,0.32961985,14.963398,64.674545,2314.9075
12.971376,0.55122423,-2.2095704,0.38370168,0.322906,22.697514,71.14751,2293.962
13.044037,0.40536404,-2.2542858,0.35845634,0.31894565,47.29851,71.51668,2264.9429
13.806268,0.09357006,-2.3734474,0.24365741,0.32831275,85.14218,69.590805,2234.3293
14.2860565,0.3055682,-2.0366714,0.6756604,0.28392702,108.022545,67.663284,2222.473
14.371637,0.029711723,-2.3689873,0.06497448,0.30847007,112.493805,69.814316,2213.4263
14.911907,-0.024857337,-2.235764,0.26699597,0.28799102,140.28065,71.97864,2201.0833
15.331633,0.025368808,0.7034741,-0.08365121,-0.70532477,138.61046,78.09477,2194.882
15.659029,-0.011049616,0.7925687,-0.09305321,-0.60253954,116.33322,86.669495,2174.3713
15.93984,-0.012277853,0.8184838,-0.10323316,-0.5650455,117.62925,99.71954,2145.48
15.914346,-0.011242282,0.8253245,-0.10938907,-0.5538476,149.0132,88.36719,2128.6748
16.119167,-0.04744351,0.81386596,-0.14769831,-0.5599611,158.43097,78.95012,2117.61
16.357313,-0.089365266,0.800777,-0.20241493,-0.5565951,142.62048,77.110504,2087.672
16.409887,-0.12569663,0.82862514,-0.23230857,-0.49357215,137.49321,72.4724,2067.5132
16.559599,-0.030072842,0.97800076,-0.0759282,-0.19195074,148.6985,66.98297,2057.9187
16.565643,-0.1324987,0.89622605,-0.22272077,-0.36002553,161.02238,58.04364,2062.4917
16.59754,-0.0019183612,0.98291606,-0.042062998,-0.17917363,167.23726,69.20334,2076.2673
16.500124,-0.09441718,0.8269505,-0.16192701,-0.53011173,248.33421,83.62674,2038.6313
16.046926,-0.05219362,0.9608633,-0.20555459,-0.1782267,283.17905,91.986435,2037.1486
15.018061,-0.058614112,0.9661001,-0.18081562,-0.17470145,312.2558,98.97441,2065.9731
15.173247,-0.06586463,0.9257723,-0.17290346,-0.32971478,331.8169,107.83612,2080.7805
15.437355,-0.083922,0.94262993,-0.18267234,-0.26652676,340.64294,98.62163,2094.7407
15.015109,-0.06422393,0.9604026,-0.124626845,-0.2407702,342.377,87.53256,2145.036
15.128751,-0.0426157,0.9677278,-0.05863048,-0.24134888,340.73666,82.8506,2164.298
14.746941,-0.031434786,0.9824831,0.010823163,-0.18336238,364.7204,91.32274,2171.3782
14.499874,-0.014508044,0.9946361,-0.010271366,-0.10189694,389.6508,100.552414,2181.396
14.789312,-0.01496257,0.9979648,-0.023513345,-0.057353556,400.6097,110.85716,2185.4976
14.378078,-0.012899023,0.9955735,-0.08953938,0.02548923,438.042,113.50987,2197.831
14.294767,0.007104941,0.9913356,-0.13112329,-0.003152805,447.4579,117.52051,2197.0408
14.04255,0.021724187,0.96476525,-0.23196122,0.122270934,473.77277,150.89165,2162.0776
14.46584,0.046727903,0.93253183,-0.25374928,0.2526106,483.64493,157.63466,2165.088
