13.983784,0.031094061,-0.4423098,-0.0062166587,0.43190882,65.53473,260.0138,2319.795
13.407912,0.14332795,-1.0790412,0.051623434,0.42372835,43.733917,279.9622,2310.8274
13.257609,0.26447424,-1.3575329,0.21504371,0.41348198,27.801056,277.27496,2314.4336
13.23017,0.024337614,-1.7111938,0.18806505,0.40602994,6.882394,265.94217,2301.766
13.0824375,0.005144121,-2.058147,-0.23410471,0.4038664,-6.538986,295.9077,2295.581
12.774359,0.04262813,-2.4170198,-0.54741263,0.38589722,-9.997247,313.16687,2273.6816
13.031609,0.07060916,-2.5246677,-0.570257,0.3651547,6.438575,315.12027,2253.1104
12.971376,0.13231428,-2.526889,-0.6114761,0.35937107,18.980452,323.51886,2239.5981
13.044037,0.20047086,-2.5176423,-0.64305353,0.35394973,46.251102,325.7202,2218.5757
13.806268,0.3110402,-2.4942472,-0.65583515,0.35221022,79.26661,325.59827,2198.9844
14.2860565,0.29491654,-2.4591544,-0.6172981,0.33279192,110.80278,324.06885,2186.483
14.371637,0.28649822,-2.430975,-0.6143689,0.32508233,121.00885,325.37213,2181.4136
14.911907,0.3113207,-2.365171,-0.574244,0.31212258,148.87538,328.45288,2171.473
15.331633,0.19191165,-2.0213242,-0.445841,0.26014116,170.91312,332.26474,2163.0474
15.659029,-0.036724664,0.806249,0.1581981,-0.56883794,181.8303,333.46365,2147.31
15.93984,-0.031113548,0.83412826,0.1614234,-0.52649033,194.5834,345.42868,2119.4443
15.914346,-0.031035095,0.84441644,0.1384986,-0.5165296,221.63258,334.2514,2095.165
16.119167,-0.016447095,0.8633736,0.1205927,-0.48966137,236.94122,321.89267,2076.87
16.357313,-0.0034064248,0.88812816,0.11748574,-0.44430774,232.275,315.07507,2049.7737
16.409887,0.004585287,0.9061467,0.114594586,-0.4071128,234.92972,307.8731,2033.2256
16.559599,5.7176885E-4,0.91720885,0.108940594,-0.38321698,244.79205,302.5299,2028.082
16.565643,-0.006286704,0.9247214,0.10213709,-0.36662593,256.1347,294.82812,2032.9583
16.59754,-0.011616055,0.9215361,0.10285746,-0.37423584,260.77527,307.37662,2045.2672
16.500124,-0.07091255,0.94291157,0.11996297,-0.30248007,320.33746,328.41464,2041.9032
16.046926,-0.08887719,0.9618871,0.122225374,-0.2278844,352.5695,338.17004,2055.6018
15.018061,-0.10223075,0.96878904,0.12913136,-0.18525115,377.56155,345.50702,2096.2397
15.173247,-0.102803074,0.9767331,0.13659793,-0.12946546,397.46674,352.36145,2124.145
15.437355,-0.10838614,0.97669154,0.13000023,-0.13199362,403.4035,344.57227,2134.9712
15.015109,-0.09363981,0.9821823,0.11794833,-0.11240039,411.65454,332.36273,2181.729
15.128751,-0.08560305,0.98491764,0.10570063,-0.10692537,413.3143,327.48834,2195.5698
14.746941,-0.07987627,0.9878857,0.12577863,-0.043331996,439.49194,331.66956,2223.3794
14.499874,-0.061047394,0.9880691,0.13496654,0.04210596,467.8709,334.42047,2253.058
14.789312,-0.050497215,0.9850298,0.13874148,0.08895737,479.3145,340.9823,2267.6162
14.378078,-0.042514104,0.9737509,0.13924494,0.1749537,510.5034,339.49197,2296.136
14.294767,-0.036464117,0.96731204,0.14647184,0.20376465,517.3824,340.17676,2303.694
14.04255,0.004039836,0.9134598,0.17981422,0.36501703,524.51526,352.41064,2310.8657
14.46584,0.0095087,0.89090407,0.18741296,0.4136078,523.45764,354.41797,2324.4595
