13.430407,0.77409875,-0.50193703,1.7908744,0.25219312,309.23285,126.894226,2633.5647
13.359002,0.25586987,-0.19025083,0.61916894,0.71761066,309.0582,139.94998,2662.4324
13.676298,0.2357214,-0.17794645,0.6329092,0.71567905,307.98773,141.51352,2651.5105
13.37171,0.7185789,-0.31920055,1.8984352,0.25724816,313.95486,142.02202,2655.3335
13.852577,0.57265055,-0.547153,0.59371656,-0.14211135,308.97223,17.400238,2634.4878
13.899442,0.041722868,-0.16920081,0.7638788,0.62138516,343.96304,23.11493,2624.8782
13.612569,-0.3877416,0.9123755,-0.054935347,0.119203314,397.69754,289.88416,2225.053
13.573094,-0.10878426,0.92001003,-0.06305688,0.37117553,404.113,273.06607,2206.4636
14.042486,-1.1527206,0.77305746,-1.8426621,0.3328752,307.39148,72.29086,2556.3506
13.835757,-0.4292608,0.67190295,-0.60203403,-0.042854078,306.51547,72.03049,2561.021
14.098127,0.27158025,-0.24984029,0.605548,0.7050784,307.86728,166.12161,2706.378
14.188325,0.2679509,-0.1890808,0.622613,0.71049553,310.29022,174.08398,2680.0237
13.929219,0.24702963,-0.24047457,0.65925074,0.668234,311.5104,165.17313,2670.0085
