12.944004,-0.49719852,-1.2756878,0.115442224,0.42077225,346.94162,-377.25772,2509.8003
13.287728,-0.37026668,-1.3553463,0.075266,0.42010444,344.22516,-382.04245,2502.6692
13.308895,-0.44829887,-1.3429941,0.10256188,0.419811,344.24567,-383.9259,2500.1453
13.309737,-0.44347313,-1.1879406,0.16062254,0.4210898,339.20493,-373.39047,2493.4783
13.3001175,-0.30109513,-1.4487319,0.19788954,0.41486216,336.21973,-364.72876,2510.1567
13.435996,0.017412852,-1.7792115,0.046969064,0.4077507,335.30234,-377.4058,2536.4478
13.415868,-0.30317557,-1.2922794,0.16417547,0.41897202,335.04382,-360.2661,2496.666
13.244531,0.31863114,-1.3591629,-0.16682929,0.42235,363.25623,-356.2164,2544.2825
13.002354,-0.039798424,-1.2567295,0.0021605608,0.42266127,325.97372,-406.25055,2591.9878
12.978997,0.018581238,-1.2393833,-0.03973249,0.42368093,342.60547,-393.42633,2555.4817
12.90783,-0.8384113,-0.023674427,-0.016667424,0.43125102,364.99002,-340.47833,2522.4038
13.047337,-0.12214976,0.049785405,0.07294544,0.43138945,350.75458,-347.21802,2566.713
13.075631,-0.13974938,0.015353791,0.016615175,0.43259844,350.89185,-349.57083,2537.5906
13.670681,-0.57787395,0.0562824,0.018960437,0.43147534,346.41672,-355.0551,2514.9412
13.903929,-0.6417351,-0.006690662,0.0523438,0.43065116,347.12674,-361.43457,2519.7285
13.736099,-0.3393967,0.1063466,0.008524028,0.432308,343.1261,-356.4138,2500.6453
14.107797,-0.3119274,0.37248397,0.052212622,0.4304002,340.73926,-366.76688,2497.1797
