15.177747,-0.00911224,0.99071634,-0.117658906,-0.06748704,283.12808,-370.0892,2493.1008
15.355008,-0.0052098804,0.99332243,-0.08069375,-0.08229125,285.62247,-373.96198,2491.5159
15.5418,0.0048489757,0.99358857,-0.07761704,-0.082060404,286.70383,-382.47833,2491.38
15.577972,0.005855785,0.997057,-0.033650868,-0.06863321,292.9907,-364.47028,2521.2703
15.632738,-0.014479012,0.99551135,0.044182867,-0.0824337,289.6219,-366.82684,2558.3945
15.693996,-0.034171823,0.9978992,-0.042141933,0.035405077,283.4711,-355.75473,2611.1272
15.799993,-0.026059335,0.99740475,0.035078738,-0.05722023,273.23422,-418.75528,2608.6917
15.848693,0.023530565,0.99095863,0.08918456,0.09743384,304.2351,-342.42276,2615.9177
15.947692,-0.029160218,0.99822366,-0.04902221,-0.017210176,299.2342,-375.5593,2605.322
15.934878,-0.01520962,0.9984358,-0.05364465,-0.0041111605,301.60712,-391.91113,2615.2083
15.966784,-0.014504992,0.99697554,-0.06928733,-0.032072548,298.73596,-397.54163,2589.0662
14.575234,0.0081984745,0.9936043,-0.09664398,-0.057820845,299.2018,-379.9935,2515.1782
14.532942,0.004170743,0.9920072,-0.08502254,-0.093141876,293.01196,-371.62903,2492.3484
14.597506,0.0059842914,0.9952,-0.09084987,-0.03588316,294.26157,-376.89523,2492.6272
