13.114534,-0.1907698,2.3999922,-0.026129898,0.3600356,512.5287,-375.9255,2447.4456
13.231673,-0.19756572,2.4276052,-0.04307772,0.35172886,511.88098,-374.9121,2440.8906
13.072117,-0.22893924,2.3890386,-0.04760428,0.3622033,511.59875,-375.18555,2438.7546
12.710124,-0.2342289,2.4259894,-0.07577636,0.35283515,510.54608,-374.41937,2435.0564
12.703173,-0.2724046,2.4305885,-0.101119466,0.34853336,510.86194,-375.47247,2440.0083
12.781476,-0.26095378,2.4323943,-0.08121416,0.34294605,515.6203,-378.52155,2454.2793
13.059172,-0.19851577,2.3109453,-0.03492271,0.37521088,517.352,-352.92984,2440.09
13.082847,-0.0772025,2.2753513,0.05132899,0.37823927,515.0917,-335.2826,2450.7346
13.016201,-0.09120595,2.4397385,0.030605864,0.3424511,519.2529,-373.72308,2484.4895
13.381059,-0.08690968,2.4161375,0.026733773,0.35695204,515.5266,-369.82343,2477.1821
13.377268,-0.05245611,2.4237673,0.03529514,0.35575098,519.95435,-380.43143,2489.3372
13.348133,-0.08343499,2.3922834,0.026616793,0.36303812,518.192,-373.29016,2477.6416
13.429374,-0.0837819,2.3750257,0.0087069655,0.36742815,522.1099,-373.4357,2487.4712
13.524172,-0.14179963,2.400156,-0.019985542,0.3621029,522.86774,-371.0105,2479.526
13.6123085,-0.1418744,2.405483,-0.033633564,0.3618837,520.6772,-376.79187,2470.4656
13.692183,-0.24976107,2.2964225,-0.042235672,0.37577465,513.79596,-381.75372,2444.728
13.817649,-0.32438642,2.249426,-0.03158787,0.37832755,509.0139,-390.9384,2432.9658
