13.137108,0.0,0.0,0.0,0.43301272,526.75305,-763.4761,2479.4307
13.059801,0.0,0.0,0.0,0.43301272,524.48315,-760.5139,2467.6284
13.164439,0.0,0.0,0.0,0.43301272,524.248,-760.50903,2468.4678
13.137917,0.0,0.0,0.0,0.43301272,524.81696,-762.3453,2468.8735
13.173741,0.0,0.0,0.0,0.43301272,528.7696,-760.62317,2479.2966
13.174247,0.0,0.0,0.0,0.43301272,527.66693,-762.13586,2475.9985
12.766607,0.0,0.0,0.0,0.43301272,528.3437,-766.5143,2478.0466
12.853379,0.0,0.0,0.0,0.43301272,525.9419,-778.06726,2494.8193
13.30453,0.0,0.0,0.0,0.43301272,526.321,-772.265,2482.449
13.596488,0.0,0.0,0.0,0.43301272,527.08075,-773.0167,2482.1333
13.949004,0.0,0.0,0.0,0.43301272,531.6006,-764.3751,2483.8337
14.341244,0.0,0.0,0.0,0.43301272,536.3319,-753.5285,2486.1433
14.574913,0.0,0.0,0.0,0.43301272,531.0057,-772.0544,2481.8523
14.437561,0.0,0.0,0.0,0.43301272,530.1711,-775.89355,2466.1482
14.366675,0.0,0.0,0.0,0.43301272,526.212,-734.82794,2490.1807
14.353101,0.0,0.0,0.0,0.43301272,528.67035,-755.37964,2493.442
14.043979,0.0,0.0,0.0,0.43301272,527.3288,-761.431,2487.4062
13.691179,0.0,0.0,0.0,0.43301272,525.73816,-758.6459,2483.8896
13.519191,0.0,0.0,0.0,0.43301272,526.5218,-758.1405,2476.4885
13.56547,0.0,0.0,0.0,0.43301272,531.3743,-743.7721,2461.3337
13.330973,0.0,0.0,0.0,0.43301272,528.05945,-744.2063,2460.2502
13.5843935,0.0,0.0,0.0,0.43301272,524.3612,-752.7865,2472.7778
13.904136,0.0,0.0,0.0,0.43301272,523.84845,-763.1367,2478.6746
