14.658706,0.11020201,0.3659542,-0.027229344,0.4328545,390.60794,396.04993,2552.6675
15.035734,0.07046138,0.80756825,-0.026504466,0.42967463,391.20944,403.89313,2561.3665
15.3238535,0.03010223,0.7912842,-0.02724525,0.42976618,391.02664,406.41595,2557.8813
15.557596,-0.5346225,0.90250194,0.0622127,0.42386636,394.81183,409.50665,2555.0186
15.536105,-0.8283597,1.150047,0.042430755,0.41723722,394.2418,416.84497,2536.978
15.161125,-1.9532108,1.0255957,0.11841479,0.39527905,399.02396,395.04797,2513.8906
14.730184,-2.4945319,0.8492511,0.11333448,0.37043947,399.60327,348.23865,2477.2266
14.643108,-2.4651468,1.0212234,-0.1642905,0.372244,389.2474,255.1529,2444.1482
14.9382105,-2.5686414,0.7353706,-0.05373767,0.38090593,383.81546,256.28693,2439.0317
15.296297,-2.398201,0.5110921,0.030577688,0.39842904,386.85406,234.83395,2480.938
15.466553,-1.4816369,1.5664448,-0.43434724,0.40319607,388.5224,370.05533,2489.9675
15.732367,-1.3690306,1.0902742,-0.21590313,0.41708773,389.81494,401.1482,2511.6116
15.251738,-0.8054704,0.9265297,-0.045332745,0.4237573,395.3568,428.8968,2560.9397
15.459368,-0.07354604,0.77397865,-0.017760623,0.42946663,396.54794,405.96454,2572.342
15.748857,0.033428565,0.6682933,0.025265355,0.42978084,401.1701,400.18243,2576.5042
