13.058798,0.17230067,0.66985554,-0.08965711,0.4323851,446.21616,358.22308,2538.862
13.0213995,0.29058796,1.129712,-0.12584274,0.42826918,445.0662,387.7659,2558.9702
13.120398,0.2559423,1.1288022,-0.11071275,0.4278989,445.5949,391.0197,2565.5083
13.158967,0.46795627,1.1798902,-0.026774703,0.42559937,449.63562,412.8806,2542.7178
13.295592,-0.1881013,1.1888914,-0.09166182,0.4248933,452.22543,415.4286,2546.6438
13.2064295,-1.5067675,1.0823518,-0.092868015,0.41174674,455.80902,395.74207,2515.7344
13.598852,-2.2700574,0.9731308,-0.037408642,0.38858494,448.06668,363.9486,2488.4646
13.824112,-2.292477,0.9575131,0.044576667,0.384826,449.1492,345.19873,2455.5283
13.677378,-2.4347131,0.8942246,-0.012566689,0.38052157,440.85867,310.31616,2443.7021
13.815394,-2.3035212,1.2310563,-0.13513015,0.36659724,448.0468,273.66815,2440.6501
13.773518,-2.421866,1.1215295,-0.16507609,0.36280414,447.8962,269.3696,2438.369
13.828783,-2.5463943,0.9008694,-0.07950745,0.36815962,446.11108,269.97876,2435.801
14.012596,-2.4498107,0.92770904,-0.12822706,0.3818174,448.06146,326.24554,2469.1333
13.659884,-1.8108009,1.1370393,-0.06830794,0.40168145,449.30457,348.67175,2488.7373
13.825332,-1.1021243,1.0631917,-0.20089011,0.42139864,452.80206,403.8791,2521.3738
13.712877,-0.7349544,0.9211104,-0.1820866,0.42742974,457.12354,411.4013,2544.415
13.9410095,-0.5236985,0.74041927,-0.14267552,0.43048346,458.70328,416.8546,2557.0842
14.268052,-0.47546718,1.0053653,-0.12981759,0.4269917,461.75342,417.7675,2577.6199
