13.092024,-0.16025113,1.0662369,-0.26078793,0.43053794,452.31778,407.67773,2555.4639
13.381518,-0.13842788,1.039491,-0.22285433,0.4302624,452.41605,412.3985,2550.3394
13.36242,-1.2607564,0.94808,0.0035512839,0.4168214,443.38483,405.3724,2516.1702
13.334895,-1.6164166,0.94382,0.00443042,0.41060013,443.61987,397.0532,2498.4443
13.154361,-2.3586707,0.77022886,0.069140375,0.38952973,437.60367,344.25986,2448.8215
13.505612,-2.3833144,0.79243845,0.08347381,0.38640118,445.22046,287.74435,2431.5278
13.318737,-2.4451575,0.6913538,0.07269847,0.3878464,442.69864,284.0931,2418.9106
13.42061,-2.5748167,0.6608153,-0.020237124,0.38365933,441.6005,299.2453,2431.6138
13.339203,-1.9162782,0.698195,-0.07792675,0.41189778,445.1921,323.396,2446.1572
13.455997,-1.8337483,0.9478318,-0.11746524,0.40861568,452.9193,355.55603,2465.0823
13.401007,-0.9670504,0.97446096,-0.044715196,0.4212604,460.71173,393.80432,2507.258
13.641557,-0.450682,1.112802,-0.14308792,0.42568547,458.2179,429.80035,2527.9895
13.696795,-0.29659343,1.2313625,-0.08373095,0.4232808,463.94962,428.34094,2535.9414
13.466073,-0.05884775,1.1386005,-0.09960335,0.42653954,462.4021,423.72275,2549.357
