13.114534,0.45525452,0.121777035,-0.06771551,0.43385994,350.22287,46.894653,2525.699
13.231673,0.38259897,0.31633368,-0.07716323,0.43391928,352.23837,46.607056,2522.6824
13.072117,0.24261484,0.0751549,-0.10761019,0.43504983,352.96698,48.917038,2511.837
12.710124,0.22011954,0.3075408,-0.096161515,0.43447003,355.5108,50.54637,2517.3584
12.703173,0.16735053,0.4079085,-0.08778319,0.4339339,357.76974,55.91031,2529.294
12.781476,0.3923665,0.513902,-0.24074876,0.43636647,375.9784,50.340942,2545.0942
13.059172,0.18167694,-0.1706345,-0.2679166,0.4379317,375.8865,41.167603,2573.564
13.082847,0.26770127,-0.33156493,-0.32760578,0.43828392,380.37457,45.66832,2596.8652
13.016201,0.49904156,0.41665006,-0.2599607,0.43700102,367.66003,6.3556213,2601.2344
13.381059,0.24040641,0.16108647,-0.084861256,0.43453795,376.20486,28.851395,2601.5156
13.377268,0.48440742,0.20374973,-0.25672722,0.43743905,382.09048,38.047333,2609.964
13.348133,0.609053,0.067858025,-0.19642745,0.43593815,380.77274,31.766693,2616.1165
13.429374,0.42112866,-0.11798551,-0.080435134,0.4338982,358.57654,51.532013,2561.4124
13.524172,0.3153667,0.0075709783,-0.12786125,0.43531764,364.4035,59.77986,2531.891
13.6123085,0.45580518,0.023406327,-0.14692792,0.43539363,354.94092,54.238464,2530.644
13.692183,0.4379189,-0.33024073,-0.13109164,0.4340137,351.38788,47.73845,2530.1084
13.817649,0.24441417,-0.42497844,-0.13352925,0.43415377,353.50436,35.326782,2513.8162
