14.487048,0.40054852,0.90602475,0.026944058,0.42788258,449.13474,238.02315,2540.5635
14.652638,0.39266428,0.91124904,0.01244175,0.42814258,449.8829,241.20135,2538.9968
14.996949,0.27650404,1.0806724,-0.034343794,0.42697206,450.57333,242.63905,2533.5608
14.732144,-0.27723113,0.88245827,-0.073304035,0.42864105,449.8364,222.12512,2525.1084
14.706639,-0.7260318,1.0869598,-0.01944883,0.42108762,444.90997,211.60176,2506.9353
14.94923,-1.1867894,1.0936246,-0.1557997,0.41854158,446.49786,171.28369,2497.959
15.132413,-1.6548867,1.71359,0.17613827,0.31914908,503.73972,98.7796,2603.6904
15.252535,-1.4809884,1.2916166,0.04217725,0.401947,459.43353,125.34324,2552.5676
15.406725,-1.2154069,1.2030898,-0.026854875,0.41222808,450.62933,185.36354,2512.615
15.491122,-0.9895692,1.2363701,-0.114036106,0.41698885,454.62665,191.26161,2509.9927
15.686662,-0.5854623,0.7921808,-0.1836468,0.43033347,463.65387,198.38834,2531.4421
14.88352,-0.19031772,0.9092311,-0.058174558,0.42836952,458.6054,224.45999,2536.4224
14.677526,0.15085286,1.1762782,-0.10997167,0.42691073,453.3299,233.54048,2536.3303
14.537069,0.47525716,0.9575869,-0.09012492,0.42984498,446.4014,227.80664,2524.5085
14.339348,0.5323374,0.917379,-0.10058098,0.43047076,448.08392,230.32246,2522.973
