14.548898,0.49244374,-0.71030533,0.009423203,0.42776644,-193.43983,855.7784,2410.8193
14.486952,0.49619895,-0.72531235,-0.021757262,0.42825887,-189.14557,854.8796,2413.3113
14.81176,0.48745093,-0.7552229,-0.029168455,0.428129,-187.60739,850.5569,2413.0579
15.034011,0.3514785,-0.62182254,-0.0156206,0.4298879,-187.95287,858.25256,2399.8794
14.576934,0.16858548,-0.6424822,-0.01898827,0.4304459,-182.376,851.2289,2378.322
14.560607,0.08196567,-0.60127,-0.017625703,0.4309927,-180.21756,841.86847,2365.5696
14.052532,-0.23572677,-0.55904126,-0.027297573,0.43190733,-177.06012,826.6216,2325.994
14.1165085,-0.68304676,-0.5301153,0.016912876,0.43059093,-177.84335,804.1067,2268.851
14.471285,-0.9175885,-0.44079226,0.056354508,0.42921507,-180.48836,784.0871,2240.8252
14.45667,-1.4610348,-0.34814027,0.10355903,0.42452917,-182.64212,745.16254,2181.808
14.473298,-1.7906412,-0.24806772,0.0832358,0.42108783,-182.7835,703.0215,2141.3018
14.4404745,-2.1259725,-0.0981292,0.010477745,0.41657075,-181.50386,662.58966,2096.4211
14.312099,-2.2389069,-0.088012494,0.022420865,0.4137645,-183.77087,634.33716,2075.6052
14.17455,-2.437647,-0.08640266,0.029034004,0.40832275,-184.43913,597.6219,2037.741
14.590726,-2.5366445,-0.18147434,0.05211424,0.40538076,-180.6529,554.4286,2022.2728
14.788504,-2.573732,-0.16647543,0.060895294,0.40361738,-181.56932,543.9565,2011.5273
15.026188,-2.5573475,-0.13403039,0.1437183,0.40126744,-195.37944,552.28076,1998.4681
15.33893,-2.7116013,-0.12209277,-0.01888819,0.399547,-178.79936,513.0594,1976.6997
15.629663,-2.78492,-0.14661786,-0.052908458,0.39689675,-175.72266,493.95465,1978.5094
15.79627,-2.7288325,-0.17559296,-0.033961296,0.39986688,-174.91667,498.26846,1989.2123
15.974263,-2.7434466,-0.18833879,-0.04006213,0.39945456,-175.04045,496.6369,2000.498
15.407546,-2.6221988,-0.20903549,-0.014539395,0.4044428,-173.49174,512.7735,2025.2139
14.915577,-2.5725412,-0.23770972,0.005111289,0.40598807,-171.84546,527.6101,2035.0004
14.85485,-2.4874825,-0.19213755,-0.02121165,0.40917683,-174.37366,550.91534,2049.8948
15.1517,-2.3145778,-0.12776601,-0.045163218,0.41402224,-176.39633,611.29565,2070.317
15.297941,-2.0221415,-0.10011664,-0.058381215,0.42018762,-177.75453,656.74567,2111.6746
15.59374,-1.8833734,-0.19975086,-0.02931502,0.42225587,-180.95819,698.589,2136.2686
15.739392,-1.5497879,-0.31785715,0.034159284,0.42523015,-182.23534,735.65576,2167.1619
15.533912,-1.3660457,-0.36150363,0.07116227,0.42612284,-186.39764,749.78217,2189.9824
15.767756,-1.1043844,-0.4160259,0.08842477,0.42756703,-186.69829,771.10583,2220.0981
15.902833,-0.8642206,-0.5310324,0.071681954,0.42879552,-184.8071,790.4811,2251.3726
15.409942,-0.5669043,-0.63660085,0.08827163,0.42870614,-190.7026,812.33514,2286.699
15.648302,-0.26728755,-0.72750443,0.06285775,0.42874965,-190.41014,829.8038,2320.5308
15.843297,-0.016342124,-0.7175214,0.018230397,0.4294669,-191.3721,834.623,2351.484
