12.723299,0.069918215,1.3660975,-2.9812202,0.4103712,56.410725,295.64294,2339.062
12.456681,-0.18650593,1.4668479,-2.613261,0.3824822,57.34729,300.50674,2344.475
12.575445,-0.3436629,1.4216502,-2.677251,0.38647977,56.14485,298.39914,2342.5706
12.531297,-0.33805403,1.4090608,-2.7385156,0.391002,56.46536,295.84537,2342.8884
12.336298,-0.37653533,1.359371,-2.8152328,0.39613253,56.661884,293.1089,2346.7627
12.485533,-0.39059773,1.3672937,-2.791129,0.39444235,57.930706,292.25635,2345.992
12.20521,-0.4164693,1.3204821,-2.8537705,0.398571,60.00181,289.60883,2346.5786
12.255937,-0.3096844,1.2842792,-2.9251277,0.4029345,60.323166,291.6483,2349.4485
12.719439,1.0463733E-4,1.2384225,-3.0062902,0.40826118,61.817368,271.8938,2374.26
13.627974,-0.10651348,1.1921153,-3.0618496,0.4117784,61.377792,288.11035,2361.1497
13.689066,0.03554072,1.3534843,-2.7727041,0.39285436,65.22774,284.35126,2363.3296
14.070991,0.04994817,1.3462318,-2.7902713,0.39409143,65.64713,286.08038,2362.5754
14.673874,0.0023690031,1.2973222,-2.8106406,0.39437664,66.55244,280.8127,2365.3916
15.14456,0.29394606,1.3390493,-2.711801,0.3908488,67.52191,249.9559,2375.2263
15.509509,0.1667361,1.2926953,-2.7936158,0.39431652,65.86815,251.55515,2369.6877
15.424469,0.19119404,1.315245,-2.733769,0.39078385,67.08893,246.16351,2366.1562
14.43248,-0.33738163,1.0895293,-2.99018,0.40403044,70.623886,227.1882,2362.5515
14.231365,-0.3324469,1.07936,-3.001377,0.40471247,70.21542,231.87119,2361.6914
14.624517,-8.398904E-4,1.2927513,-2.704324,0.386776,72.57976,231.31177,2363.9292
14.857463,0.026194913,1.3296216,-2.559858,0.37756854,75.47571,225.96844,2362.5095
14.5157995,0.0067992425,1.3158627,-2.580196,0.37862572,75.6818,226.3153,2364.029
13.79235,0.006080929,1.1768482,-2.8502977,0.39538756,41.911194,288.29822,2306.4124
13.437442,0.0056768293,1.0986414,-2.9539373,0.40161163,31.335262,286.09277,2310.019
13.331063,0.0052658613,1.0191051,-3.0404546,0.40674433,25.144445,284.57288,2313.505
13.320077,0.0048595364,0.9404618,-3.1124299,0.41098467,21.83629,282.4533,2314.0403
12.975778,0.0040898486,0.79150987,-3.2216303,0.4174044,15.93439,276.83658,2317.6318
13.081771,0.0037350883,0.7228542,-3.2625625,0.41982248,13.563414,272.826,2319.405
13.543242,0.0030949065,0.5989639,-3.3243766,0.42351606,8.941949,269.9585,2325.3198
13.533535,0.0025480818,0.4931404,-3.3666272,0.42609957,8.98613,269.05035,2328.5122
14.421081,0.0020885817,0.40421262,-3.3955712,0.42792436,8.206254,268.63602,2330.8655
15.101601,0.0017065997,0.3302867,-3.4154863,0.42922664,7.144975,267.39346,2334.5435
15.610894,0.0013913749,0.2692803,-3.4292717,0.43016616,7.440347,266.67218,2336.267
16.01277,0.0011325721,0.21918942,-3.4388845,0.43085137,5.8352804,267.11395,2341.4368
16.361328,9.2082185E-4,0.17820731,-3.445646,0.43135676,7.477296,263.73187,2344.127
16.131407,7.480035E-4,0.14476183,-3.450448,0.4317336,5.993765,271.0762,2347.9214
15.665154,6.7399966E-4,0.13043918,-3.4523113,0.43188533,3.0588305,273.20343,2350.519
15.268381,6.0722936E-4,0.11751751,-3.4538932,0.4320174,1.9629482,273.67938,2355.2046
14.9527855,5.4700376E-4,0.10586259,-3.455241,0.4321326,1.600722,271.17633,2358.1785
14.672303,4.927002E-4,0.09535368,-3.456392,0.43223327,0.9108007,269.7763,2361.5862
14.1254835,3.9962944E-4,0.07734142,-3.4582236,0.43239892,-0.69942755,267.9948,2367.541
