13.371718,0.038762003,-0.05396503,-3.4414668,0.43050465,-25.554237,243.06085,2345.539
12.985214,0.03153756,-0.043907046,-3.4462912,0.43099746,-27.443258,245.06578,2342.961
13.095463,0.028437538,-0.039591152,-3.4482734,0.43120524,-25.991426,245.49611,2342.9768
13.845081,0.02310849,-0.03217197,-3.4515598,0.4315573,-25.052288,246.1566,2341.8901
14.594857,0.018766223,-0.026126603,-3.4541256,0.43183944,-24.541569,243.96013,2343.7576
14.605082,0.015232224,-0.021206519,-3.4561412,0.43206605,-19.19105,214.21623,2335.161
14.51697,0.013721088,-0.019102696,-3.4569833,0.43216217,-18.000757,223.84074,2332.4756
14.367237,0.011130782,-0.015496437,-3.4583998,0.43232572,-10.63486,197.96556,2333.6045
14.698769,0.009026864,-0.012567332,-3.459525,0.43245748,-7.385476,230.83717,2339.1826
14.25438,0.008128365,-0.011316427,-3.459999,0.43251354,-7.9407244,238.70625,2336.326
14.024242,0.0073189163,-0.010189501,-3.4604225,0.43256387,-7.9663563,243.18102,2332.3625
13.686103,0.0065897657,-0.0091743665,-3.4608006,0.43260905,-6.044476,209.5457,2334.201
13.511597,0.005933008,-0.00826002,-3.4611394,0.43264967,-6.1373115,181.06291,2332.6296
13.527391,0.0053415033,-0.007436518,-3.4614422,0.43268618,-4.2645397,161.46117,2336.4282
13.008293,0.0043291035,-0.0060270405,-3.461957,0.4327485,-8.032691,247.74263,2251.8506
13.080736,0.0038971459,-0.0054256623,-3.4621751,0.43277496,-8.990218,250.2332,2235.6736
13.057357,0.0035082025,-0.0048841713,-3.4623706,0.43279886,-5.6492558,257.39697,2224.872
12.734248,0.0028427118,-0.003957666,-3.4627035,0.4328396,-4.0703106,244.3394,2205.1255
13.126796,0.0025588495,-0.0035624697,-3.4628448,0.43285692,-6.1178975,233.41502,2202.4487
12.808127,0.0020732356,-0.0028863905,-3.4630857,0.43288654,-7.2824097,213.99889,2190.2507
12.910331,0.0018661297,-0.0025980547,-3.4631884,0.4328992,-9.464325,203.26299,2178.261
12.919504,0.0016796924,-0.002338494,-3.4632795,0.43291053,-10.819859,191.31474,2170.5488
12.400987,0.0013607952,-0.0018945206,-3.4634368,0.43293002,-18.04347,157.36241,2155.7979
12.597464,0.0012248096,-0.0017051988,-3.4635034,0.43293828,-17.02051,142.02348,2157.1504
12.380574,9.922254E-4,-0.0013813917,-3.463618,0.4329524,-15.501612,133.3199,2154.5078
12.4396,8.930526E-4,-0.0012433218,-3.4636662,0.43295845,-14.262476,120.46196,2158.4832
12.575801,8.037877E-4,-0.0011190459,-3.46371,0.4329639,-13.501507,112.948654,2163.7207
12.365689,6.51124E-4,-9.065051E-4,-3.4637847,0.43297315,-12.865459,106.1342,2175.572
12.553297,5.860329E-4,-8.158843E-4,-3.4638164,0.43297714,-13.865795,112.347244,2180.5881
12.323169,4.7471657E-4,-6.6090777E-4,-3.463871,0.43298388,-14.689698,145.75554,2189.794
12.288254,4.2725622E-4,-5.948328E-4,-3.4638941,0.4329868,-14.045814,164.67824,2192.6616
12.460607,3.8453983E-4,-5.3536246E-4,-3.4639146,0.43298933,-13.013613,190.29387,2197.4067
12.275637,3.1149006E-4,-4.3366136E-4,-3.46395,0.43299377,-12.560742,211.55742,2211.4087
12.309019,2.80346E-4,-3.9030213E-4,-3.4639652,0.43299565,-12.876148,227.0978,2219.4934
12.461538,2.5231537E-4,-3.5127747E-4,-3.4639785,0.43299735,-13.462961,245.38283,2223.0923
12.212487,2.0438101E-4,-2.8454245E-4,-3.464002,0.4330003,-13.268654,265.4724,2243.8774
12.309668,1.8394504E-4,-2.560912E-4,-3.464012,0.43300155,-12.945685,273.93,2247.964
12.67601,1.4899843E-4,-2.0743799E-4,-3.464029,0.4330037,-13.679947,299.49554,2271.7676
13.057481,1.3409971E-4,-1.8669578E-4,-3.4640362,0.4330046,-14.264877,307.19952,2270.7617
13.120638,1.0862234E-4,-1.5122577E-4,-3.4640486,0.43300614,-14.779538,322.40466,2290.5725
13.428871,9.776071E-5,-1.3610403E-4,-3.464054,0.43300682,-15.7915125,330.8493,2297.1887
12.978884,7.9187E-5,-1.1024544E-4,-3.4640634,0.433008,-17.48959,342.4029,2308.1812
13.0726595,7.126861E-5,-9.922132E-5,-3.464067,0.43300843,-17.11991,350.88385,2311.168
13.043797,6.414203E-5,-8.929956E-5,-3.4640706,0.43300888,-17.677402,365.03265,2318.4626
12.7223835,5.19554E-5,-7.233316E-5,-3.4640765,0.43300962,-18.860807,370.26166,2334.41
12.848636,4.676E-5,-6.510004E-5,-3.4640791,0.43300995,-21.02422,381.37115,2341.5647
12.772724,4.208412E-5,-5.8590198E-5,-3.4640815,0.43301025,-21.079062,387.17206,2348.9087
12.58858,3.4088294E-5,-4.7458274E-5,-3.4640856,0.43301076,-20.845934,385.02667,2357.5676
12.805946,2.7611619E-5,-3.844134E-5,-3.4640884,0.4330111,-23.350159,378.21692,2355.1726
13.323572,2.4850497E-5,-3.459726E-5,-3.4640899,0.4330113,-22.925875,373.66064,2352.4438
