12.79245,-5.3103867E-12,-2.0585696E-10,2.0000033,0.25000045,-360.62946,343.63712,2357.8723
12.901379,-4.7793523E-12,-1.8527124E-10,2.0000033,0.25000045,-361.4009,336.9741,2352.4832
12.678894,-4.3014143E-12,-1.667441E-10,2.0000033,0.25000045,-360.66818,329.93655,2343.858
12.513478,-3.4841498E-12,-1.3506271E-10,2.0000033,0.25000045,-358.36002,314.0621,2319.717
12.677019,-2.8221572E-12,-1.0940078E-10,2.0000033,0.25000045,-356.9038,305.23758,2302.5693
12.529572,-2.2859533E-12,-8.861463E-11,2.0000033,0.25000045,-356.82257,281.38437,2280.6582
12.040403,-2.057358E-12,-7.975317E-11,2.0000033,0.25000045,-355.87073,263.2642,2262.694
11.469445,-1.6664546E-12,-6.460007E-11,2.0000033,0.25000045,-350.599,229.42703,2231.2046
10.905241,-1.4998082E-12,-5.814005E-11,2.0000033,0.25000045,-350.46637,211.90097,2213.565
10.651284,-1.3498289E-12,-5.232604E-11,2.0000033,0.25000045,-350.27737,200.83444,2200.6765
10.473194,-1.2148464E-12,-4.7093433E-11,2.0000033,0.25000045,-352.78555,198.99414,2178.5417
10.237735,-9.840236E-13,-3.814568E-11,2.0000033,0.25000045,-353.7862,191.95377,2158.5437
10.25827,-8.8561954E-13,-3.4331114E-11,2.0000033,0.25000045,-349.79453,175.50174,2147.162
10.08552,-7.970583E-13,-3.0898003E-11,2.0000033,0.25000045,-348.1116,162.5704,2135.623
10.03181,-6.4561664E-13,-2.5027383E-11,2.0000033,0.25000045,-340.3512,108.97662,2127.142
9.974636,-5.8105533E-13,-2.2524644E-11,2.0000033,0.25000045,-345.6375,106.80295,2126.681
9.881253,-5.2295066E-13,-2.0272182E-11,2.0000033,0.25000045,-342.29907,103.9772,2125.9207
9.576107,-4.7065563E-13,-1.8244965E-11,2.0000033,0.25000045,-347.2374,107.70706,2137.9343
9.162985,-4.2359074E-13,-1.642047E-11,2.0000033,0.25000045,-352.85382,125.90567,2152.5703
8.787362,-3.8123175E-13,-1.4778422E-11,2.0000033,0.25000045,-354.82825,148.53879,2171.0796
8.473478,-3.4310898E-13,-1.33005785E-11,2.0000033,0.25000045,-355.2558,169.54391,2193.654
8.424535,-3.087978E-13,-1.1970521E-11,2.0000033,0.25000045,-354.20062,191.77597,2209.4954
8.306905,-2.7791793E-13,-1.0773468E-11,2.0000033,0.25000045,-354.90277,215.1915,2234.4329
8.430558,-2.501259E-13,-9.696121E-12,2.0000033,0.25000045,-354.60468,236.34415,2250.81
8.596088,-2.0260132E-13,-7.853858E-12,2.0000033,0.25000045,-355.9903,271.34335,2282.7278
8.72401,-1.8234101E-13,-7.068472E-12,2.0000033,0.25000045,-358.10065,283.20743,2290.7354
8.756208,-1.6410687E-13,-6.361624E-12,2.0000033,0.25000045,-359.59723,286.29483,2297.7427
8.805617,-1.4769635E-13,-5.7254618E-12,2.0000033,0.25000045,-359.46832,294.7269,2311.2246
8.902638,-1.329269E-13,-5.1529146E-12,2.0000033,0.25000045,-358.6435,306.87283,2324.0017
8.977175,-1.1963412E-13,-4.637623E-12,2.0000033,0.25000045,-359.10065,310.64175,2330.207
9.048497,-1.0767057E-13,-4.1738605E-12,2.0000033,0.25000045,-358.15454,315.77078,2337.0857
9.135995,-9.6903564E-14,-3.7564743E-12,2.0000033,0.25000045,-360.4734,313.49857,2345.6548
10.006542,-7.8491826E-14,-3.0427442E-12,2.0000033,0.25000045,-362.00916,324.20926,2353.6936
10.762911,-7.064262E-14,-2.7384698E-12,2.0000033,0.25000045,-362.70618,325.6638,2352.529
11.145564,-5.7220606E-14,-2.2181606E-12,2.0000033,0.25000045,-363.7122,317.67923,2344.6008
11.742811,-5.149861E-14,-1.9963443E-12,2.0000033,0.25000045,-363.0655,318.699,2342.4768
