15.111625,0.7444287,-0.030330958,-0.21503544,0.43557826,105.96176,-285.32892,2654.397
15.436716,0.668763,-0.0153545225,-0.17332135,0.43513292,99.714554,-280.4947,2649.4624
15.727086,0.6981151,0.0035633366,-0.2055035,0.43567643,102.43497,-273.64252,2652.227
15.899163,0.65310186,5.3226284E-4,-0.17578347,0.43527657,100.25748,-274.21326,2650.0771
16.019512,0.654648,-0.01179522,-0.17433159,0.4352172,98.78364,-274.5166,2650.921
16.273336,0.70049495,-0.043057147,-0.17759843,0.4350158,100.64029,-278.71832,2656.0889
16.390854,0.81869125,-0.037846696,-0.0638742,0.43217626,97.38193,-279.28543,2661.7388
16.282198,0.81089234,-0.03922443,-0.115957394,0.43327639,99.515915,-278.54547,2664.2742
15.851662,0.7285305,-0.059005167,-0.13025333,0.43390903,98.56302,-279.89948,2657.06
15.303169,0.74677384,-0.06320129,-0.10136885,0.4332287,97.019135,-280.80078,2662.615
14.85554,0.79436916,-0.076220825,-0.10604197,0.43304393,96.43931,-286.7653,2668.0957
14.380831,0.84122986,-0.06269766,-0.046455044,0.43161365,93.81215,-287.64606,2665.5044
13.932186,0.9026884,-0.12278688,-0.039210137,0.43086806,94.24509,-293.4903,2674.7107
13.791647,0.95319724,-0.13573946,-0.07502754,0.43123597,94.81535,-296.50592,2680.5552
13.428996,0.90972674,-0.2037909,-0.11828124,0.4320643,95.689316,-301.3062,2684.6218
13.430584,0.9269746,-0.2577223,-0.23058613,0.43387842,100.04181,-310.51233,2688.196
13.717588,0.9246696,-0.23738867,-0.20985866,0.4336097,102.11433,-314.5206,2677.5903
13.548618,0.93681675,-0.2477857,-0.28361598,0.43489152,102.4075,-322.48752,2685.8733
13.377237,0.94457936,-0.23425695,-0.3090653,0.43539938,102.955215,-323.09344,2682.8848
13.327951,0.95875674,-0.22759667,-0.2865094,0.43491775,103.05542,-323.71667,2690.5566
13.348804,0.99627787,-0.27510855,-0.35551804,0.43565968,103.77992,-320.11975,2699.6199
13.739933,1.0258573,-0.2957096,-0.41273534,0.43635258,108.74247,-323.01282,2701.915
14.2677,1.0377022,-0.40849248,-0.4377664,0.43586192,107.457504,-326.34122,2710.4683
13.9852495,1.0460029,-0.38936105,-0.43216524,0.43585268,98.759125,-330.19,2700.8616
13.664737,1.0516595,-0.3780446,-0.4085347,0.43547207,113.64718,-338.6129,2702.124
13.418208,1.0301186,-0.41350332,-0.41986346,0.43555772,104.92888,-341.91864,2698.6492
13.042131,1.1374358,-0.43655103,-0.41805288,0.4344233,105.24762,-346.9517,2709.146
12.892019,1.1747894,-0.43829542,-0.42668524,0.43422663,106.18796,-347.9709,2710.096
12.661417,1.190527,-0.45715111,-0.42656082,0.43389747,103.85929,-351.46765,2710.9265
12.538969,1.1829875,-0.47626236,-0.43610686,0.43395448,103.61565,-343.807,2716.0063
12.982852,1.1223242,-0.45131156,-0.44930503,0.43498647,107.678986,-347.13544,2696.2078
13.695336,1.1239992,-0.39093497,-0.4340024,0.43523198,105.96147,-364.04224,2692.9685
13.649125,1.1381807,-0.35308045,-0.4583321,0.43585837,104.20471,-361.06024,2696.4646
12.975862,1.1473279,-0.3539903,-0.43355662,0.4353295,100.29172,-346.2656,2702.8215
12.872633,1.1137474,-0.37876812,-0.43892553,0.43550897,111.38142,-337.111,2694.708
13.000145,1.0765476,-0.36103833,-0.40460303,0.43533677,104.60402,-334.31647,2694.7822
12.941771,1.0743787,-0.3512753,-0.37322468,0.43485534,103.124695,-328.64838,2691.556
13.41139,1.011423,-0.39218238,-0.39016557,0.43533787,110.303116,-321.6585,2686.9817
13.937079,0.9859454,-0.41771162,-0.35059714,0.43459374,102.78827,-315.5237,2689.8225
14.504115,0.97858566,-0.3729874,-0.35543135,0.43509609,102.80699,-307.65863,2676.8325
14.8604555,0.9174592,-0.30968943,-0.3550051,0.4359679,114.1137,-301.39035,2677.3489
15.273579,0.8751524,-0.315196,-0.35786265,0.43626022,104.492424,-296.2488,2677.2603
15.420287,0.9315006,-0.24805638,-0.33220243,0.43583706,101.65869,-294.47833,2675.5515
15.533503,0.9431096,-0.13427506,-0.24519825,0.43470997,100.259186,-286.17145,2676.8262
15.659249,0.93139887,-0.017974872,-0.2409867,0.4351398,97.69017,-277.80054,2674.3264
15.852423,0.83395165,-0.01785275,-0.22974467,0.43545812,107.81525,-272.32004,2663.627
15.934371,0.8678513,-0.08668548,-0.16891855,0.43386814,101.80635,-272.6117,2676.3396
15.963775,0.8475732,-0.116990134,-0.17701097,0.43402514,101.377045,-273.78036,2673.467
16.16868,0.85139537,-0.09609445,-0.16325347,0.43381318,98.59168,-273.72937,2666.9688
