26.502438,-0.18345357,0.26350078,0.4962636,0.42069623,-231.00052,-348.55106,2383.802
24.131592,-0.9196663,0.20253265,0.18285161,0.4254199,-233.62117,-350.9735,2384.687
22.661142,-0.78736174,0.21525353,0.27587676,0.42399377,-241.81009,-373.5125,2407.4578
21.377274,-0.41851974,0.1717165,0.95928836,0.40662813,-240.4135,-366.7475,2402.0789
20.162737,-0.60550225,0.08695711,-0.0012441422,0.43171212,-242.95428,-371.91083,2411.9307
19.535942,-0.6728966,0.10941098,-0.01643018,0.43167135,-240.38046,-368.98077,2409.322
18.869902,-0.6048066,0.25909045,0.022189127,0.43052274,-240.3598,-371.324,2418.928
18.500553,-0.63865215,0.21300872,0.08693441,0.42918313,-241.54037,-377.38434,2425.2742
17.950115,0.6186309,0.031156085,1.0537082,0.40307564,-243.2351,-379.3133,2424.9639
16.628363,0.6903817,-0.085698515,0.7827436,0.41132265,-231.93054,-380.4223,2439.7527
15.916163,-1.5182658,0.4096828,0.44782,0.4101205,-250.51,-423.17505,2440.1992
15.281336,-1.4820435,0.087571636,0.34137857,0.41688454,-224.8063,-416.3255,2437.0425
14.909842,-0.26478443,0.18230107,0.9794016,0.40645266,-238.27875,-420.80682,2426.2275
15.032048,-0.1612567,-0.020981293,0.78735185,0.41321394,-233.07724,-418.2386,2430.6694
14.976924,-0.029872457,-0.040062927,0.82436454,0.4121662,-239.30879,-416.05536,2467.506
14.614888,-0.19839749,-0.07404192,0.74954563,0.41429684,-233.15956,-410.47668,2455.218
14.684125,-0.31595445,-0.051281944,0.774988,0.41333848,-233.6805,-405.99512,2432.3843
14.555766,-0.30098614,-0.0571014,0.7126541,0.41521424,-229.49765,-414.5028,2451.1343
14.530676,-0.308755,0.005049499,0.78550285,0.41299203,-236.66464,-406.59515,2437.319
14.120041,-0.36014265,0.037710186,0.62062186,0.417593,-236.2252,-397.82,2439.244
13.6411085,-0.4598777,0.04844572,0.612963,0.4174747,-234.14738,-402.72342,2437.9387
13.665642,-0.12366577,0.032534894,1.0077739,0.4061614,-232.91219,-402.2549,2438.221
13.351183,-0.08683818,-0.0040071583,0.9377371,0.40855694,-231.92534,-403.13428,2438.3447
13.246211,0.31704885,-0.008643673,0.41034222,0.42329845,-231.22559,-403.38727,2431.9626
13.163385,-1.113455,-0.0022198493,-0.24052654,0.43402398,-232.66806,-405.20905,2426.1516
12.923184,-0.81129104,0.09368885,0.09074196,0.42871618,-255.48218,-391.72156,2452.6726
13.1314125,-0.4323936,0.14989318,0.12172333,0.4294848,-260.52832,-388.85358,2497.0232
12.925727,-0.6740618,0.16833603,-0.011425433,0.43133593,-243.99353,-418.77887,2462.9226
12.894886,-0.33462995,0.24613269,0.9025949,0.4084717,-234.71806,-386.69998,2432.1306
13.170637,-0.40653703,0.21195029,0.37100974,0.42348745,-234.21262,-398.31485,2421.4846
13.588434,-0.42034596,0.17631583,0.37200156,0.42355704,-231.28595,-392.97247,2422.9226
13.901151,-0.44688055,0.30072677,0.37032154,0.4229208,-231.3623,-385.09824,2424.1665
14.207539,0.064165026,0.16314565,0.9685952,0.40737852,-236.99637,-366.49426,2417.1882
14.464647,-0.9026398,-0.010892839,-0.5795242,0.44139385,-235.33778,-379.45258,2420.572
14.698873,0.39436403,0.22952238,0.7504667,0.41376272,-240.57637,-406.758,2411.3718
14.570283,-0.0797119,0.3160876,0.6141522,0.41747215,-249.9792,-420.3058,2432.8298
14.992301,-0.26152423,0.3221939,-0.14991759,0.43497232,-247.47704,-414.09528,2426.1191
14.801827,-0.4346009,0.27131027,-0.12678504,0.43423113,-241.2478,-426.6217,2410.1587
