12.799949,0.0,0.0,0.0,0.43301272,-174.54434,52.438843,2691.9058
12.507076,0.0,0.0,0.0,0.43301272,-176.7922,59.335938,2703.9373
12.57672,0.0,0.0,0.0,0.43301272,-176.5361,62.490112,2707.9436
12.516569,0.0,0.0,0.0,0.43301272,-177.06012,62.15735,2707.7798
12.270322,0.0,0.0,0.0,0.43301272,-176.43605,50.493347,2702.64
12.249946,0.0,0.0,0.0,0.43301272,-175.68329,52.69641,2699.6353
12.170665,0.0,0.0,0.0,0.43301272,-176.72197,51.659607,2701.909
12.477762,0.0,0.0,0.0,0.43301272,-173.96718,43.93799,2692.2935
12.551581,0.0,0.0,0.0,0.43301272,-173.1153,47.177246,2690.7463
12.477895,0.0,0.0,0.0,0.43301272,-172.24944,44.66516,2688.7437
11.566293,0.0,0.0,0.0,0.43301272,-172.2876,38.210693,2668.6208
11.431215,0.0,0.0,0.0,0.43301272,-170.31134,34.043213,2653.3206
11.329147,0.0,0.0,0.0,0.43301272,-167.8048,23.349731,2626.7393
11.525577,0.0,0.0,0.0,0.43301272,-167.56464,18.805298,2616.3696
11.977563,0.0,0.0,0.0,0.43301272,-167.52727,2.9536743,2595.301
12.424717,0.0,0.0,0.0,0.43301272,-168.21402,-1.7020874,2585.1658
12.919493,0.0,0.0,0.0,0.43301272,-169.2434,-8.255737,2579.1765
12.781664,0.0,0.0,0.0,0.43301272,-170.58107,-23.320618,2564.6892
13.180582,0.0,0.0,0.0,0.43301272,-170.24326,-27.628723,2557.9912
13.326826,0.0,0.0,0.0,0.43301272,-169.25009,-40.172974,2544.789
13.3981495,0.0,0.0,0.0,0.43301272,-169.18427,-44.328003,2538.5864
12.793681,0.0,0.0,0.0,0.43301272,-167.8971,-70.78162,2522.2278
13.053506,0.0,0.0,0.0,0.43301272,-166.59259,-75.55945,2520.2422
12.765111,0.0,0.0,0.0,0.43301272,-163.92995,-87.62805,2518.9753
12.4040785,0.0,0.0,0.0,0.43301272,-166.33221,-84.8504,2518.1733
12.559356,0.0,0.0,0.0,0.43301272,-166.22154,-81.67096,2518.0515
13.140904,0.0,0.0,0.0,0.43301272,-166.58473,-75.35907,2528.3586
13.419927,0.0,0.0,0.0,0.43301272,-167.96251,-63.67517,2537.7205
13.10642,0.0,0.0,0.0,0.43301272,-169.6051,-53.74237,2545.0063
13.086159,0.0,0.0,0.0,0.43301272,-170.79662,-36.281555,2565.1348
13.286451,0.0,0.0,0.0,0.43301272,-168.17116,-18.373169,2578.5293
13.666255,0.0,0.0,0.0,0.43301272,-168.15604,-10.362183,2582.9514
13.430217,0.0,0.0,0.0,0.43301272,-166.84166,7.6186523,2598.1592
13.728003,0.0,0.0,0.0,0.43301272,-166.08315,10.593445,2607.1816
13.451042,0.0,0.0,0.0,0.43301272,-165.57712,13.308838,2616.8506
13.938329,0.0,0.0,0.0,0.43301272,-164.60881,16.65857,2629.0186
13.756663,0.0,0.0,0.0,0.43301272,-164.58821,16.296265,2631.5981
13.81246,0.0,0.0,0.0,0.43301272,-163.63338,26.96753,2644.044
14.017355,0.0,0.0,0.0,0.43301272,-164.61536,34.96338,2654.3184
