14.378944,0.0,0.0,0.0,0.43301272,-338.8964,184.78915,2366.9492
14.20679,0.0,0.0,0.0,0.43301272,-336.26407,176.31747,2354.132
14.389898,0.0,0.0,0.0,0.43301272,-334.11496,181.00034,2348.972
14.025917,0.0,0.0,0.0,0.43301272,-335.51096,180.07578,2338.424
13.52822,0.0,0.0,0.0,0.43301272,-334.88358,166.34915,2323.4756
13.739175,0.0,0.0,0.0,0.43301272,-333.59213,161.10934,2314.2432
13.775254,0.0,0.0,0.0,0.43301272,-332.6462,153.35263,2299.7812
13.90421,0.0,0.0,0.0,0.43301272,-332.58603,140.64212,2282.7998
14.261627,0.0,0.0,0.0,0.43301272,-333.19016,134.9385,2275.9531
13.752816,0.0,0.0,0.0,0.43301272,-335.03387,111.55313,2252.2864
13.624212,0.0,0.0,0.0,0.43301272,-327.62674,83.46353,2230.0369
13.944422,0.0,0.0,0.0,0.43301272,-323.6611,77.04556,2215.65
14.333749,0.0,0.0,0.0,0.43301272,-326.59073,57.98404,2198.7996
14.434706,0.0,0.0,0.0,0.43301272,-329.3787,53.132233,2192.4087
14.671066,0.0,0.0,0.0,0.43301272,-329.72513,51.466278,2190.7358
14.309879,0.0,0.0,0.0,0.43301272,-330.70615,24.432465,2170.9617
14.344858,0.0,0.0,0.0,0.43301272,-331.0899,6.210541,2149.064
14.388389,0.0,0.0,0.0,0.43301272,-329.55908,-9.542404,2156.4966
14.597564,0.0,0.0,0.0,0.43301272,-328.36948,-27.882797,2147.25
14.463448,0.0,0.0,0.0,0.43301272,-332.3739,-62.820328,2138.0168
14.785353,0.0,0.0,0.0,0.43301272,-333.43542,-56.699753,2134.3862
14.317931,0.0,0.0,0.0,0.43301272,-333.14743,-58.11943,2130.0059
14.405643,0.0,0.0,0.0,0.43301272,-334.5461,-56.984726,2129.0208
14.441792,0.0,0.0,0.0,0.43301272,-334.5343,-50.774918,2129.0315
14.185575,0.0,0.0,0.0,0.43301272,-334.57925,-37.915146,2148.9236
14.439537,0.0,0.0,0.0,0.43301272,-334.1573,-36.127426,2152.1938
13.819909,0.0,0.0,0.0,0.43301272,-333.52264,-18.343979,2169.3447
13.434231,0.0,0.0,0.0,0.43301272,-336.61044,-5.675888,2177.4653
13.35342,0.0,0.0,0.0,0.43301272,-337.21866,7.82547,2182.916
13.510784,0.0,0.0,0.0,0.43301272,-337.4576,36.72525,2199.8323
13.675314,0.0,0.0,0.0,0.43301272,-332.74942,49.51236,2206.3242
14.148837,0.0,0.0,0.0,0.43301272,-332.6597,75.01889,2224.5654
14.428964,0.0,0.0,0.0,0.43301272,-334.52606,84.811066,2233.1348
14.074968,0.0,0.0,0.0,0.43301272,-334.08658,101.84671,2253.8135
14.466447,0.0,0.0,0.0,0.43301272,-332.87366,125.34726,2275.529
14.447154,0.0,0.0,0.0,0.43301272,-332.60336,135.66214,2285.7908
14.256976,0.0,0.0,0.0,0.43301272,-330.9272,147.30582,2292.117
14.700311,0.0,0.0,0.0,0.43301272,-329.85788,148.5057,2296.0588
14.78323,0.0,0.0,0.0,0.43301272,-329.81876,148.84909,2296.307
14.738751,0.0,0.0,0.0,0.43301272,-328.70892,153.83658,2302.293
14.276467,0.0,0.0,0.0,0.43301272,-329.3953,166.87503,2312.5544
14.320219,0.0,0.0,0.0,0.43301272,-330.3928,172.46133,2315.386
13.592261,0.0,0.0,0.0,0.43301272,-330.323,181.14688,2328.7354
14.23895,0.0,0.0,0.0,0.43301272,-332.17535,183.27737,2336.8635
14.719992,0.0,0.0,0.0,0.43301272,-332.82806,192.57187,2346.7058
15.074245,0.0,0.0,0.0,0.43301272,-335.8345,192.34445,2355.3853
14.9968605,0.0,0.0,0.0,0.43301272,-334.97952,190.79184,2349.984
14.969897,0.0,0.0,0.0,0.43301272,-332.6615,179.50156,2344.3674
14.937847,0.0,0.0,0.0,0.43301272,-333.32358,183.37173,2347.238
