14.848937,0.0,0.0,0.0,0.43301272,-21.159235,195.88931,2391.4902
14.824614,0.0,0.0,0.0,0.43301272,-21.485235,198.80563,2381.61
14.437736,0.0,0.0,0.0,0.43301272,-20.45795,191.72427,2372.1504
14.428633,0.0,0.0,0.0,0.43301272,-19.325548,190.45352,2367.8442
14.2406,0.0,0.0,0.0,0.43301272,-16.934763,184.85226,2367.381
13.361418,0.0,0.0,0.0,0.43301272,-15.207249,179.6149,2336.0938
13.221012,0.0,0.0,0.0,0.43301272,-15.649539,168.34799,2321.314
13.789689,0.0,0.0,0.0,0.43301272,-15.585319,155.4346,2299.794
14.416987,0.0,0.0,0.0,0.43301272,-13.856092,132.68729,2279.9075
14.842778,0.0,0.0,0.0,0.43301272,-14.929693,111.21799,2259.872
15.377549,0.0,0.0,0.0,0.43301272,-12.128492,82.37924,2238.867
15.650398,0.0,0.0,0.0,0.43301272,-16.078657,55.02353,2215.9885
16.063953,0.0,0.0,0.0,0.43301272,-21.136395,36.108246,2197.6768
15.872971,0.0,0.0,0.0,0.43301272,-25.521345,18.143707,2190.3022
15.648262,0.0,0.0,0.0,0.43301272,-28.038776,-12.175705,2177.085
15.285853,0.0,0.0,0.0,0.43301272,-31.855898,-33.808243,2170.5728
15.160681,0.0,0.0,0.0,0.43301272,-31.09062,-44.034134,2170.707
15.086833,0.0,0.0,0.0,0.43301272,-30.586264,-59.00908,2166.4219
15.279878,0.0,0.0,0.0,0.43301272,-28.98657,-64.425674,2164.9387
15.450381,0.0,0.0,0.0,0.43301272,-28.205942,-69.36864,2165.0344
15.182896,0.0,0.0,0.0,0.43301272,-27.831236,-66.08287,2165.857
15.182052,0.0,0.0,0.0,0.43301272,-27.662539,-62.84932,2168.8054
14.7323,0.0,0.0,0.0,0.43301272,-25.221773,-31.701767,2176.7
14.671829,0.0,0.0,0.0,0.43301272,-23.984106,-5.325058,2195.2983
15.256322,0.0,0.0,0.0,0.43301272,-22.443258,24.106537,2211.8403
15.046745,0.0,0.0,0.0,0.43301272,-23.673811,43.206757,2219.3196
15.019584,0.0,0.0,0.0,0.43301272,-22.301558,78.371,2234.805
14.704442,0.0,0.0,0.0,0.43301272,-23.378563,104.83243,2254.2349
15.154712,0.0,0.0,0.0,0.43301272,-25.050207,130.72879,2275.0637
15.500426,0.0,0.0,0.0,0.43301272,-26.91127,144.33517,2288.3
15.744356,0.0,0.0,0.0,0.43301272,-27.787313,155.44449,2309.1194
15.984718,0.0,0.0,0.0,0.43301272,-31.172504,172.2432,2328.663
16.229084,0.0,0.0,0.0,0.43301272,-30.295809,183.06973,2344.774
16.329304,0.0,0.0,0.0,0.43301272,-28.752176,189.09555,2363.8835
16.523384,0.0,0.0,0.0,0.43301272,-28.69732,192.63663,2392.6118
16.5648,0.0,0.0,0.0,0.43301272,-29.219152,199.56369,2402.694
16.72661,0.0,0.0,0.0,0.43301272,-31.53018,204.85367,2418.2864
16.044542,0.0,0.0,0.0,0.43301272,-28.56323,204.53873,2429.613
16.264595,0.0,0.0,0.0,0.43301272,-29.670979,208.42374,2444.5886
16.390951,0.0,0.0,0.0,0.43301272,-29.143377,213.17154,2452.0295
16.539007,0.0,0.0,0.0,0.43301272,-31.456348,205.00827,2442.985
16.552858,0.0,0.0,0.0,0.43301272,-31.537521,201.07419,2436.8245
