26.502438,0.0,0.0,0.0,0.43301272,-363.27023,27.600922,2375.4114
24.131592,0.0,0.0,0.0,0.43301272,-362.814,21.43637,2380.351
22.661142,0.0,0.0,0.0,0.43301272,-365.21924,25.98117,2377.6062
21.377274,0.0,0.0,0.0,0.43301272,-366.21753,21.917511,2394.2163
20.162737,0.0,0.0,0.0,0.43301272,-367.4994,26.540771,2397.3872
19.535942,0.0,0.0,0.0,0.43301272,-369.1261,37.856415,2401.874
18.869902,0.0,0.0,0.0,0.43301272,-369.6054,42.64203,2411.9778
18.500553,0.0,0.0,0.0,0.43301272,-368.70435,31.368805,2413.9912
17.950115,0.0,0.0,0.0,0.43301272,-367.86615,44.01712,2423.6868
16.628363,0.0,0.0,0.0,0.43301272,-366.8947,57.17003,2446.6506
15.916163,0.0,0.0,0.0,0.43301272,-355.6315,-9.379639,2451.7783
15.281336,0.0,0.0,0.0,0.43301272,-352.8787,-12.943909,2456.9229
14.909842,0.0,0.0,0.0,0.43301272,-357.83038,4.2565002,2486.379
15.032048,0.0,0.0,0.0,0.43301272,-359.36594,10.255722,2486.6265
14.976924,0.0,0.0,0.0,0.43301272,-359.184,16.625336,2480.4277
14.614888,0.0,0.0,0.0,0.43301272,-356.50223,5.543701,2462.8242
14.684125,0.0,0.0,0.0,0.43301272,-355.24518,-5.892517,2469.7454
14.555766,0.0,0.0,0.0,0.43301272,-347.90762,-15.597809,2456.4866
14.530676,0.0,0.0,0.0,0.43301272,-348.99194,-14.397568,2446.5334
14.120041,0.0,0.0,0.0,0.43301272,-353.75543,-4.9176636,2459.0251
13.6411085,0.0,0.0,0.0,0.43301272,-357.5534,10.026947,2437.83
13.665642,0.0,0.0,0.0,0.43301272,-354.85657,25.566132,2421.7803
13.351183,0.0,0.0,0.0,0.43301272,-353.17426,11.824554,2424.7847
13.246211,0.0,0.0,0.0,0.43301272,-352.944,12.909119,2410.1265
13.163385,0.0,0.0,0.0,0.43301272,-358.8943,11.511566,2407.021
12.923184,0.0,0.0,0.0,0.43301272,-358.99393,16.572113,2388.9001
13.1314125,0.0,0.0,0.0,0.43301272,-365.26483,3.1872864,2388.3684
12.925727,0.0,0.0,0.0,0.43301272,-360.05487,19.63617,2372.3386
12.894886,0.0,0.0,0.0,0.43301272,-358.18423,16.317322,2378.9668
13.170637,0.0,0.0,0.0,0.43301272,-365.6794,20.20755,2367.798
13.588434,0.0,0.0,0.0,0.43301272,-366.8045,13.684418,2364.646
13.901151,0.0,0.0,0.0,0.43301272,-363.80438,11.62735,2357.1606
14.207539,0.0,0.0,0.0,0.43301272,-363.60913,15.558746,2360.0173
14.464647,0.0,0.0,0.0,0.43301272,-366.75223,25.356995,2360.4653
14.698873,0.0,0.0,0.0,0.43301272,-367.29318,22.59256,2363.0818
14.570283,0.0,0.0,0.0,0.43301272,-366.55884,2.2182617,2339.8623
14.992301,0.0,0.0,0.0,0.43301272,-365.5362,14.076721,2351.519
14.801827,0.0,0.0,0.0,0.43301272,-366.9692,4.9034424,2358.1543
