15.02743,0.0,0.0,0.0,0.43301272,-20.551865,22.501282,2317.9395
15.140565,0.0,0.0,0.0,0.43301272,-20.176165,20.322388,2317.7703
14.358039,0.0,0.0,0.0,0.43301272,-20.864265,15.164795,2306.902
14.505569,0.0,0.0,0.0,0.43301272,-21.501286,16.180237,2305.3464
14.109911,0.0,0.0,0.0,0.43301272,-21.69242,6.3250732,2299.324
14.471454,0.0,0.0,0.0,0.43301272,-20.591017,-2.382019,2296.4912
14.160646,0.0,0.0,0.0,0.43301272,-20.949526,-21.385315,2283.7664
14.691806,0.0,0.0,0.0,0.43301272,-22.265049,-36.895508,2270.7097
15.128286,0.0,0.0,0.0,0.43301272,-22.792953,-52.694397,2260.3716
15.529591,0.0,0.0,0.0,0.43301272,-20.441713,-70.291626,2248.5986
15.80399,0.0,0.0,0.0,0.43301272,-20.277084,-97.36603,2234.175
16.085241,0.0,0.0,0.0,0.43301272,-19.206005,-119.34668,2220.2861
16.260015,0.0,0.0,0.0,0.43301272,-16.95739,-145.94373,2215.6824
16.478497,0.0,0.0,0.0,0.43301272,-15.547324,-170.79968,2212.7522
16.451935,0.0,0.0,0.0,0.43301272,-12.952271,-180.92221,2210.7644
15.814068,0.0,0.0,0.0,0.43301272,-16.964987,-179.88293,2202.8806
15.699283,0.0,0.0,0.0,0.43301272,-17.64619,-177.51132,2191.6377
15.491588,0.0,0.0,0.0,0.43301272,-18.187094,-189.12006,2191.1711
15.380145,0.0,0.0,0.0,0.43301272,-22.765991,-206.7081,2164.6072
15.628586,0.0,0.0,0.0,0.43301272,-19.312113,-229.29514,2186.036
15.749924,0.0,0.0,0.0,0.43301272,-17.738909,-251.63849,2184.1516
15.803938,0.0,0.0,0.0,0.43301272,-15.230489,-258.12024,2187.1055
15.986557,0.0,0.0,0.0,0.43301272,-10.052703,-242.33267,2189.4773
15.764369,0.0,0.0,0.0,0.43301272,-8.730184,-229.25607,2187.6924
15.700932,0.0,0.0,0.0,0.43301272,-8.974247,-217.69287,2191.3965
14.902925,0.0,0.0,0.0,0.43301272,-10.106487,-192.36237,2207.3306
14.221702,0.0,0.0,0.0,0.43301272,-12.124496,-158.96893,2211.6387
14.773717,0.0,0.0,0.0,0.43301272,-11.418806,-141.83286,2221.4941
15.004627,0.0,0.0,0.0,0.43301272,-9.99983,-130.19641,2225.077
15.239455,0.0,0.0,0.0,0.43301272,-9.612743,-107.84671,2227.6086
15.667193,0.0,0.0,0.0,0.43301272,-11.903303,-88.51837,2241.0847
15.299559,0.0,0.0,0.0,0.43301272,-12.29803,-69.25458,2255.3044
15.548465,0.0,0.0,0.0,0.43301272,-13.998641,-54.160767,2271.3657
15.433059,0.0,0.0,0.0,0.43301272,-14.856629,-44.21411,2273.1838
14.881744,0.0,0.0,0.0,0.43301272,-14.304467,-33.63745,2279.2058
15.135616,0.0,0.0,0.0,0.43301272,-14.023387,-25.844055,2282.1624
14.817055,0.0,0.0,0.0,0.43301272,-14.246502,-12.782288,2291.8445
15.07263,0.0,0.0,0.0,0.43301272,-15.186496,-5.9470215,2299.7146
14.538991,0.0,0.0,0.0,0.43301272,-17.313156,4.4399414,2311.5862
15.147796,0.0,0.0,0.0,0.43301272,-19.03501,9.355835,2317.8464
15.041879,0.0,0.0,0.0,0.43301272,-20.113857,13.791504,2321.9429
14.533353,0.0,0.0,0.0,0.43301272,-21.833946,19.157043,2325.1572
13.84555,0.0,0.0,0.0,0.43301272,-23.398914,18.830261,2325.9475
14.139499,0.0,0.0,0.0,0.43301272,-22.17093,21.427246,2331.0635
14.223364,0.0,0.0,0.0,0.43301272,-21.445314,31.644165,2338.5662
