15.534738,-1.088991,-0.6746882,-3.2309527,0.43850327,-3.728094,572.40234,2342.936
15.682476,-1.0817763,-0.43334627,-3.2814598,0.44031483,-5.01484,573.0357,2341.3218
15.124657,-1.3559656,0.07159137,-3.1744947,0.434351,-9.348997,578.04895,2342.173
14.644884,-0.959768,0.021988805,-3.3460925,0.4397629,-5.8110785,577.0669,2340.059
14.34563,-0.97911257,0.1268095,-3.3316872,0.43813485,-4.28382,575.5136,2339.4172
14.285803,-1.2498767,0.53516203,-3.1218743,0.42695922,-3.006289,573.9859,2338.2583
13.698795,-1.2762656,0.4141397,-3.1449285,0.42876223,-2.1263547,572.38806,2327.3208
13.561723,-1.2212684,0.25476348,-3.212233,0.43288028,-2.4261818,573.8751,2322.035
13.581516,-1.2978958,0.28347075,-3.1643984,0.43033662,0.43820727,572.04004,2318.7073
13.349469,-1.3127074,0.22114122,-3.1678064,0.4307792,1.5495958,570.6942,2309.5898
13.072472,-1.410421,0.21688876,-3.1086261,0.42820856,1.9821435,568.0145,2302.9004
13.041593,-1.4085569,0.22109088,-3.1047041,0.42750478,1.1793416,566.44434,2300.597
13.111599,-1.3824004,0.19104479,-3.1259782,0.4284392,0.48668665,563.9185,2298.5322
12.916468,-1.3594693,0.2015289,-3.136138,0.42851493,0.7604775,561.97455,2300.0718
12.693288,-1.3491777,0.10889353,-3.155231,0.42967707,0.015500367,545.0657,2295.125
12.715263,-1.4050542,0.12333282,-3.1143606,0.42754894,0.033340372,541.1088,2289.62
12.812757,-1.3928075,0.19065937,-3.1054778,0.42620003,0.008179456,536.2874,2281.9316
12.702601,-1.430207,0.123787396,-3.0955362,0.42662272,-0.30340976,534.0901,2281.2417
12.573175,-1.525178,0.16423629,-3.013385,0.4226845,-0.7488086,527.171,2277.7993
12.674736,-1.5546572,0.15119208,-2.9934406,0.42209342,-2.1544652,521.8308,2270.36
12.629857,-1.5646542,0.15089624,-2.9782438,0.42107272,-2.061952,517.849,2261.8225
12.42426,-1.6068302,0.23226193,-2.9101093,0.4170462,-1.553585,518.4287,2264.065
12.33806,-1.5484935,0.15027548,-2.962356,0.41884673,8.564293,501.1851,2269.3582
12.493857,-1.5639809,0.12387794,-2.9668963,0.41990444,4.36559,504.98834,2265.203
12.444768,-1.5409532,-0.038439717,-3.0072148,0.42268097,7.1365576,494.37463,2265.4888
12.266441,-1.5948651,-0.038327776,-2.9632547,0.42114535,6.0842366,488.98456,2258.3533
12.210331,-1.5776564,0.0077151856,-2.9790099,0.42166498,4.96595,492.325,2262.8782
12.175317,-1.5702332,0.018643942,-2.9826808,0.42164084,5.258772,495.549,2262.4832
12.290895,-1.6080817,0.02078843,-2.9562173,0.42098832,4.977674,494.67532,2260.1855
12.143175,-1.6272255,0.06251155,-2.9306374,0.4195475,4.088336,494.90802,2261.2065
12.092369,-1.6685392,0.14708361,-2.8653445,0.41585234,3.420289,490.07733,2261.9688
13.055113,-1.4774188,-0.058085267,-3.062986,0.42519554,3.3695006,502.09973,2261.9539
13.867825,-1.4958874,-0.019770155,-3.0593534,0.42569312,0.22176719,505.2198,2261.0662
14.508398,-1.3988366,-0.060309876,-3.1289778,0.42857596,-0.6930058,521.87537,2258.7861
14.713539,-1.389654,-0.02984063,-3.1305346,0.4282145,0.2375474,530.9955,2257.4893
14.547639,-1.393933,0.008260176,-3.123806,0.4276295,1.19702,538.3144,2266.033
14.885235,-1.3697221,-0.0052084783,-3.1445858,0.42889,0.96739435,538.52856,2267.4512
15.111915,-1.2785012,-0.07759773,-3.204199,0.43186373,0.9827499,543.33167,2269.7078
15.349902,-1.2495657,-0.021859216,-3.2204347,0.4326461,1.0608064,549.30304,2282.2769
14.657991,-1.2833015,0.00659607,-3.198097,0.4312827,3.5119786,547.1741,2281.6104
14.3616085,-1.2567487,0.035979565,-3.2115288,0.43182436,4.353371,549.60236,2288.8347
14.286825,-1.2389804,-0.029920636,-3.232829,0.43439788,-4.0876865,563.0762,2282.0876
13.988037,-1.1798289,-0.05412958,-3.2607758,0.435325,-0.8786726,559.59595,2285.8794
13.648769,-1.1490699,-0.0014343302,-3.2737908,0.43603805,-1.6371076,565.0729,2288.3948
13.550518,-1.1439419,0.0028321703,-3.275849,0.43611807,0.3141961,562.83044,2301.5159
13.584643,-1.2888559,0.17885704,-3.183396,0.43086404,1.3706744,560.6394,2301.4226
13.344702,-1.2375401,0.15531714,-3.2161791,0.43269065,2.4319398,560.7363,2305.7676
13.082479,-1.2178513,0.2496288,-3.2074287,0.43113428,3.6018825,571.2075,2299.3003
