16.025051,-1.1053187,-0.5385381,1.9286108,0.28764638,-362.44656,589.17444,2303.485
15.691487,-1.0405563,-0.546958,1.92339,0.2826836,-365.44934,587.11395,2305.916
15.136265,-1.0784745,-0.5570744,1.9338956,0.28722128,-361.81635,586.5331,2306.1096
14.824603,-1.1100417,-0.6028757,1.9062554,0.28719154,-361.0086,584.7422,2302.1633
14.5013685,-1.0599043,-0.5344078,1.9390764,0.28582147,-361.33875,585.3553,2300.3235
14.208931,-1.0618348,-0.52549994,1.9338485,0.2848414,-361.80896,585.4518,2296.599
13.983766,-1.0735115,-0.46151087,1.9248573,0.28228483,-364.25055,582.2262,2287.409
13.643026,-1.0134459,-0.20060793,1.9614902,0.27823633,-365.6231,575.25854,2266.8303
13.490767,-1.0648983,-0.20446758,1.9159839,0.27552962,-367.15106,571.0418,2259.3594
13.50926,-1.0727371,-0.19934687,1.902671,0.27434593,-366.29486,568.00226,2258.5713
13.3370075,-1.0777199,-0.15186505,1.8916141,0.27291495,-365.25714,565.4113,2254.2004
13.051939,-1.0970665,-0.09219543,1.8733394,0.27168816,-364.08557,556.93854,2241.6472
12.968036,-1.1011194,-0.036643308,1.8468126,0.26881465,-365.24384,550.229,2234.139
13.123859,-1.1075965,0.014262588,1.8350796,0.26794362,-363.14966,533.47534,2226.7349
12.746035,-1.1248732,0.044441506,1.8131763,0.2667783,-360.59766,524.76056,2220.7844
12.509773,-1.1858952,0.008679911,1.7646562,0.26594433,-359.10715,516.4709,2209.7373
12.435988,-1.1718447,0.03927975,1.7517304,0.26376316,-361.5755,499.96182,2205.8596
13.357976,-1.1907592,0.1870795,1.6460633,0.25587365,-357.389,463.4313,2184.5195
14.059755,-0.45318726,0.12592651,0.5735813,0.67064774,-353.25827,454.851,2191.4006
14.6670265,-0.5093802,0.17240897,0.53474116,0.65181196,-344.5092,430.3825,2172.4675
15.143846,0.54289085,-0.1906117,-0.5094265,-0.63986045,-339.44177,403.89392,2163.3042
15.508536,0.55862826,-0.1908509,-0.49904174,-0.63440335,-332.9324,405.32373,2170.0437
15.8271475,-1.599626,0.43677595,1.0743878,0.25131863,-329.84116,369.8927,2231.3264
16.078648,0.61146176,-0.20691387,-0.43430832,-0.62823355,-324.6305,367.4383,2173.5208
16.038992,0.60688215,-0.19972815,-0.446521,-0.6264357,-326.71393,371.88617,2162.9792
15.7938,0.61350757,-0.21177235,-0.42990008,-0.62765175,-323.17853,370.01624,2191.54
15.252955,0.5941577,-0.19438392,-0.45056024,-0.63732797,-325.9303,377.49146,2190.3196
14.84878,0.58442485,-0.19230309,-0.46168077,-0.63899755,-327.153,384.53265,2186.1821
14.433775,0.5629495,-0.16522396,-0.4793834,-0.65267175,-320.94128,404.9621,2185.6006
14.26141,-1.44995,0.1376164,1.5627862,0.26773,-343.7056,458.2068,2222.0945
14.0141735,-1.4434255,0.12748839,1.5818686,0.26868418,-337.12378,470.41815,2215.2817
13.676297,-1.4181403,0.09267992,1.6181076,0.26960683,-341.51096,482.0257,2227.4626
13.499146,-1.3347054,0.07711225,1.6598817,0.26686168,-350.71442,492.43823,2227.1282
13.198282,-1.2311827,-0.022153283,1.7769847,0.2702735,-358.69513,510.37085,2250.3894
13.050631,-1.1803733,-0.08618389,1.8220645,0.2715878,-362.18707,515.3175,2255.4658
13.09243,-1.1383493,-0.10841839,1.8406357,0.27086475,-364.49725,521.9861,2262.3044
13.177791,-1.1207889,-0.11982882,1.8516761,0.27097312,-363.4661,529.87885,2262.1746
13.599496,-1.0963731,-0.11335259,1.8756363,0.27201068,-360.73718,535.6765,2266.731
13.95422,-1.0308027,-0.08172813,1.9163648,0.27256143,-357.69135,548.39343,2273.7903
14.278151,-0.9681179,-0.018724281,1.9408385,0.27181062,-358.2558,553.6627,2275.2705
14.837561,-0.9545929,-0.115394235,1.958104,0.2733976,-359.41168,556.3779,2280.428
15.184701,-0.894658,-0.15320204,1.9953438,0.2753212,-356.88098,561.37054,2286.9355
15.3286705,-0.8681488,-0.2254959,2.0047593,0.2758916,-358.61423,568.9109,2292.034
15.517907,-0.80837864,-0.20396467,2.02635,0.27561754,-359.83145,570.90216,2294.247
15.168478,-0.6512589,-0.20183921,2.0371754,0.26961708,-367.40887,569.55597,2305.2485
14.993468,-0.69322443,-0.20559643,2.0355487,0.2712717,-365.99365,569.9444,2302.8606
