14.378944,-2.531277E-9,-1.0591775E-9,0.70710695,0.7071066,-338.892,689.21173,2366.9683
14.20679,-1.6200175E-9,-6.778736E-10,0.70710695,0.7071066,-336.26044,680.74005,2354.1477
14.389898,-1.296014E-9,-5.42299E-10,0.70710695,0.7071066,-334.11166,685.4229,2348.9858
14.025917,-1.0368112E-9,-4.3383916E-10,0.70710695,0.7071066,-335.50797,684.49835,2338.4365
13.52822,-6.635592E-10,-2.7765712E-10,0.70710695,0.7071066,-334.88113,670.7717,2323.4858
13.739175,-5.3084737E-10,-2.2212565E-10,0.70710695,0.7071066,-333.58994,665.5319,2314.2522
13.775254,-3.3974237E-10,-1.4216045E-10,0.70710695,0.7071066,-332.64444,657.7752,2299.7886
13.90421,-2.1743514E-10,-9.0982694E-11,0.70710695,0.7071066,-332.5846,645.0647,2282.806
14.261627,-1.7394813E-10,-7.278617E-11,0.70710695,0.7071066,-333.18884,639.3611,2275.9585
13.752816,-1.1132681E-10,-4.658316E-11,0.70710695,0.7071066,-335.03284,615.9757,2252.2908
13.624212,-7.124917E-11,-2.981322E-11,0.70710695,0.7071066,-327.6259,587.8861,2230.0405
13.944422,-5.6999343E-11,-2.3850581E-11,0.70710695,0.7071066,-323.6603,581.46814,2215.653
14.333749,-3.6479583E-11,-1.5264373E-11,0.70710695,0.7071066,-326.59006,562.4066,2198.8022
14.434706,-2.3346939E-11,-9.7691985E-12,0.70710695,0.7071066,-329.37808,557.5548,2192.411
14.671066,-1.8677554E-11,-7.815361E-12,0.70710695,0.7071066,-329.72452,555.88885,2190.7378
14.309879,-1.1953637E-11,-5.001832E-12,0.70710695,0.7071066,-330.70554,528.85504,2170.9631
14.344858,-7.650328E-12,-3.201173E-12,0.70710695,0.7071066,-331.0893,510.63312,2149.0652
14.388389,-6.1202627E-12,-2.5609387E-12,0.70710695,0.7071066,-329.55847,494.8802,2156.4978
14.597564,-3.916969E-12,-1.639001E-12,0.70710695,0.7071066,-328.36887,476.5398,2147.251
14.463448,-2.5068602E-12,-1.0489608E-12,0.70710695,0.7071066,-332.3733,441.60226,2138.0176
14.785353,-2.0054884E-12,-8.3916874E-13,0.70710695,0.7071066,-333.4348,447.72284,2134.387
14.317931,-1.2835128E-12,-5.37068E-13,0.70710695,0.7071066,-333.14682,446.30316,2130.0063
14.405643,-8.2144816E-13,-3.4372345E-13,0.70710695,0.7071066,-334.5455,447.43787,2129.0212
14.441792,-6.5715857E-13,-2.7497877E-13,0.70710695,0.7071066,-334.5337,453.64767,2129.032
14.185575,-4.205815E-13,-1.7598648E-13,0.70710695,0.7071066,-334.57864,466.50745,2148.9238
14.439537,-3.3646526E-13,-1.407892E-13,0.70710695,0.7071066,-334.15668,468.29517,2152.194
13.819909,-2.1533774E-13,-9.0105095E-14,0.70710695,0.7071066,-333.52203,486.0786,2169.345
13.434231,-1.7227021E-13,-7.2084076E-14,0.70710695,0.7071066,-336.60983,498.7467,2177.4656
13.35342,-1.3781618E-13,-5.766726E-14,0.70710695,0.7071066,-337.21805,512.24805,2182.9163
13.510784,-8.820237E-14,-3.6907045E-14,0.70710695,0.7071066,-337.457,541.1478,2199.8325
13.675314,-7.05619E-14,-2.9525634E-14,0.70710695,0.7071066,-332.7488,553.93494,2206.3245
14.148837,-4.5159616E-14,-1.8896407E-14,0.70710695,0.7071066,-332.6591,579.44147,2224.5654
14.428964,-3.6127693E-14,-1.5117124E-14,0.70710695,0.7071066,-334.52545,589.23364,2233.1348
14.074968,-2.3121724E-14,-9.674959E-15,0.70710695,0.7071066,-334.08597,606.2693,2253.8135
14.466447,-1.4797908E-14,-6.191975E-15,0.70710695,0.7071066,-332.87305,629.76984,2275.529
14.447154,-1.1838327E-14,-4.95358E-15,0.70710695,0.7071066,-332.60275,640.0847,2285.7908
14.256976,-7.576531E-15,-3.1702912E-15,0.70710695,0.7071066,-330.92657,651.7284,2292.117
14.700311,-4.8489803E-15,-2.0289872E-15,0.70710695,0.7071066,-329.85727,652.9283,2296.0588
14.78323,-3.103348E-15,-1.2985519E-15,0.70710695,0.7071066,-329.81815,653.27167,2296.307
14.738751,-2.4826786E-15,-1.0388419E-15,0.70710695,0.7071066,-328.7083,658.25916,2302.293
14.276467,-1.5889145E-15,-6.6485877E-16,0.70710695,0.7071066,-329.39468,671.2976,2312.5544
14.320219,-1.2711317E-15,-5.3188693E-16,0.70710695,0.7071066,-330.39218,676.8839,2315.386
13.592261,-8.1352443E-16,-3.404077E-16,0.70710695,0.7071066,-330.3224,685.56946,2328.7354
14.23895,-5.206557E-16,-2.1786099E-16,0.70710695,0.7071066,-332.17474,687.69995,2336.8635
14.719992,-3.332197E-16,-1.3943103E-16,0.70710695,0.7071066,-332.82745,696.99445,2346.7058
15.074245,-2.1326062E-16,-8.923588E-17,0.70710695,0.7071066,-335.8339,696.767,2355.3853
14.9968605,-1.3648681E-16,-5.7110965E-17,0.70710695,0.7071066,-334.9789,695.2144,2349.984
14.969897,-1.09189456E-16,-4.5688772E-17,0.70710695,0.7071066,-332.6609,683.92413,2344.3674
14.937847,-6.9881264E-17,-2.924082E-17,0.70710695,0.7071066,-333.32297,687.7943,2347.238
