13.419107,0.0,0.0,0.0,0.43301272,69.43216,-807.68555,2832.6057
13.752411,0.0,0.0,0.0,0.43301272,18.822464,-673.7133,2810.6167
13.335182,0.0,0.0,0.0,0.43301272,-44.35415,-629.51575,2789.747
14.034159,0.0,0.0,0.0,0.43301272,-83.59943,-596.17224,2773.0684
14.313505,0.0,0.0,0.0,0.43301272,-75.17522,-594.1272,2759.5562
14.496069,0.0,0.0,0.0,0.43301272,-90.231415,-591.87067,2742.5728
14.762949,0.0,0.0,0.0,0.43301272,-97.42756,-591.6024,2730.6929
14.979546,0.0,0.0,0.0,0.43301272,-102.44319,-594.1705,2727.6162
15.065665,0.0,0.0,0.0,0.43301272,-105.27734,-592.8218,2724.5195
15.138664,0.0,0.0,0.0,0.43301272,45.091244,-710.9225,2652.727
15.04899,0.0,0.0,0.0,0.43301272,54.23848,-602.8426,2639.932
14.88627,0.0,0.0,0.0,0.43301272,13.285568,-536.0326,2627.8662
14.7786665,0.0,0.0,0.0,0.43301272,-15.991478,-486.19275,2613.4895
14.701661,0.0,0.0,0.0,0.43301272,-34.76207,-469.45172,2615.9834
14.877877,0.0,0.0,0.0,0.43301272,-45.89469,-508.96225,2618.4358
14.733365,0.0,0.0,0.0,0.43301272,-42.064766,-546.8331,2626.0623
14.294933,0.0,0.0,0.0,0.43301272,-38.21228,-596.8153,2611.1023
14.140463,0.0,0.0,0.0,0.43301272,-20.52335,-659.6105,2591.2693
13.993425,0.0,0.0,0.0,0.43301272,-16.644161,-668.0866,2591.346
13.872661,0.0,0.0,0.0,0.43301272,-2.762679,-681.42474,2592.2087
14.223592,0.0,0.0,0.0,0.43301272,-5.203533,-681.2481,2578.5483
14.2335415,0.0,0.0,0.0,0.43301272,-7.1116076,-690.1876,2588.747
14.481455,0.0,0.0,0.0,0.43301272,-6.601817,-684.25134,2584.0137
14.678213,0.0,0.0,0.0,0.43301272,-8.1755905,-687.6145,2589.1497
14.990336,0.0,0.0,0.0,0.43301272,-3.698769,-684.9352,2583.342
14.877772,0.0,0.0,0.0,0.43301272,-10.041523,-685.09906,2589.9453
15.162571,0.0,0.0,0.0,0.43301272,-9.54637,-683.7241,2595.112
15.482563,0.0,0.0,0.0,0.43301272,-12.172868,-684.1376,2603.9893
15.68279,0.0,0.0,0.0,0.43301272,-5.788148,-691.96265,2598.4624
15.8459,0.0,0.0,0.0,0.43301272,-7.911216,-688.58154,2600.7324
15.86269,0.0,0.0,0.0,0.43301272,-9.993949,-684.80023,2604.3245
15.904339,0.0,0.0,0.0,0.43301272,-6.3918343,-683.80835,2596.5505
15.525101,0.0,0.0,0.0,0.43301272,-19.596758,-679.9889,2600.3894
14.966078,0.0,0.0,0.0,0.43301272,-6.263479,-695.7816,2599.5847
14.509403,0.0,0.0,0.0,0.43301272,-9.642022,-676.3738,2605.3896
14.337771,0.0,0.0,0.0,0.43301272,-14.850684,-685.0217,2609.3953
14.805299,0.0,0.0,0.0,0.43301272,-2.451685,-673.0012,2612.3193
14.960925,0.0,0.0,0.0,0.43301272,-4.75541,-687.369,2599.4443
15.084875,0.0,0.0,0.0,0.43301272,0.29005623,-685.68097,2600.8044
15.2949095,0.0,0.0,0.0,0.43301272,-11.505177,-679.93677,2602.1494
15.05862,0.0,0.0,0.0,0.43301272,-16.42437,-668.7629,2604.3303
15.351637,0.0,0.0,0.0,0.43301272,-8.938917,-672.3063,2598.6587
15.554649,0.0,0.0,0.0,0.43301272,-5.754752,-678.3696,2597.194
15.7592745,0.0,0.0,0.0,0.43301272,-17.269497,-670.0156,2596.1602
15.066562,0.0,0.0,0.0,0.43301272,-10.529724,-668.51044,2604.3887
15.088696,0.0,0.0,0.0,0.43301272,-12.134132,-672.79565,2594.5522
15.104857,0.0,0.0,0.0,0.43301272,-1.1374474,-676.1636,2585.764
15.042183,0.0,0.0,0.0,0.43301272,-1.7548513,-673.1074,2594.2056
14.939184,0.0,0.0,0.0,0.43301272,-9.805293,-670.6553,2591.4995
14.749573,0.0,0.0,0.0,0.43301272,-13.544277,-675.8517,2586.9326
14.570008,0.0,0.0,0.0,0.43301272,-13.680395,-671.22906,2588.3281
14.135387,0.0,0.0,0.0,0.43301272,-12.620501,-673.53015,2589.954
14.211998,0.0,0.0,0.0,0.43301272,-16.019928,-676.57605,2577.455
14.554553,0.0,0.0,0.0,0.43301272,-14.088211,-676.00977,2589.1516
14.328775,0.0,0.0,0.0,0.43301272,-14.112886,-672.38983,2590.612
14.092905,0.0,0.0,0.0,0.43301272,-13.83092,-664.62573,2588.296
14.567316,0.0,0.0,0.0,0.43301272,-7.5494747,-673.0503,2589.925
