14.018458,0.6051527,-0.060600635,5.750118E-4,0.43174827,-182.7777,628.35803,2327.2507
14.162134,0.5679778,-0.07268138,-0.012363543,0.43213102,-181.91791,625.952,2324.8096
13.991583,0.54099643,-0.10248702,-0.05192555,0.4329691,-180.84312,623.183,2322.5173
14.188545,0.45296264,-0.10378742,-0.04729734,0.43316463,-181.34218,626.3641,2319.8518
13.613836,0.32675958,-0.12983751,-0.022532914,0.432929,-181.1947,621.6835,2311.5742
13.595155,0.24627982,-0.103618614,-0.041735347,0.43355215,-180.81834,614.2353,2306.7546
13.609078,0.00845492,-0.12861858,-0.05738251,0.43409148,-181.44783,609.0944,2292.6946
13.675581,-0.15076542,-0.11143025,-0.044936854,0.433848,-181.59512,601.7514,2282.902
13.8506775,-0.26899704,-0.13601775,-0.04516104,0.43372676,-183.14815,597.2527,2275.657
13.548925,-0.5140804,-0.14064083,-0.048267327,0.43331096,-181.11015,579.3165,2260.514
13.585606,-0.65791005,-0.17207208,0.0019977563,0.43181235,-181.98228,571.6531,2252.1753
14.236467,-0.90218043,-0.21923551,0.006651749,0.43066075,-181.4646,555.6522,2238.6646
14.46272,-1.1111296,-0.3523705,0.06839089,0.42806643,-178.21152,543.786,2227.0408
14.342259,-1.3241131,-0.38144362,0.043484673,0.42707822,-180.01758,528.75433,2212.061
14.157953,-1.4406903,-0.36428759,-0.0020814843,0.42710915,-180.75778,513.74005,2205.1614
14.214352,-1.700658,-0.34728843,-0.019290453,0.42479888,-181.4618,504.75085,2202.5586
14.16147,-1.8286734,-0.31934163,-0.029792512,0.4233838,-181.30476,480.95532,2183.8254
14.059142,-1.9926758,-0.23554955,-0.05957347,0.42139995,-183.37502,449.08667,2173.2166
14.035612,-2.0846057,-0.22378336,-0.063236184,0.41986617,-182.17937,439.92212,2164.957
14.206469,-2.1915512,-0.28764588,0.04016827,0.41556856,-178.55396,408.1345,2160.7546
13.921374,-2.2530394,-0.30244347,0.061126165,0.41377732,-177.4323,399.34793,2156.69
14.285413,-2.4490073,-0.27435565,0.008913228,0.41009122,-177.7982,392.1474,2150.135
14.498064,-2.4670973,-0.1508549,-0.04035774,0.4099602,-178.32951,378.9134,2138.6433
14.566176,-2.4958732,-0.17942633,-0.059125137,0.40983415,-183.79134,348.04205,2150.0518
14.518968,-2.511611,-0.17088242,-0.043143272,0.40883106,-183.93965,349.25665,2148.5298
15.017548,-2.4901388,-0.24945176,-0.06474856,0.4106986,-182.08852,359.5926,2145.2087
15.238122,-2.4163966,-0.284368,-0.11475107,0.41424534,-186.05275,388.53973,2163.5295
15.09084,-2.3013613,-0.27033657,-0.0892286,0.41634074,-185.32849,397.3526,2168.3035
14.342673,-2.1560738,-0.3481631,-0.052519977,0.41875508,-187.31682,446.9549,2189.7568
13.788504,-1.8789715,-0.3417298,-0.10586208,0.42443874,-190.04883,471.15704,2198.7488
13.562587,-1.4356425,-0.21965736,-0.14020723,0.4299845,-192.95392,510.562,2220.545
14.215833,-1.0960342,-0.29431564,-0.031284284,0.43036282,-189.20348,538.30804,2239.924
14.579307,-1.0108883,-0.29984322,-0.033751447,0.43091512,-186.59863,546.2895,2245.1357
14.936209,-0.72573084,-0.2676822,-0.03257121,0.4322344,-184.61368,567.9036,2261.09
15.465824,-0.5528167,-0.23995113,-0.029030655,0.43274114,-184.4304,577.4254,2271.5789
15.551847,-0.3459072,-0.19078022,-0.0029641874,0.4326923,-185.18774,590.6603,2280.8213
15.55124,-0.1824712,-0.23493439,0.0038551074,0.43262786,-185.97015,602.9164,2289.706
14.75794,0.07092306,-0.2113627,-0.024124777,0.43318436,-184.82808,609.26245,2301.02
14.957819,0.19591059,-0.1474701,-0.0046110274,0.43277484,-185.191,615.5111,2305.1055
15.202975,0.3436682,-0.17168874,0.002968352,0.43223536,-187.072,628.31744,2314.3403
15.570348,0.43075442,-0.1610222,-0.021559456,0.43253204,-187.5315,626.3392,2313.933
15.323452,0.43662253,-0.18506859,-0.0146715315,0.43228704,-187.57861,627.738,2313.9163
14.9057455,0.50712997,-0.14817475,-0.019824222,0.43228272,-188.0345,629.7721,2316.523
14.112056,0.6442423,-0.20388633,-0.011931985,0.4313321,-188.53528,639.04517,2323.835
14.0703535,0.66222525,-0.164413,-0.016606545,0.43151706,-188.35056,639.63434,2325.7573
14.130721,0.69180167,-0.15455373,-0.042895094,0.43196747,-187.48323,637.0356,2327.0251
14.608795,0.6390489,-0.10829058,-0.02657221,0.43203723,-188.06207,634.7462,2322.9988
