14.246059,0.14545302,0.13983156,-0.009354634,0.43308714,-177.86964,314.06842,2310.167
14.8051815,0.11353447,0.10072456,-0.0049985107,0.43305135,-177.862,308.6643,2312.7593
14.826899,0.037841093,0.053818777,-0.032079164,0.4336609,-179.93057,304.8929,2315.5005
15.073681,-0.03866703,0.07221547,-0.018737888,0.4333574,-179.26671,302.09924,2317.8425
14.922903,-0.15615334,0.052442934,-0.048282202,0.43389457,-180.7021,300.15894,2321.3828
14.57426,-0.24741957,0.037703022,-0.057168078,0.4339702,-180.35226,300.17856,2325.7524
14.070514,-0.49316445,0.06931337,-0.06306181,0.4334471,-175.71988,356.79855,2330.6987
13.857013,-0.8863941,0.033576116,-0.10974053,0.43275914,-178.22382,388.7444,2336.6855
14.206941,-0.99228257,0.05283742,-0.10854201,0.4320233,-176.12831,388.45688,2338.3245
13.997459,-1.2501792,-0.10060455,-0.14980781,0.4314998,-179.87843,374.135,2340.2812
14.0056095,-1.3591205,-0.118856005,-0.15312204,0.43070513,-180.38895,368.58728,2341.7656
13.974245,-1.5509729,-0.14881968,-0.16775614,0.42924455,-180.53204,370.2044,2347.5403
13.800839,-1.6791445,-0.12900296,-0.17017597,0.42778346,-180.31076,364.47528,2344.9492
14.145478,-1.8902013,-0.09009029,-0.13850568,0.42408088,-176.71481,362.93835,2339.37
14.563116,-1.972541,-0.09011287,-0.055340834,0.42090258,-167.01593,348.48648,2340.5117
14.686171,-2.0232038,-0.08509994,-0.039490256,0.41962785,-166.48868,342.09924,2339.8535
14.699216,-2.0879686,-0.120858945,-0.020416137,0.41822135,-167.33563,338.5268,2346.1982
14.722488,-2.1578016,-0.21046087,-0.011890736,0.41718796,-169.84717,330.8338,2345.7441
14.797688,-2.2299118,-0.15313631,-0.021571489,0.4155768,-168.92833,317.6255,2344.713
14.9690695,-2.2276511,-0.17161298,-0.03959125,0.41619557,-172.7897,307.73798,2344.9648
14.712793,-2.3775594,-0.16562101,-0.060789965,0.41312605,-177.03603,317.71783,2348.2869
14.824498,-2.4725184,-0.26864746,-0.059408214,0.41120365,-180.09033,316.8357,2341.4976
14.850237,-2.530945,-0.30083165,0.0076563903,0.40778702,-178.15057,299.97336,2338.1045
15.014946,-2.5424755,-0.2662708,-0.004418115,0.40751812,-175.75937,294.59854,2336.7297
14.915313,-2.5810063,-0.24593258,-0.012505859,0.4062606,-179.44801,305.02686,2339.67
14.45211,-2.5545664,-0.22734469,1.4516075E-4,0.40667835,-175.25763,302.3343,2335.6548
14.1476555,-2.5410464,-0.26081684,-0.01893664,0.40793425,-173.9927,300.28952,2334.6206
14.427724,-2.4462306,-0.25032866,0.006226553,0.41009143,-170.10495,302.76855,2336.9893
14.833733,-2.4091415,-0.21447422,-0.028257545,0.4118041,-171.73904,315.09277,2343.935
14.885311,-2.3908632,-0.1852501,-0.04589375,0.41254258,-170.17355,313.82086,2343.609
14.36577,-2.17147,-0.13446213,0.015978815,0.41575772,-164.30487,315.20068,2345.6753
14.870282,-2.0711508,-0.16199699,-0.009847295,0.418526,-167.43646,335.0504,2344.147
15.14177,-1.9367096,-0.27570096,-0.039788496,0.42196056,-171.43013,351.25912,2346.0454
15.541097,-1.8143988,-0.30320778,-0.03632381,0.42369214,-170.34393,363.81326,2345.139
15.766051,-1.657128,-0.30965665,-0.03190644,0.42554146,-168.56693,378.9468,2347.9941
16.075058,-1.4673237,-0.31427607,0.018337462,0.4263991,-165.97083,387.56488,2345.2183
16.029943,-1.2865232,-0.3159472,0.027342955,0.42775786,-166.13016,398.00192,2343.8162
16.186872,-1.1407461,-0.3287315,0.039784864,0.4285272,-165.64856,397.8397,2343.4033
15.705,-0.9407918,-0.30042017,0.036403853,0.42979115,-167.93225,411.95804,2338.0586
15.795483,-0.83643,-0.26417953,0.028940618,0.43048373,-168.19986,416.3933,2337.8037
15.031053,-0.6058452,-0.31800312,0.046591844,0.43086988,-168.17542,419.8373,2338.1924
15.013172,-0.4006155,-0.27070835,0.05045762,0.4313416,-168.03632,431.26346,2346.7197
14.76554,-0.2915305,-0.27060363,0.07382565,0.4309814,-168.91815,435.57144,2349.1904
14.681814,-0.071152896,-0.28407988,0.041620716,0.43169242,-169.87381,448.9792,2355.0615
14.9017515,0.03400588,-0.27998874,0.07219675,0.43097156,-168.78314,448.24188,2353.0833
14.041932,0.25696525,-0.29653922,0.056068238,0.4308544,-171.3872,457.87195,2354.9487
14.325759,0.2555682,-0.30788276,0.0567694,0.4307914,-172.8799,456.26062,2355.0537
14.461843,0.3546244,-0.3627621,0.07803447,0.42975464,-170.05222,471.437,2361.0986
14.170544,0.41845953,-0.3675659,0.07313748,0.42960432,-173.08481,467.7279,2361.9175
14.1737385,0.43119875,-0.413747,0.06753345,0.42938668,-172.76181,465.58783,2362.7793
14.113725,0.3858684,-0.42106026,0.034267217,0.43023905,-175.0011,458.54858,2362.0293
