14.838409,0.16849275,0.0046228375,0.012124784,0.432676,-166.9883,913.27,2333.5486
15.196013,0.17904803,0.018284405,0.0021843647,0.43287846,-169.42133,912.9661,2334.783
15.051663,0.21385425,-0.047820102,-0.10011342,0.43487486,-158.90143,913.4416,2337.8318
14.396537,0.21473731,0.047173794,-9.457406E-4,0.43291062,-169.39864,911.8471,2339.899
14.929605,0.24093501,0.08504383,0.023006525,0.4323735,-171.90883,908.77875,2342.5613
15.287597,0.24978544,0.09205289,0.031023648,0.43219113,-173.33829,909.22076,2345.097
15.550974,0.30170092,-0.07255034,-0.048996355,0.4336534,-165.59958,908.81586,2350.5159
15.924006,0.37891608,-0.105587505,-0.06805759,0.43379447,-161.48106,919.09564,2363.5234
15.575722,0.3271965,-0.03400209,-0.010414387,0.432866,-166.10754,912.55273,2355.882
15.57408,0.3255256,0.039048217,0.006377298,0.43258858,-169.81555,913.3092,2355.3652
15.553533,0.3391363,0.1548005,0.03193049,0.43200704,-179.32573,915.93933,2356.712
15.873773,0.3399934,0.2169794,0.075841494,0.43098873,-182.65422,926.6809,2357.436
16.033348,0.36773792,0.20888685,0.0873232,0.43070984,-189.5713,926.981,2362.286
16.291851,0.37494057,0.13796669,0.11013581,0.4302699,-192.39835,928.9644,2362.384
15.943787,0.37796116,0.13079223,0.09061697,0.43069407,-193.12167,929.64935,2362.5615
16.112326,0.3723433,0.110383876,0.052147575,0.43154156,-181.22226,920.0557,2358.39
16.261623,0.33508646,0.12388845,0.034763884,0.43197438,-180.87102,918.4536,2353.6484
16.143156,0.3383271,0.10886187,-0.048251916,0.43370423,-172.67496,918.68445,2354.3552
15.742107,0.3594291,0.067877494,-0.007839819,0.4328318,-173.23277,917.6748,2357.8967
15.496321,0.370816,0.046629064,0.010307869,0.43242025,-173.99506,922.30963,2362.5754
15.155116,0.40744048,-0.06263662,-0.014285152,0.43270728,-169.40497,922.6631,2366.4485
15.111976,0.40375128,-0.052503377,-0.06089341,0.4336969,-164.11119,926.56824,2366.1995
15.462289,0.41693303,-0.15315892,-0.15163147,0.43523017,-151.35574,927.94885,2368.4678
15.827966,0.38266703,-0.06449581,-0.041690636,0.43333477,-163.81638,927.91156,2363.7505
15.754484,0.3722727,-0.019163206,-0.010845856,0.43279624,-168.2889,927.665,2362.1157
14.926095,0.35005933,0.017989896,0.008915335,0.43247288,-170.83406,928.35114,2358.8965
14.836914,0.34389973,0.016941769,0.013566829,0.43238696,-171.23448,929.40063,2358.6868
14.260885,0.32939202,-0.047224257,0.017283194,0.43226174,-168.08107,931.65393,2357.1282
14.40765,0.3076238,0.016506603,0.048624653,0.43171442,-176.41713,931.77563,2354.3618
14.717255,0.29583967,0.020324394,0.036479197,0.4319965,-173.84016,932.04175,2351.7766
15.009286,0.27977723,-0.11868304,0.019168036,0.43218833,-165.81111,932.3115,2350.2554
15.35919,0.26930037,-0.025340067,0.021763885,0.43231294,-171.38531,929.69696,2347.9023
14.941877,0.25945482,-1.6388293E-4,0.037705008,0.43201616,-176.68481,930.36816,2346.1687
