12.099625,0.09955764,-0.3027424,-0.07814961,0.43394774,-76.01634,860.6044,2606.8616
13.146239,0.07797549,-0.24576351,-0.11858566,0.43498963,-74.53346,859.4705,2605.0488
14.001669,0.085825644,-0.3201983,-0.06781768,0.43368816,-75.64725,860.2084,2606.3423
14.402201,0.07493689,-0.35067776,-0.062442604,0.4334642,-75.51114,860.15955,2605.545
13.697393,0.07971924,-0.28906977,-0.095163405,0.43437135,-75.885254,861.7808,2605.2441
13.14646,0.1628286,-0.29409555,-0.1008594,0.43433377,-77.62473,864.89496,2614.0078
13.665012,0.22305812,-0.3772003,-0.024869721,0.43226138,-80.34086,863.5073,2621.121
14.024612,0.14721034,-0.43032596,0.009489423,0.43142557,-82.91714,863.88416,2613.9565
13.501723,0.10309295,-0.47336888,0.015149229,0.4311437,-85.001945,863.0525,2612.317
13.138504,0.1422412,-0.40389058,-0.0032897575,0.43185392,-87.5344,864.05975,2618.551
12.801109,0.080571145,-0.3742353,-0.0076696584,0.43221292,-88.84237,859.7759,2611.6616
12.472205,0.123191476,-0.3434032,-0.021769812,0.43257877,-90.18335,861.9876,2617.7212
12.252513,0.14134312,-0.33307847,-0.030758288,0.43277872,-91.23874,862.073,2620.2488
11.998861,0.1556955,-0.31066337,-0.039415587,0.4330284,-89.669075,861.6528,2622.5142
11.846216,0.088874444,-0.2662528,-0.061005645,0.43374932,-87.181564,857.4332,2614.148
11.682058,0.10645546,-0.31019557,-0.08839837,0.43411466,-84.02247,862.56,2618.4485
11.441799,0.07253427,-0.3708533,-0.06890251,0.43350738,-81.947205,862.9618,2615.6865
11.336547,0.03644423,-0.38847515,-0.06604002,0.43341842,-81.26459,860.10034,2610.2258
11.245528,0.07308876,-0.43024114,-0.05191636,0.4328568,-82.500175,863.17944,2615.007
11.165403,0.03430644,-0.507287,-0.03946859,0.4322127,-82.8427,861.3359,2609.8926
11.087394,0.10217692,-0.5342967,-0.031742055,0.4317351,-84.3413,861.21094,2616.333
11.020311,0.12716621,-0.4981352,-0.032438435,0.43193582,-83.75011,860.40063,2619.5535
10.959306,0.14356309,-0.4846486,-0.016683457,0.4316548,-82.56608,860.0043,2621.1648
10.841819,0.11942016,-0.53498083,-0.018144082,0.43140465,-82.384224,857.90295,2617.871
10.544809,0.13426965,-0.5463452,0.004729936,0.43080258,-84.7674,857.531,2620.8257
10.508126,0.13633247,-0.6001418,0.039955612,0.42962804,-86.128815,855.6408,2622.8113
10.724993,0.059011653,-0.5381016,0.061818782,0.42980462,-88.44135,853.92615,2615.2737
10.688634,0.014603835,-0.54963344,0.07092509,0.42961138,-89.51261,853.25354,2611.5208
10.66342,0.018755967,-0.5195611,0.07674456,0.42968103,-90.27457,850.1634,2609.6414
10.640671,0.010099602,-0.52616036,0.061296713,0.42998943,-88.28156,848.47766,2608.2021
10.743706,-0.015308033,-0.44659525,0.038004357,0.43101257,-88.49135,849.3829,2606.136
11.026028,-0.0011952497,-0.43597594,9.669446E-4,0.43183854,-86.65446,849.13385,2606.4556
11.093678,0.008326898,-0.3369584,-0.024272,0.43282297,-86.78118,849.1993,2605.9507
11.187616,0.01172849,-0.39654207,-0.036273275,0.43280053,-85.547066,849.9582,2605.3545
11.471809,-0.23909515,-0.31008512,-0.036838353,0.4332472,-84.9079,843.5245,2578.065
11.266553,-0.23611766,-0.2545644,-0.051289074,0.43369472,-86.86356,849.30945,2578.5964
11.467335,-0.08571877,-0.21644415,-0.026707666,0.43331847,-86.770676,852.6032,2592.6711
11.338261,-0.003466892,-0.19248098,-0.012751627,0.4330569,-86.334076,855.2933,2599.2158
11.735683,0.063047156,-0.20042513,-0.024066234,0.43322054,-84.398155,854.13367,2603.8835
11.6122465,0.08512381,-0.17653129,-0.04602969,0.4337094,-82.29212,854.6643,2605.3306
11.827371,0.1907411,-0.16330999,-0.053763267,0.43375885,-81.306175,858.43835,2614.5486
