15.650042,0.72512525,0.04072965,-3.405818,0.4446257,6.2814045,361.1882,2352.8293
15.306948,0.73778796,0.05251981,-3.4033914,0.44449523,5.1756325,364.56863,2347.8333
15.270552,0.9175435,0.21838203,-3.3542428,0.44288567,5.571747,365.37396,2338.7722
15.25278,1.5854251,0.24233904,-3.052587,0.43283108,4.128849,373.08542,2329.4683
15.466787,1.6360236,0.48633322,-2.9942534,0.43216038,3.5610294,377.54132,2323.724
15.566614,1.8769269,1.0654687,-2.6045341,0.4228812,8.383553,383.88226,2320.1765
15.404364,1.7313137,1.707951,-2.0534096,0.39956835,37.594673,405.21884,2325.8098
15.229391,1.7793546,1.7971059,-1.6079023,0.38167363,39.14742,440.06122,2305.9297
14.979171,1.7909155,1.7268205,-1.3014896,0.36765945,27.087389,444.01907,2306.9604
15.469543,1.6760601,1.5637885,-0.7941251,0.34200397,16.301935,440.7286,2304.26
15.171009,1.3870054,1.346231,-0.44782683,0.31471977,12.330681,445.67874,2306.816
15.217653,1.1111705,1.1169087,-0.24291301,0.29237252,13.414555,443.93878,2314.2498
15.02313,1.000645,1.037332,-0.16571401,0.282298,13.416382,441.52017,2317.739
14.725315,0.9162774,0.9611048,-0.09660217,0.27445343,12.451603,440.57663,2318.209
14.66494,0.779305,0.83674985,0.0024368982,0.26147586,14.743603,439.6869,2320.3547
14.424387,0.6731091,0.71717167,0.028650409,0.25590858,15.363243,439.00674,2317.4324
14.710803,0.6246787,0.65964264,0.031812165,0.254542,16.757008,438.26382,2316.274
14.496643,0.6462223,0.67931926,0.022528898,0.25634688,16.18095,437.9531,2317.9275
14.4998455,0.78492296,0.83064675,-0.009672107,0.2634886,15.6062355,438.23102,2320.5283
14.60359,0.93671584,1.0187148,-0.009903377,0.26937595,15.720921,438.00162,2323.8782
14.202767,1.100899,1.1622413,-0.12441511,0.28480855,12.855827,444.99478,2316.4436
13.846117,1.2938372,1.2879645,-0.3048527,0.3041263,7.9379463,442.48755,2316.7188
13.511478,1.525147,1.4245429,-0.5759227,0.32670814,5.959078,446.73105,2320.8247
13.57886,1.719695,1.6507044,-1.221727,0.3602571,30.738527,453.17822,2312.8872
14.128065,1.5874441,1.7816525,-1.6423637,0.37438455,57.214428,410.27145,2312.5266
14.703023,1.6290219,1.6175272,-2.1938558,0.4001133,44.28827,384.5805,2305.1277
14.529011,1.5679258,1.398367,-2.5675166,0.41502008,38.11,376.8143,2301.052
14.932692,1.3538023,0.9663355,-3.000141,0.42919546,30.02306,362.46558,2299.4534
14.85971,1.1817281,0.49024484,-3.2274804,0.4353932,26.263496,347.86414,2318.043
14.618004,1.0868192,0.31895578,-3.2907188,0.43713656,26.138803,344.92767,2326.5256
14.288524,0.9979672,0.13540563,-3.332421,0.43724707,27.53894,340.44324,2332.7527
14.548886,0.9149313,-0.04732476,-3.358934,0.43847036,28.63633,339.09912,2346.429
