11.757371,0.4753064,-0.27688703,2.0891852,0.27551174,-291.60565,243.59149,2603.4185
11.839241,0.48937038,-0.30807388,2.0633337,0.2721382,-291.80182,241.29535,2601.7078
11.82435,0.52451974,-0.38681355,2.0074255,0.26669696,-291.93802,240.81454,2595.9353
11.842231,0.5998332,-0.41717306,1.9512104,0.2622309,-290.48315,244.91632,2594.9734
11.964075,0.763548,-0.42495775,1.8177525,0.252297,-289.24017,248.95544,2589.4805
11.611628,0.2981388,-0.20396723,0.61197907,0.7035569,-287.11697,255.47754,2581.7378
11.493402,0.3266482,-0.27627224,0.5978635,0.6778892,-285.54507,263.7306,2580.3655
11.857046,0.35300538,-0.34356213,0.5714214,0.65637624,-289.69366,266.29974,2581.7651
11.820128,0.41605407,-0.42650682,0.5266004,0.6063686,-290.93576,284.3347,2587.9302
11.733465,0.43091768,-0.4672627,0.5080283,0.58127683,-294.4623,304.66275,2593.473
11.926529,-0.44420302,0.49840623,-0.49495742,-0.5561403,-298.2539,323.84927,2588.2205
11.780698,-0.5294952,0.5497231,-0.41449067,-0.49561757,-286.34555,335.23306,2595.0574
11.86605,0.58835614,-0.5693436,0.34500325,0.45897454,-278.6703,337.61444,2589.0303
12.069301,0.61440855,-0.6066867,0.29179743,0.41144574,-279.3352,345.30734,2585.012
11.894478,0.66622597,-0.6488763,0.17987722,0.3205413,-271.08398,352.07635,2591.5056
12.025797,0.6930426,-0.64582837,0.12828292,0.29349834,-263.53445,363.0341,2588.2437
12.1731415,0.70406693,-0.65549845,0.10454592,0.2523524,-258.21307,369.98502,2589.0896
12.015048,0.6989758,-0.67557025,0.056931123,0.22758856,-267.31128,369.5018,2587.771
11.887661,0.69793713,-0.67540145,0.05780579,0.23103057,-268.6544,366.7517,2583.3796
11.91168,0.69430643,-0.67015225,0.058605727,0.25573394,-268.82584,365.8777,2577.1846
11.888464,-0.67267114,0.68314594,-0.08434323,-0.27149823,-277.9091,360.43353,2580.1023
11.406998,0.66756815,-0.64623046,0.18404964,0.32072517,-261.73544,358.11243,2566.2788
11.336199,0.6472116,-0.6152935,0.24938649,0.37461627,-258.3486,358.0422,2571.1482
11.556907,0.6277684,-0.57050234,0.3093173,0.4298334,-255.1929,360.53366,2576.0725
11.38644,-0.52233136,0.5358083,-0.42135826,-0.51238316,-276.82428,367.40112,2575.268
11.391565,-0.46141383,0.5551458,-0.44381875,-0.53097564,-299.40976,356.20105,2565.6318
11.320401,-0.40699467,0.529623,-0.48857155,-0.5613847,-311.0974,312.29706,2552.1602
11.194742,0.36653557,-0.47766224,0.5297657,0.5973598,-306.04492,290.14447,2541.0852
11.195385,0.3142981,-0.41757396,0.5714027,0.63273025,-300.52985,269.5776,2532.0398
11.025275,0.22777872,-0.2687559,0.62156796,0.6996715,-296.094,243.86658,2537.777
11.359472,0.47266588,-0.5677312,1.859558,0.25073233,-292.0121,248.96158,2555.9302
11.957108,0.45360237,-0.5315091,1.9032197,0.25439283,-290.50208,255.47766,2568.9626
