14.0886755,-0.185754,-0.38071778,-0.03754104,0.43302488,-199.0887,-306.87158,2497.4358
14.734837,-0.112185605,-0.37856588,-0.038160305,0.43302876,-191.60918,-300.53305,2495.5
14.152931,-0.18779773,-0.35354826,-0.06633515,0.43372035,-191.70438,-295.7673,2494.2783
14.103118,-0.21502605,-0.31361577,-0.06275062,0.43377763,-194.99503,-296.10107,2489.387
13.677034,-0.18740202,-0.2834498,-0.01300442,0.43285277,-199.90071,-301.48193,2491.5906
13.6328745,-0.13611929,-0.28901377,-0.030235166,0.43319926,-197.83897,-302.9839,2498.9463
13.595147,-0.15552017,-0.30883238,-0.050093677,0.4335452,-194.65645,-303.4898,2493.5974
13.155347,-0.2004019,-0.32268718,-0.031412195,0.43311,-195.41405,-300.0254,2490.7053
12.996597,-0.2094949,-0.33816826,-0.009800781,0.43260673,-195.82962,-301.49503,2488.4172
13.112963,-0.23288006,-0.35861394,-0.02637344,0.43287173,-193.90143,-302.2525,2488.24
12.795392,-0.2389045,-0.37538373,-0.028754259,0.43285635,-193.77155,-303.48303,2487.6353
12.907382,-0.29796994,-0.3660547,-0.027333012,0.43283108,-190.31787,-301.19907,2480.9783
12.912133,-0.30925068,-0.346655,-0.0794549,0.43395627,-189.00577,-300.0794,2479.8699
12.628373,-0.2682525,-0.33168936,-0.05357482,0.43350714,-190.26492,-301.29517,2479.442
12.7572365,-0.2928028,-0.3486082,-0.03529308,0.43305957,-191.36195,-302.72852,2479.0737
12.693228,-0.2629805,-0.36165315,-0.047995284,0.43329427,-188.93161,-301.9479,2484.2751
12.45204,-0.19474947,-0.20795403,-0.04098363,0.43360782,-194.89014,-305.7597,2493.4668
12.040561,-0.21093048,-0.19059815,-0.068453774,0.43418878,-195.10132,-307.32153,2489.515
11.893145,-0.19678648,-0.27792534,-0.057904303,0.43379003,-189.46758,-308.05817,2484.3962
12.101869,-0.2700878,-0.24350986,-0.019891601,0.4330467,-196.8221,-301.518,2480.409
12.022327,-0.24136837,-0.33612522,-0.04983108,0.43343043,-189.24205,-304.2793,2481.4727
12.31045,-0.242368,-0.32744077,-0.033517003,0.43312284,-193.15991,-305.73114,2482.5808
13.104209,-0.2215163,-0.851083,-0.010319917,0.4291356,-194.50163,-318.9594,2473.781
13.211474,-0.23194462,-0.6849644,-0.0590519,0.43168446,-189.00214,-329.9967,2493.3665
12.855392,-0.15422109,-1.3466845,-0.03785857,0.4223224,-180.04826,-318.35315,2499.2065
12.885243,-0.19158918,-1.05555,-0.045930587,0.4274071,-198.86826,-312.85522,2504.4453
12.919758,-0.23024365,-0.77888167,0.0047860458,0.42952847,-201.15363,-307.998,2501.7168
12.795702,-0.19688533,-0.59949607,0.01018779,0.43083447,-202.7303,-306.87204,2498.845
12.492297,-0.24247015,-0.51576066,0.01616108,0.43124846,-197.62941,-304.48035,2493.656
12.563641,-0.21788472,-0.479265,-0.04827175,0.43279323,-193.58499,-305.92545,2492.4973
12.629005,-0.17558447,-0.44311717,-0.02572829,0.43249995,-195.04845,-301.79556,2491.6047
12.390444,-0.13698469,-0.41047922,-0.052737676,0.43319902,-190.89668,-298.26346,2489.629
11.909278,-0.17893057,-0.414195,-0.048938215,0.43311608,-195.38542,-316.8333,2480.8462
12.007868,-0.2390108,-0.41115764,-0.07425289,0.43364567,-189.68721,-306.09125,2495.014
12.235672,-0.20675088,-0.41766658,-0.08499035,0.4338386,-189.10072,-300.99478,2493.5728
12.064712,-0.25828072,-0.4089254,-0.059678983,0.43335244,-189.31416,-303.24133,2485.9111
12.234277,-0.25057217,-0.4438317,-0.088070646,0.43377897,-185.2468,-306.54535,2483.618
13.204288,-0.2584003,-0.3839885,-0.07139686,0.43369162,-189.89597,-308.8365,2487.768
14.563384,-0.21439087,-0.4041916,-0.06776075,0.4335466,-189.114,-304.54315,2489.2214
15.227362,-0.20651354,-0.38194224,-0.104015015,0.43437153,-190.89563,-303.4782,2490.94
15.782523,-0.19543652,-0.3364161,-0.06012985,0.43365425,-193.52434,-300.41608,2495.0305
16.172901,-0.13753206,-0.3332132,-0.073918276,0.433946,-191.27065,-301.05176,2494.7
16.44648,-0.1163419,-0.2948546,-0.05396878,0.4336661,-192.06538,-304.02106,2495.8132
16.256762,-0.22020641,-0.28254715,-0.071367644,0.43404153,-191.04677,-307.20447,2486.1204
16.057371,-0.19020207,-0.24001013,-0.07134079,0.4341613,-193.24472,-304.44922,2492.2322
