15.845162,0.25616604,2.1777136,0.37289223,0.2812073,-137.03973,-325.31717,2310.0188
15.562253,0.25372946,2.1680005,0.37696746,0.2798343,-135.6282,-324.6111,2311.6558
15.34948,0.25444147,2.1603155,0.38188064,0.2788346,-135.52438,-324.16144,2312.217
15.29017,0.24395375,2.1478121,0.3721037,0.27654955,-137.18988,-323.26047,2301.7283
15.0535345,0.1747608,2.0509918,0.31998774,0.26101425,-133.48505,-322.62808,2295.9841
14.966782,0.18198343,2.0446734,0.3388793,0.26068857,-137.97192,-323.1974,2304.332
13.947976,0.20561565,2.0905442,0.34006655,0.26711574,-130.57121,-322.89658,2307.2092
13.839254,0.18490945,2.0916283,0.35002065,0.26743564,-138.00809,-322.163,2303.4626
14.028913,0.19460812,2.0886314,0.3463615,0.26696047,-141.61543,-321.8242,2305.428
13.76156,0.19527715,2.0680475,0.3367773,0.26387185,-136.22795,-321.65207,2303.0957
13.454736,0.18763983,2.009747,0.33632457,0.25607076,-141.84636,-323.7292,2298.8875
13.183865,0.1742578,1.9982555,0.32551655,0.25422156,-138.11218,-322.22714,2297.2075
13.416411,0.13600472,1.9772639,0.34568915,0.25173467,-138.24225,-323.095,2302.4932
13.925279,0.15211895,1.9996657,0.32699114,0.25427842,-137.4974,-322.4088,2299.7466
13.966916,0.15920763,2.030581,0.32574165,0.25834447,-136.749,-322.07315,2301.2478
14.232143,0.16954683,2.0640137,0.34158015,0.2633039,-139.29198,-322.5147,2303.4707
14.137077,0.18166773,2.0852177,0.3488098,0.26648903,-138.22673,-322.1757,2301.9214
14.165526,0.18309784,2.0803103,0.3522752,0.2659116,-137.41113,-323.2312,2302.2534
14.051047,0.18525036,2.0806618,0.35823467,0.26614252,-140.39804,-323.54822,2298.8645
13.631454,0.17584467,2.0771058,0.35555097,0.26552686,-139.00183,-322.38138,2303.9902
13.346976,0.18173866,2.0864115,0.36673954,0.26718304,-140.40904,-322.6364,2304.275
13.015147,0.17534903,2.1123357,0.33988962,0.27004275,-135.86778,-323.5458,2299.7969
12.975053,0.17959593,2.0596602,0.34366518,0.26281908,-136.5585,-322.56738,2299.7974
13.306514,0.1835073,2.079587,0.3562985,0.2659285,-132.63795,-321.41574,2307.757
13.008236,0.17459038,2.0870054,0.3491202,0.26671743,-135.79358,-320.1169,2304.3022
12.748919,0.17734905,2.110826,0.3298879,0.26954448,-134.04669,-320.78024,2300.8604
13.100342,0.066271245,2.1380682,0.29609093,0.27266464,-138.45197,-319.3527,2275.0532
13.913703,0.17615262,2.196293,0.34117582,0.2828628,-136.06703,-319.40543,2295.965
14.010512,0.2169198,2.1903148,0.33916208,0.2818509,-130.46083,-319.13632,2300.8203
14.2772255,0.21513616,2.1910212,0.34769288,0.28225997,-132.42337,-318.854,2298.0662
14.465269,0.20326099,2.1595068,0.32968062,0.2767491,-137.254,-320.21423,2293.8123
14.766386,0.19969581,2.1357489,0.32809174,0.2731695,-135.31534,-321.33945,2296.8306
14.947722,0.20957503,2.0977566,0.35668936,0.26862022,-144.74498,-324.35486,2301.0195
15.112021,0.21018118,2.0932775,0.36871997,0.26835254,-132.60478,-325.94928,2305.4348
14.563394,0.23117009,2.1601968,0.3723928,0.27836764,-137.54462,-331.43335,2305.518
13.979836,0.20966643,2.1082218,0.3847445,0.2709797,-136.04,-333.75223,2305.8875
14.004443,0.19139183,2.0499127,0.36500213,0.26215526,-142.11179,-328.40552,2301.6763
14.2796755,0.17810197,2.0037513,0.38977093,0.2566159,-142.52191,-324.96832,2314.2168
