13.610451,0.3250966,-0.61570007,0.31578875,0.42241344,-20.310425,-331.75763,2552.6716
13.870911,0.3164724,-0.6375965,0.28247708,0.4230618,-18.591476,-334.7315,2551.561
13.725983,0.3160111,-0.57930875,0.2618262,0.4241104,-18.769516,-335.9287,2549.3477
13.204396,0.35426167,-0.54720116,0.2744341,0.42392576,-23.27415,-334.102,2543.3647
13.262336,0.28400132,-0.5345077,0.30616605,0.42353788,-21.867939,-327.9491,2546.4053
13.425353,0.26436394,-0.59853387,0.32952848,0.42248148,-16.642357,-342.4616,2541.345
13.611923,0.32835975,-0.5716058,0.31004688,0.42294973,-18.46331,-343.0578,2555.111
13.144885,0.27453244,-0.55950826,0.24432848,0.42486265,-15.552157,-343.27478,2536.4746
13.173111,0.19138926,-0.5165475,0.27221823,0.42481303,-17.281158,-340.59183,2537.323
13.199211,0.25365594,-0.49522787,0.29480678,0.4242296,-18.092392,-337.5296,2534.6118
12.878028,0.25486454,-0.5156558,0.28435296,0.4243237,-19.112873,-340.26096,2534.4631
12.954526,0.18773304,-0.51821953,0.3202404,0.42364448,-19.231379,-340.96625,2532.1692
12.828771,0.19250149,-0.5120014,0.36799413,0.4224909,-18.575958,-331.81415,2531.328
13.299966,0.15451367,-0.36886904,0.35129523,0.42393842,-22.661934,-323.19592,2528.866
14.259492,0.20155697,-0.29214942,0.28717244,0.42576554,-17.144802,-309.53693,2536.6677
15.014729,0.103354216,-0.26560974,0.29770568,0.42580968,-13.957058,-328.44553,2514.5283
15.656566,0.059390634,-0.24860582,0.3402444,0.42490527,-18.761644,-332.47607,2523.418
15.867624,0.011021811,-0.17060107,0.29571438,0.4262418,-17.973774,-294.3971,2508.8525
16.351906,-0.024368215,0.01705018,0.30186093,0.42628416,-22.304407,-284.43793,2507.672
16.171156,-0.037672225,0.06326366,0.3298913,0.4255797,-26.009914,-282.20306,2511.6055
16.185524,-0.0067615323,0.16486184,0.33138996,0.4254017,-25.207695,-283.77542,2516.0867
15.602632,0.014171598,0.12861466,0.3479279,0.4250789,-30.813774,-290.44702,2519.1907
15.300062,0.058726422,-0.004587195,0.33549622,0.4254704,-26.248066,-288.2614,2522.73
15.152204,0.060914844,-0.0881757,0.3740094,0.42446297,-18.418335,-288.63898,2525.1426
14.426813,0.037054896,-0.077395305,0.35109612,0.42505148,-30.66151,-287.93256,2524.443
14.242012,-0.019190084,-0.16266313,0.36455938,0.42461148,-28.043861,-295.85974,2521.2668
14.221754,0.08460407,-0.21912079,0.37934282,0.42401177,-27.173147,-295.9478,2524.781
13.653407,-0.02531242,-0.3049316,0.36493972,0.42417857,-26.018848,-294.85916,2514.3613
13.639543,-0.004867018,-0.30429068,0.37478188,0.42391944,-28.40226,-286.8069,2507.5466
13.615076,-0.033110768,-0.31468803,0.37548134,0.42388543,-29.658493,-271.32547,2497.9636
13.182454,-0.10629725,-0.21351506,0.35413736,0.4247694,-24.917192,-295.0564,2513.4985
12.98795,-0.023797406,-0.28519392,0.3261765,0.42519894,-19.207329,-296.15356,2518.919
12.931563,0.047621332,-0.386213,0.31093547,0.42503557,-18.382038,-291.58386,2518.7583
12.69993,0.019654796,-0.4308535,0.31301898,0.42478374,-24.966122,-296.47208,2515.7507
12.861728,-0.040111654,-0.42132738,0.29754934,0.42528945,-21.208582,-290.01505,2511.302
12.594432,-0.03920532,-0.4362327,0.338943,0.42420122,-26.64941,-290.03418,2517.0085
12.854235,-0.042257283,-0.44625017,0.34325752,0.4240415,-21.40181,-289.5995,2513.987
14.265284,0.09250976,-0.47132066,0.2949117,0.42483807,-23.921173,-289.57632,2524.291
