11.757371,0.14625081,-2.20916,0.024351321,0.2803851,-2.838337,-302.9798,2551.8928
11.839241,0.12677243,-2.214633,0.016514499,0.28077126,-3.545948,-303.6576,2545.7812
11.82435,0.12423777,-2.1955357,0.02070777,0.27782363,-0.16588974,-302.79517,2550.5774
11.842231,0.123023644,-2.2209983,0.032569963,0.28193557,-8.1544,-300.24496,2542.3047
11.964075,0.13654523,-2.2250743,0.024905952,0.28273195,-2.2531376,-301.97803,2550.1892
11.611628,0.11605212,-2.215616,0.042135958,0.28109846,-5.3337193,-303.39957,2542.4326
11.493402,0.11197764,-2.2165916,0.028965807,0.28098634,-4.679083,-303.6325,2541.993
11.857046,0.11218381,-2.1683722,0.0294337,0.27365258,6.428728,-298.74652,2547.226
11.820128,0.108087726,-2.1652658,0.020226516,0.2730387,-8.126289,-291.3392,2542.889
11.733465,0.09241734,-2.1935997,0.02048057,0.2770266,-4.2061024,-293.63718,2544.6702
11.926529,0.123499766,-2.2054627,0.02262376,0.27936304,-0.28486443,-294.08453,2543.1216
11.780698,0.123746715,-2.155457,0.041632507,0.27206466,-6.11808,-304.99774,2551.7864
11.86605,0.13821952,-2.1482985,0.033101607,0.2711504,-5.8924675,-311.84387,2552.5862
12.069301,0.14399713,-2.149827,0.019161595,0.27132362,-4.656967,-312.92557,2556.6626
11.894478,0.13235885,-2.1520693,3.4585575E-4,0.27129683,-3.0847301,-298.42377,2554.868
12.025797,0.13525599,-2.1893244,0.021667894,0.27707815,-4.6740417,-296.3322,2550.791
12.1731415,0.12283355,-2.1659062,0.02174359,0.2733679,-10.126942,-295.09338,2548.5298
12.015048,0.122214265,-2.1591043,0.0013821912,0.2721719,-5.3059597,-305.26367,2552.8086
11.887661,0.13648537,-2.1469665,0.0065037664,0.27067477,-2.6253834,-308.3786,2553.5266
11.91168,0.13489932,-2.1276896,0.017878165,0.26799017,-5.9565945,-308.6459,2553.2334
11.888464,0.15032977,-2.105937,0.009121437,0.2650934,-0.34347343,-306.90823,2551.9856
11.406998,0.12603931,-2.0690453,0.016508892,0.25975987,-2.5384789,-301.45358,2552.3574
11.336199,0.1303626,-2.0931935,0.027459733,0.2631787,-5.701626,-303.2497,2546.1064
11.556907,0.109988175,-2.1259012,0.032661285,0.26752037,-4.915928,-299.87463,2538.1704
11.38644,0.10387517,-2.174832,0.04430649,0.27466342,-5.966343,-304.27533,2535.3713
11.391565,0.13406168,-2.1722236,0.03084127,0.274588,-8.212475,-309.07382,2541.3027
11.320401,0.12177691,-2.1838574,0.033428498,0.27616417,-5.3157253,-309.07416,2537.288
11.194742,0.09767427,-2.1771312,0.03817069,0.27484035,-1.8681431,-306.78455,2540.4543
11.195385,0.09100694,-2.1601887,0.048922468,0.27237248,-4.8314877,-309.79163,2538.3528
11.025275,0.0903277,-2.2025094,0.037039794,0.27855682,-4.0822506,-311.72034,2539.2922
11.359472,0.108252116,-2.1831138,0.034347452,0.27584773,-3.6581383,-302.07703,2539.6572
11.957108,0.100784056,-2.192619,0.03801959,0.2772173,-4.4018574,-299.94205,2541.9844
