12.304942,0.0,0.0,0.0,0.43301272,163.20178,-40.01419,2490.047
12.15429,0.0,0.0,0.0,0.43301272,161.23373,-56.532745,2508.1042
12.209789,0.0,0.0,0.0,0.43301272,155.64967,-44.033722,2536.4163
12.409035,0.0,0.0,0.0,0.43301272,151.19635,-38.288055,2559.81
12.30605,0.0,0.0,0.0,0.43301272,147.76767,-40.375732,2577.0188
12.205901,0.0,0.0,0.0,0.43301272,143.40298,-36.980347,2589.8704
12.343898,0.0,0.0,0.0,0.43301272,142.17114,-35.02646,2599.1729
12.911218,0.0,0.0,0.0,0.43301272,138.47227,-34.90204,2610.7964
13.588053,0.0,0.0,0.0,0.43301272,135.49146,-32.11078,2610.0896
14.460992,0.0,0.0,0.0,0.43301272,139.20845,-28.696625,2605.4363
14.454107,0.0,0.0,0.0,0.43301272,139.14824,-26.410522,2597.724
14.159443,0.0,0.0,0.0,0.43301272,138.83856,-20.683716,2579.3657
13.84596,0.0,0.0,0.0,0.43301272,139.92165,-16.550964,2554.0374
13.807729,0.0,0.0,0.0,0.43301272,141.89182,-12.723999,2535.096
14.133082,0.0,0.0,0.0,0.43301272,146.35223,-22.373413,2476.7698
14.883903,0.0,0.0,0.0,0.43301272,159.60806,-13.9270935,2435.1199
15.490876,0.0,0.0,0.0,0.43301272,170.60175,15.299103,2391.8816
15.730514,0.0,0.0,0.0,0.43301272,176.32489,33.912888,2362.861
15.95615,0.0,0.0,0.0,0.43301272,180.67673,70.01752,2349.6133
16.18469,0.0,0.0,0.0,0.43301272,182.8268,94.13344,2334.154
15.707935,0.0,0.0,0.0,0.43301272,194.46988,145.76295,2314.222
16.180527,0.0,0.0,0.0,0.43301272,206.36154,225.96829,2300.185
16.546524,0.0,0.0,0.0,0.43301272,209.64392,287.74268,2303.3518
16.463972,0.0,0.0,0.0,0.43301272,203.63802,331.0738,2310.0747
16.201937,0.0,0.0,0.0,0.43301272,199.01411,360.82498,2323.09
15.28364,0.0,0.0,0.0,0.43301272,190.95944,435.32178,2343.4358
15.125263,0.0,0.0,0.0,0.43301272,182.64503,469.38348,2352.0974
14.924752,0.0,0.0,0.0,0.43301272,181.93726,503.5527,2362.378
14.290888,0.0,0.0,0.0,0.43301272,169.32936,576.0098,2397.1462
14.290145,0.0,0.0,0.0,0.43301272,161.0694,600.84766,2419.624
13.745988,0.0,0.0,0.0,0.43301272,142.19687,642.16986,2452.8616
13.693979,0.0,0.0,0.0,0.43301272,136.87488,655.70087,2467.1438
14.340865,0.0,0.0,0.0,0.43301272,135.30952,676.05963,2497.2766
15.110427,0.0,0.0,0.0,0.43301272,134.02623,685.7948,2514.03
15.657243,0.0,0.0,0.0,0.43301272,132.23692,694.76697,2525.8706
15.721604,0.0,0.0,0.0,0.43301272,128.29016,700.7561,2523.2202
15.988069,0.0,0.0,0.0,0.43301272,130.91653,705.6699,2529.5427
15.674857,0.0,0.0,0.0,0.43301272,136.03091,699.5299,2526.911
14.893542,0.0,0.0,0.0,0.43301272,141.06175,681.48114,2497.9304
15.086147,0.0,0.0,0.0,0.43301272,150.96133,655.93524,2469.953
15.156078,0.0,0.0,0.0,0.43301272,151.5598,641.0782,2452.6023
14.3989525,0.0,0.0,0.0,0.43301272,167.0071,602.7521,2425.0842
14.240437,0.0,0.0,0.0,0.43301272,167.41261,585.0789,2406.3147
14.226695,0.0,0.0,0.0,0.43301272,173.37627,563.303,2389.4614
13.645319,0.0,0.0,0.0,0.43301272,193.2042,486.19757,2347.352
13.623621,0.0,0.0,0.0,0.43301272,202.03622,433.99777,2334.5933
14.03686,0.0,0.0,0.0,0.43301272,207.56992,342.5593,2326.574
14.8034935,0.0,0.0,0.0,0.43301272,201.174,278.9218,2311.9722
14.985727,0.0,0.0,0.0,0.43301272,206.27185,245.60631,2307.9734
14.296279,0.0,0.0,0.0,0.43301272,209.04681,138.66179,2321.595
14.5112095,0.0,0.0,0.0,0.43301272,202.29788,97.74863,2329.171
13.662115,0.0,0.0,0.0,0.43301272,184.50974,9.191925,2402.1873
13.650777,0.0,0.0,0.0,0.43301272,183.30537,-20.541687,2434.2048
13.568271,0.0,0.0,0.0,0.43301272,179.17194,-38.47055,2458.934
13.170136,0.0,0.0,0.0,0.43301272,177.6877,-64.269684,2506.297
13.012029,0.0,0.0,0.0,0.43301272,177.52888,-70.445526,2521.183
13.111914,0.0,0.0,0.0,0.43301272,173.11948,-77.110535,2529.8176
12.761717,0.0,0.0,0.0,0.43301272,170.31044,-84.453,2555.6519
12.844856,0.0,0.0,0.0,0.43301272,165.93379,-86.82764,2564.137
