12.048512,0.0,0.0,0.0,0.43301272,138.53412,-38.303925,2622.5867
12.050247,0.0,0.0,0.0,0.43301272,145.78046,-36.599823,2614.5503
12.543,0.0,0.0,0.0,0.43301272,155.95572,-9.383301,2552.7139
12.362548,0.0,0.0,0.0,0.43301272,161.80437,-5.975006,2528.1128
12.469093,0.0,0.0,0.0,0.43301272,170.15895,12.797058,2483.7751
12.44011,0.0,0.0,0.0,0.43301272,178.70139,53.398087,2440.7212
12.267472,0.0,0.0,0.0,0.43301272,182.73251,102.460434,2392.646
12.2058115,0.0,0.0,0.0,0.43301272,187.86975,144.50685,2366.123
12.37287,0.0,0.0,0.0,0.43301272,196.88211,201.5705,2335.1536
12.35302,0.0,0.0,0.0,0.43301272,194.34595,234.17014,2361.9395
12.183899,0.0,0.0,0.0,0.43301272,183.25351,283.5374,2355.7874
11.9740925,0.0,0.0,0.0,0.43301272,189.77357,335.7061,2349.7603
12.1298065,0.0,0.0,0.0,0.43301272,182.58627,377.99835,2361.3247
12.162585,0.0,0.0,0.0,0.43301272,180.00612,425.597,2365.4504
12.015315,0.0,0.0,0.0,0.43301272,162.79169,502.00443,2404.5269
11.942977,0.0,0.0,0.0,0.43301272,136.33588,596.10394,2431.8237
12.063038,0.0,0.0,0.0,0.43301272,127.220566,651.0554,2463.44
12.36303,0.0,0.0,0.0,0.43301272,118.88279,638.11194,2493.101
12.325562,0.0,0.0,0.0,0.43301272,73.998184,655.63525,2554.0654
12.376018,0.0,0.0,0.0,0.43301272,-7.5643005,104.39459,2436.0938
12.4659605,0.0,0.0,0.0,0.43301272,-6.5081863,74.431,2611.406
12.297502,0.0,0.0,0.0,0.43301272,-14.803612,9.852203,2607.365
12.123846,0.0,0.0,0.0,0.43301272,-22.133331,-1.6929016,2608.122
12.2074175,0.0,0.0,0.0,0.43301272,-16.242455,4.176117,2610.1455
12.385434,0.0,0.0,0.0,0.43301272,-9.589493,6.196991,2610.2842
12.248525,0.0,0.0,0.0,0.43301272,-7.7148857,21.353943,2594.2407
12.704911,0.0,0.0,0.0,0.43301272,-4.7569656,16.375824,2583.2454
13.140836,0.0,0.0,0.0,0.43301272,2.8216438,13.8967285,2598.923
12.952324,0.0,0.0,0.0,0.43301272,17.453129,17.004517,2611.0894
12.948817,0.0,0.0,0.0,0.43301272,25.754494,19.586304,2618.0847
13.022413,0.0,0.0,0.0,0.43301272,29.915161,20.42099,2619.819
12.816461,0.0,0.0,0.0,0.43301272,34.206635,19.592163,2616.422
12.444684,0.0,0.0,0.0,0.43301272,38.26027,18.037811,2614.439
12.59228,0.0,0.0,0.0,0.43301272,41.99351,17.189758,2610.3582
12.576378,0.0,0.0,0.0,0.43301272,45.29313,20.59134,2610.4458
12.384015,0.0,0.0,0.0,0.43301272,46.758255,19.667694,2605.29
12.37825,0.0,0.0,0.0,0.43301272,47.49606,16.194458,2598.2637
12.496994,0.0,0.0,0.0,0.43301272,48.838673,17.4057,2597.8901
12.406457,0.0,0.0,0.0,0.43301272,51.48696,19.744324,2599.4675
12.340613,0.0,0.0,0.0,0.43301272,53.900013,20.811981,2603.9995
12.113418,0.0,0.0,0.0,0.43301272,68.670044,4.8955383,2605.35
12.13232,0.0,0.0,0.0,0.43301272,87.76137,-42.073975,2601.2715
12.308248,0.0,0.0,0.0,0.43301272,105.18204,-65.66342,2594.5159
12.107987,0.0,0.0,0.0,0.43301272,123.87883,-43.18982,2587.567
12.132614,0.0,0.0,0.0,0.43301272,127.195694,-27.432617,2586.131
