13.610451,-0.11388065,0.19691099,2.1354883,0.27294663,-255.3929,579.87756,2599.0032
13.870911,-0.12905471,0.2020231,2.1342182,0.27298787,-254.13545,578.783,2598.395
13.725983,-0.07891572,0.19962479,2.1357613,0.27270934,-255.41382,580.0192,2601.6506
13.204396,0.03489371,0.118013896,2.134143,0.27068284,-255.0188,588.7883,2604.268
13.262336,0.057824116,0.10173506,2.1224663,0.2684361,-256.1725,597.96405,2603.2424
13.425353,0.18060344,0.18090595,2.0948899,0.265546,-254.28923,585.63556,2598.616
13.611923,0.14114545,0.060043912,2.1171868,0.26778156,-254.33342,585.9846,2594.2432
13.144885,0.16253977,-0.03117348,2.1300476,0.27034062,-255.4711,586.86554,2596.0164
13.173111,0.17261611,-0.036108237,2.1376038,0.2719325,-256.4972,591.3006,2594.9202
13.199211,0.23558293,-0.063244306,2.1236482,0.27049327,-259.0809,594.9183,2598.1711
12.878028,0.20382486,-0.096684076,2.1502693,0.2755709,-257.86084,597.89124,2596.63
12.954526,0.133781,-0.11412417,2.1804085,0.28184998,-257.2813,598.0405,2595.1257
12.828771,0.10316805,-0.15055501,2.1846473,0.28334245,-258.30923,606.8558,2597.4224
13.299966,0.18722174,-0.26531038,2.1398456,0.27688956,-264.63818,615.8303,2604.8975
14.259492,0.37558842,-0.2018656,2.0476892,0.2628538,-268.63016,627.6355,2617.7542
15.014729,0.403771,-0.124155276,2.031496,0.2600562,-270.33163,604.59753,2607.6772
15.656566,0.40178993,-0.10707389,2.0321157,0.25991467,-271.6476,609.92285,2610.14
15.867624,0.4410175,-0.15674949,1.9808241,0.25454625,-280.09937,628.41455,2626.9648
16.351906,0.4941505,-0.20042911,1.9352045,0.25092041,-283.49585,631.3026,2638.9626
16.171156,0.17246698,-0.08527425,0.6810792,0.7064804,-286.37958,631.3173,2642.2095
16.185524,0.16759944,-0.09402498,0.68389237,0.7038188,-288.78485,630.34937,2643.0244
15.602632,0.15115815,-0.09942556,0.6898177,0.7010116,-292.74564,629.7604,2632.7756
15.300062,0.15609686,-0.09694654,0.69300115,0.69712585,-293.50803,634.80273,2626.5066
15.152204,0.15029097,-0.08814575,0.68858546,0.7039126,-288.9266,632.9585,2618.082
14.426813,0.14826462,-0.10564972,0.687873,0.7026282,-290.34872,635.98315,2614.015
14.242012,0.13976955,-0.08967362,0.69131917,0.70320755,-289.33435,631.63184,2601.1506
14.221754,0.13339627,-0.06799003,0.6931581,0.7050635,-288.64343,632.5317,2595.6157
13.653407,0.35512328,-0.16024631,1.9928734,0.25395668,-285.23373,634.24554,2587.508
13.639543,0.35659447,-0.18902819,2.0115497,0.25688347,-284.26953,641.0305,2589.1519
13.615076,0.33444002,-0.26798955,2.0388696,0.26183784,-285.3144,652.65594,2595.0256
13.182454,0.26981643,-0.33462802,2.0441368,0.26297316,-284.9809,631.95135,2577.0261
12.98795,0.288837,-0.29761034,2.0371008,0.2612489,-282.8088,634.17206,2572.4429
12.931563,0.26963946,-0.27126265,2.044546,0.26134312,-280.48236,639.34296,2570.567
12.69993,0.16436566,-0.23148096,2.0766203,0.263764,-278.82727,638.9772,2564.294
12.861728,0.14398175,-0.2052203,2.0820177,0.263876,-277.06192,645.9458,2568.6514
12.594432,0.061074384,-0.13031182,2.0780494,0.2615039,-275.4477,646.1401,2566.4802
12.854235,0.034049172,-0.107781425,2.0867932,0.262535,-273.27316,644.30273,2565.6958
14.265284,5.3133967E-4,-0.076665476,2.0872848,0.26231942,-275.1973,644.2113,2567.2654
