13.392331,0.0,0.0,0.0,0.43301272,-97.88662,-675.7106,2312.7192
13.453321,0.0,0.0,0.0,0.43301272,-109.021,-693.11475,2300.8435
13.547199,0.0,0.0,0.0,0.43301272,-93.54712,-731.30774,2301.1274
13.890992,0.0,0.0,0.0,0.43301272,-87.86782,-752.3605,2358.4365
13.617457,0.0,0.0,0.0,0.43301272,-102.442245,-748.54095,2328.8838
13.375248,0.0,0.0,0.0,0.43301272,-106.72684,-754.9571,2319.97
13.317732,0.0,0.0,0.0,0.43301272,-113.84993,-769.35785,2339.9553
13.208813,0.0,0.0,0.0,0.43301272,-108.398,-664.72034,2295.0505
12.938761,0.0,0.0,0.0,0.43301272,-92.47863,-722.66345,2317.709
13.105707,0.0,0.0,0.0,0.43301272,-96.87756,-740.33594,2484.8857
13.340012,0.0,0.0,0.0,0.43301272,-87.455444,-776.43835,2377.191
13.05428,0.0,0.0,0.0,0.43301272,-103.20535,-711.38074,2255.9954
12.939019,0.0,0.0,0.0,0.43301272,-100.627335,-702.0377,2259.5852
12.726112,0.0,0.0,0.0,0.43301272,-101.12596,-834.70886,2368.9995
13.147313,0.0,0.0,0.0,0.43301272,-105.235146,-744.2786,2308.4802
13.16584,0.0,0.0,0.0,0.43301272,-113.14985,-711.349,2271.377
13.320597,0.0,0.0,0.0,0.43301272,-114.96904,-723.15283,2285.0498
13.367676,0.0,0.0,0.0,0.43301272,-107.76354,-693.86633,2312.9573
13.220651,0.0,0.0,0.0,0.43301272,-106.99277,-691.0517,2302.6506
13.421091,0.0,0.0,0.0,0.43301272,-121.44842,-744.58716,2443.24
13.4154415,0.0,0.0,0.0,0.43301272,-115.748886,-726.2447,2382.5613
13.146596,0.0,0.0,0.0,0.43301272,-85.133224,-684.3454,2230.6953
12.866343,0.0,0.0,0.0,0.43301272,-106.29132,-659.2842,2229.0713
12.77949,0.0,0.0,0.0,0.43301272,-97.765976,-706.7045,2274.9338
12.864131,0.0,0.0,0.0,0.43301272,-123.59972,-799.4004,2285.7388
13.023729,0.0,0.0,0.0,0.43301272,-109.465576,-783.4808,2316.1316
12.86672,0.0,0.0,0.0,0.43301272,-112.53038,-738.0342,2314.864
12.781246,0.0,0.0,0.0,0.43301272,-152.49579,-731.1339,2270.053
12.861202,0.0,0.0,0.0,0.43301272,-126.48877,-732.745,2275.836
12.686015,0.0,0.0,0.0,0.43301272,-103.97702,-762.1924,2412.2927
12.456786,0.0,0.0,0.0,0.43301272,-105.91557,-737.61365,2322.9675
12.379597,0.0,0.0,0.0,0.43301272,-112.13037,-749.329,2316.6067
12.500034,0.0,0.0,0.0,0.43301272,-116.3624,-762.6902,2289.7866
12.238781,0.0,0.0,0.0,0.43301272,-94.97369,-784.8874,2496.0
12.09041,0.0,0.0,0.0,0.43301272,-115.219505,-766.1946,2432.4375
11.952522,0.0,0.0,0.0,0.43301272,-148.08644,-715.8583,2326.8503
12.413713,0.0,0.0,0.0,0.43301272,-132.18024,-698.2915,2325.1333
12.582405,0.0,0.0,0.0,0.43301272,-126.92117,-674.3544,2285.8792
12.327333,0.0,0.0,0.0,0.43301272,-127.637794,-666.7401,2300.082
12.677339,0.0,0.0,0.0,0.43301272,-162.97246,-671.3575,2304.7266
12.765001,0.0,0.0,0.0,0.43301272,-188.48672,-604.33386,2358.5486
12.721299,0.0,0.0,0.0,0.43301272,-211.08032,-606.4178,2346.816
12.492465,0.0,0.0,0.0,0.43301272,-206.81267,-607.2258,2321.772
12.518668,0.0,0.0,0.0,0.43301272,-214.65004,-638.8885,2330.1333
12.93813,0.0,0.0,0.0,0.43301272,-223.31369,-660.44244,2312.6743
12.939805,0.0,0.0,0.0,0.43301272,-222.16714,-637.6831,2316.0415
12.904527,0.0,0.0,0.0,0.43301272,-221.12535,-642.3922,2321.9978
12.674444,0.0,0.0,0.0,0.43301272,-222.5267,-643.6559,2325.547
