14.251446,0.0032076538,0.112572335,0.030076038,0.43230635,-199.86266,697.5521,2323.5107
14.271841,-0.02774918,-0.06494305,0.014257052,0.4326924,-195.54572,694.2439,2320.3494
14.455285,-0.043462552,-0.031098494,-0.007471211,0.4331607,-197.30061,694.7656,2321.1401
14.674884,-0.04981733,0.043365084,-0.064670905,0.43431637,-193.64844,694.74194,2319.7573
14.549039,-0.037621826,6.771074E-4,-0.09688475,0.43498522,-192.54164,695.18335,2320.6704
14.670335,-0.0012848875,-0.055109862,-0.10796319,0.43519258,-192.0139,694.5766,2322.0251
14.486972,0.043187115,-0.1105563,-0.13534105,0.4356602,-191.4269,700.9795,2325.952
14.578291,0.10268192,0.06541798,-0.06025758,0.43421504,-195.95143,708.4807,2329.6335
14.848584,0.12078777,0.17630474,-0.08141913,0.43451485,-196.07301,708.7097,2331.0808
14.87872,0.13720405,0.24505152,-0.036641754,0.4334545,-202.86082,709.66016,2332.3076
15.183848,0.13966374,0.305242,0.016990364,0.43216243,-208.41875,710.7459,2334.3237
15.340119,0.1344297,0.3231373,0.04706314,0.43146208,-211.82498,711.85223,2334.7708
15.117613,0.16131312,0.37266657,0.10998087,0.42991063,-220.99678,709.48254,2335.632
15.571394,0.16452351,0.3968008,0.12712374,0.42942813,-221.04387,709.1326,2333.3428
15.651608,0.16357473,0.40209883,0.1180371,0.4296055,-223.63605,709.60095,2333.1663
15.102345,0.105282955,0.48574793,0.09086425,0.42974198,-215.67603,710.6705,2327.594
14.744361,0.103062294,0.40412715,0.080949165,0.43038473,-216.3013,709.5931,2325.731
14.6865635,0.11429906,0.30230072,0.0874382,0.43065998,-217.67546,709.317,2325.4155
15.040795,0.15452458,0.32362914,0.10264897,0.43025953,-224.71881,709.38684,2328.8247
15.228784,0.13348275,0.2514227,0.07897965,0.43099943,-221.22388,708.8585,2326.1804
14.870034,0.12941058,0.22934487,0.07430422,0.43115702,-219.75842,709.0848,2324.8796
14.67105,0.10887324,0.3280956,-0.015226826,0.43275157,-213.38174,709.8911,2325.3694
15.173863,0.1187182,0.35983938,0.0085203,0.4321362,-212.62042,709.8793,2326.6426
15.500424,0.13529816,0.26762885,0.06236041,0.43131262,-216.42438,709.8629,2330.326
15.578773,0.14959018,0.27693877,0.06402437,0.4312492,-216.59921,709.14246,2331.707
15.722769,0.1510633,0.27782226,0.06482448,0.43122926,-215.5601,710.04626,2333.6182
14.625717,0.14274552,0.31877175,0.07098183,0.43096462,-215.81425,710.87646,2335.379
14.980517,0.13205239,0.33834618,0.07245362,0.43085995,-215.32095,711.35645,2336.0728
15.24292,0.12381529,0.34775645,0.075458914,0.4307565,-215.14903,711.4509,2336.3613
15.482925,0.12785059,0.2631328,0.05235504,0.4315399,-207.80437,711.30493,2335.5906
15.047753,0.12525645,0.16845459,0.033695113,0.43214986,-202.48749,711.5545,2336.2354
15.237001,0.12308599,0.12371222,0.017777938,0.43254864,-201.41585,709.4929,2335.367
14.9858055,0.11678476,0.18529083,0.03474622,0.43209928,-200.17476,710.3535,2333.7004
14.737612,0.10453865,0.22038904,0.013743415,0.43246847,-204.54642,709.7987,2331.9258
14.659338,0.114520706,0.24318202,0.019417698,0.43229294,-209.42096,709.7643,2331.956
14.753744,0.0975064,0.23539644,0.018012017,0.43234125,-200.90302,710.3883,2332.1199
