14.417882,0.20143063,-0.88087237,-0.009026743,0.4276132,-200.98674,170.8575,2535.076
14.062235,0.32575202,-0.875592,-0.07161039,0.42845434,-197.69453,168.72313,2537.996
13.949261,0.30256286,-0.91000557,-0.07211552,0.42813787,-196.53337,166.45148,2540.6606
13.955655,0.34438962,-0.90106916,-0.07433938,0.42808697,-197.61235,168.20518,2536.9165
13.459602,0.28161943,-0.87322634,-0.0561916,0.42837006,-201.07085,173.27022,2531.1296
13.432598,0.25359005,-0.88274807,-0.018987704,0.42757645,-199.97374,172.7331,2529.1167
13.414928,0.20831825,-0.88796043,-0.038315132,0.42813253,-199.08092,172.9601,2528.7148
12.959303,0.21518005,-0.9166653,-0.05988446,0.42820317,-197.70726,172.6396,2527.3032
13.216507,0.20554708,-0.9168529,-0.07645841,0.42859754,-202.74341,168.76572,2527.071
13.151015,0.23179823,-0.8806876,-0.02164133,0.4277589,-205.34892,165.3184,2532.0435
13.227782,0.23984598,-0.83345485,-0.011253155,0.42807055,-206.01575,164.35745,2536.1008
13.626229,0.30194038,-0.8889722,-0.027398761,0.4274485,-202.51703,167.24368,2533.336
14.387943,0.3085474,-0.8477113,-0.019392874,0.42776123,-207.28252,163.61797,2537.6716
14.991131,0.36938545,-0.8424817,0.039041996,0.42622364,-207.94356,160.29533,2534.5505
15.463985,0.39047644,-0.7278134,0.015236735,0.42798755,-209.33064,156.95741,2534.8408
15.868164,0.40994132,-0.69138783,-0.0078919055,0.42878053,-206.64455,157.50455,2540.2659
16.21049,0.45852172,-0.65600294,0.0060538636,0.42859334,-207.05817,153.27325,2545.7166
16.45773,0.38400128,-0.70737624,-0.011060761,0.42880931,-207.442,157.97548,2545.217
16.363785,0.33943817,-0.64724076,0.003854505,0.42928603,-210.71071,165.45607,2548.2324
16.31756,0.33404893,-0.5329346,0.050649833,0.4292777,-214.86215,176.44173,2556.0776
16.5934,0.29555398,-0.49922302,0.056720212,0.4295403,-213.89973,177.62503,2563.6199
15.012553,0.30744123,-0.6326891,0.036199953,0.42885074,-214.62785,179.00226,2577.7463
14.492376,0.32639396,-0.7958466,0.016743997,0.42750317,-214.08597,175.3984,2580.3486
14.024369,0.31751353,-0.895918,-0.0015001079,0.42671022,-211.25284,174.45686,2581.1714
13.661058,0.30517155,-0.9213972,-0.034772743,0.42716587,-211.34335,167.87592,2588.1245
13.389406,0.36845958,-0.9397022,-0.041776665,0.42672443,-207.94139,166.37674,2591.7466
13.507793,0.3745846,-0.99596393,-0.0890776,0.4269022,-208.58838,169.388,2591.7368
14.168248,0.36958987,-1.0077171,-0.082376525,0.42661074,-209.59818,168.8135,2591.7505
14.223536,0.420665,-1.0007441,-0.06318534,0.42598277,-210.52643,165.19678,2599.077
14.278051,0.46010157,-1.0145112,-0.07411533,0.4257495,-207.00774,173.97162,2593.7383
13.826784,0.45905262,-0.8418653,-0.03628417,0.42739186,-217.61142,142.72406,2596.9321
14.532019,0.52603096,-0.87004286,-0.060713295,0.42713368,-216.43513,155.08037,2606.7898
15.148582,0.47003275,-0.85633534,-0.05930931,0.42763805,-211.63344,142.3797,2604.117
15.590428,0.47723082,-0.82496595,-0.03949951,0.42756873,-225.33128,135.63478,2604.2744
15.957029,0.52685344,-0.80090255,0.043991014,0.42571816,-229.00027,129.75554,2606.7024
16.122286,0.54047555,-0.79213303,0.06870016,0.4251807,-224.52931,138.32652,2614.4724
