14.135617,0.121942595,2.2116094,-0.069166146,0.277777,-94.698,194.67651,2328.33
13.903324,0.13123015,2.2526891,-0.07746112,0.28359908,-93.84084,194.19562,2329.926
14.272213,0.14063855,2.2645051,-0.06474651,0.28538454,-94.61104,193.47296,2330.9705
14.112065,0.14399913,2.23766,-0.058424313,0.2815162,-94.24496,194.12189,2331.2175
13.65986,0.14644067,2.2779944,-0.08250194,0.28732064,-96.20349,195.47433,2327.566
13.662186,0.14894336,2.3076842,-0.078234814,0.29188958,-92.75931,196.7793,2328.0833
14.281419,0.15045552,2.3461027,-0.05219713,0.2984598,-100.38932,188.35202,2330.9756
14.008234,0.1374693,2.354997,-0.06768106,0.29988196,-98.45342,184.92078,2332.8833
13.626816,0.13357913,2.3327267,-0.061971586,0.29612774,-89.85671,183.38443,2334.7505
13.304944,0.15674976,2.2906184,-0.07306847,0.28927755,-91.31544,190.58633,2328.9595
13.257324,0.123362355,2.2572393,-0.08542629,0.28423387,-91.27344,195.36249,2324.051
13.29661,0.11336025,2.250182,-0.08814283,0.28319964,-90.74195,198.75034,2320.9053
12.901134,0.11528781,2.2348914,-0.08313197,0.2810162,-90.23506,202.61975,2319.5835
13.385314,0.10480595,2.2627506,-0.094290614,0.28502592,-91.12296,204.94943,2320.0415
13.413206,0.102944106,2.251192,-0.08579358,0.2833559,-88.65556,205.48117,2320.9792
13.037323,0.12689783,2.29081,-0.111368164,0.28915238,-72.754105,208.18036,2323.1387
13.278734,0.15509768,2.285946,-0.12049623,0.28842092,-71.33087,208.96631,2321.1868
12.782432,0.15916412,2.2016582,-0.11334745,0.27661714,-69.468216,204.75797,2319.1516
13.389313,0.15082628,2.2309499,-0.10785643,0.2805431,-78.18356,192.56696,2327.1167
13.852052,0.15735428,2.1843317,-0.0743136,0.27421647,-83.046196,190.54175,2332.0117
13.36523,0.13243929,2.2023363,-0.05752367,0.27654085,-97.453186,183.96564,2330.7004
13.346542,0.11762545,2.1715403,-0.047852434,0.2723211,-100.437904,182.78922,2330.8232
13.379566,0.101518,2.1680057,-0.046576675,0.27180257,-101.36911,191.86871,2326.7922
13.624732,0.104931705,2.1831572,-0.03956184,0.2738785,-96.82121,192.75665,2329.7295
13.8193245,0.13103358,2.1845534,-0.046922237,0.27412492,-93.74697,193.49582,2330.3984
14.332558,0.15296143,2.2107232,-0.057225633,0.27777195,-92.256424,193.64459,2331.5347
14.409872,0.15491566,2.2095573,-0.04899713,0.2776356,-92.44734,194.13931,2330.681
14.407595,0.15558113,2.2424624,-0.057495058,0.28223634,-94.27176,194.60709,2331.2305
