12.691848,0.14546227,0.23295978,-0.22660103,0.43723226,47.56739,804.3305,1832.4908
13.681161,0.19014397,-0.360457,-0.24311084,0.43675986,54.549118,804.75323,1858.7908
14.453377,0.16832857,-0.89885926,-0.099792324,0.42947268,28.347958,800.5191,1884.882
14.542362,0.12105949,-1.2530026,0.0015369619,0.42197844,-16.596268,796.09375,1905.6635
14.357376,0.022062656,-1.374574,0.06666534,0.41848442,-40.161068,796.5001,1905.9355
14.275036,-0.11636278,-1.5567333,0.3078479,0.4082619,-84.93198,797.4223,1895.9329
13.514298,-0.32547188,-1.8849105,0.44179416,0.39324337,-116.1942,782.86597,1882.4824
13.538254,-0.4468484,-2.0648654,0.50288075,0.3813259,-122.125244,757.8562,1869.7096
13.070154,-0.6993454,-2.1354322,0.74934036,0.3598878,-159.74113,707.48425,1829.5723
13.065298,-0.79889715,-2.0671446,0.83971214,0.36025417,-183.7856,682.29877,1822.1819
13.193783,-0.97843176,-2.0002108,0.819591,0.36780864,-191.57307,661.0569,1815.1321
13.586405,-0.7216704,0.038123544,0.6288273,0.41588083,-300.86823,686.72156,1965.921
14.782954,-0.28584135,1.742853,0.22290696,0.4011928,-300.2719,764.4563,2101.9448
14.640133,-0.27318254,1.7499181,-0.03618619,0.4086175,-290.58856,768.55164,2110.0952
15.171272,-0.15052044,1.644523,-0.1952397,0.41709325,-285.36343,760.5379,2119.284
15.687755,-0.12178789,1.5482925,-0.036973942,0.41622114,-311.7723,758.6176,2108.4648
16.12942,-0.11369627,1.500338,-0.16202578,0.42042792,-312.40787,752.3312,2079.0144
16.465775,-0.10934134,1.4757574,-0.3423472,0.424887,-312.1178,742.71893,2036.155
16.772915,-0.13479863,1.4703962,-0.3652115,0.42531127,-323.28946,755.1544,1992.1038
17.078844,-0.12913916,1.4068117,-0.45355666,0.4284452,-330.81363,767.1392,1945.8783
17.17127,-0.123167746,1.3984015,-0.4471206,0.42853177,-342.44666,772.64355,1939.5039
16.370255,-0.07301936,1.200894,-0.4427513,0.43232453,-370.91785,787.46484,1928.6002
16.047016,0.025837436,0.87125725,-0.46147302,0.43736675,-374.7106,793.9822,1929.6703
15.741037,0.12681456,0.3341616,-0.3953392,0.44002604,-399.59406,797.7884,1930.4414
14.895315,0.14041023,-0.6178484,-0.13829786,0.43319768,-469.00412,808.621,1911.5293
14.400173,0.06088985,-1.1415504,-0.042371936,0.42523038,-491.9247,808.53143,1890.019
14.196127,-0.015069318,-1.4996831,0.072299734,0.41563755,-512.83966,806.93085,1866.5757
13.671581,-0.30626354,-1.8957614,0.48063946,0.39109597,-557.1742,806.347,1784.1831
13.721191,-0.3897635,-1.9814,0.5254638,0.38519725,-548.20514,805.9754,1757.8263
13.551096,-0.41224295,-2.0908403,0.5219873,0.37825188,-536.0247,803.953,1740.6173
13.183309,-0.46642432,-2.2062223,0.46572828,0.37165895,-469.70978,817.60565,1721.3627
13.263983,-0.4930545,-2.2412527,0.45344207,0.36877623,-433.35077,816.46216,1708.9469
12.887165,-0.5513433,-2.253952,0.5091509,0.36345404,-369.54803,815.40375,1692.3699
12.919842,-0.56784624,-2.2810678,0.508965,0.35916817,-343.88202,816.37994,1681.9824
13.054058,-0.6472168,-2.3697045,0.39843184,0.34961802,-288.0179,836.90326,1686.912
12.736572,-0.53394043,-2.3692389,0.29019758,0.31628084,-212.83447,855.9437,1698.4102
12.807554,-0.54407,-2.338134,0.27869114,0.3088326,-168.11375,849.2256,1688.6815
12.853942,0.18329896,0.75391936,-0.018591532,-0.6306025,-88.49272,825.95123,1712.4945
12.856866,0.17811483,0.9022476,0.020159908,-0.3921948,-16.468887,788.2471,1785.6238
13.79696,0.18488619,0.9413637,0.038508926,-0.2795844,27.610329,786.836,1824.6243
14.582877,0.14908491,0.96529585,0.073930256,-0.20127292,39.249634,786.7982,1871.1466
14.551881,0.11638973,0.9777215,0.08737302,-0.15125762,26.786072,787.8651,1898.0641
13.952803,0.045157522,0.99354434,0.092167765,-0.048315655,-8.485668,785.3514,1941.1575
14.54197,0.012691606,0.9952357,0.08535864,0.04536248,-38.407448,782.705,1970.1786
15.156188,-0.0018544135,0.99043953,0.08473975,0.108830884,-67.5844,773.0449,2001.4939
