15.330602,-1.5762757,-1.6522857,-0.43799335,0.42191905,-346.6223,763.40906,1876.3827
15.381898,-1.6218563,-2.071443,0.14871491,0.38903838,-353.067,716.7257,1848.468
15.204796,-1.1564835,-2.412303,0.09507869,0.34968355,-309.2884,743.3295,1844.2714
15.340671,-0.8122435,-2.5245466,-0.19883956,0.34831718,-297.71875,732.59607,1887.6578
15.569545,1.184274,1.7168425,1.1863339,0.35945252,-335.17023,574.6311,1856.7404
15.466101,-0.17110367,-2.1049798,0.34795678,0.26921606,-296.21292,663.964,1752.3926
15.522935,0.014687225,0.67210263,-0.18092929,-0.7178598,-299.55728,652.1416,1738.3156
15.198093,-0.44538382,-2.1117082,0.4276955,0.2759096,-243.41174,643.45276,1717.094
15.461949,-0.41439882,2.1635103,0.15047735,0.3759949,-281.50555,782.8328,1691.3811
15.582643,-0.6180232,1.9089445,0.2007957,0.3882634,-275.617,782.7791,1687.7385
14.75203,-0.8927585,1.3597915,0.26300356,0.40487966,-264.50455,783.0275,1700.9849
14.425363,-1.4356683,0.9289324,0.29170978,0.40647766,-260.72983,781.78174,1704.7562
14.262254,-1.6085905,0.77882725,0.16552721,0.41024446,-247.57738,779.2833,1713.2714
14.029791,-1.7955076,0.74489117,0.14690463,0.40756243,-251.00087,781.199,1726.9026
14.017827,-2.2405608,0.44470325,-0.002030003,0.4067331,-240.7704,751.9302,1744.6445
14.367352,-2.150864,-0.18063745,0.163755,0.41261044,-229.41104,747.528,1769.5933
14.374021,-2.3324528,-0.4501123,0.28375313,0.4059579,-218.19745,726.65546,1773.654
14.067683,-2.3899033,-0.4192908,0.30836985,0.40350327,-212.20663,721.2989,1783.3698
13.435688,1.607405,-1.0908635,0.6604701,0.38301972,-278.30316,775.84863,2156.9043
12.95091,-1.4665959,-0.42800468,-0.1257648,0.4294933,-155.8466,686.02966,1932.6973
12.892738,0.014697299,0.67638457,0.2780225,0.681899,-296.36945,791.143,2230.4316
13.275902,-0.3176918,2.3920288,-0.67871237,0.31960613,-170.76703,629.3358,2058.6895
13.967929,-9.4579067E-4,0.6595932,0.20628291,0.72275764,-336.4421,778.41516,2219.5557
14.203102,-0.05281517,0.7679722,0.193331,0.60831386,-351.03125,787.6522,2205.1816
14.68004,-0.0799652,0.6831917,0.18792261,0.70109546,-393.15125,788.0443,2179.1355
14.567005,-0.50779516,0.61512977,-0.20978512,0.5654593,-353.15872,567.5526,2003.3187
13.929076,-0.30659086,0.6558376,-0.14959808,0.6734201,-401.85446,714.1404,1984.8391
13.536822,-0.17756803,0.70776004,0.06390279,0.68077636,-458.7751,792.9414,2065.558
13.536861,-0.21334675,0.7163246,0.048260193,0.66259164,-472.68628,766.8456,2058.553
13.764837,-0.25168946,0.71996546,0.09850254,0.63921344,-527.17664,724.87634,2084.1191
13.734349,0.10254624,1.8828549,0.25489756,0.3983613,-560.2625,740.8043,2102.0886
