12.188213,1.3338991,0.45976776,-3.1081429,0.44643217,-411.2257,579.86206,2214.668
12.013569,1.4542574,0.28892007,-3.0997005,0.4431427,-380.34882,586.95325,2119.8125
12.159481,0.34615907,-0.2315486,-3.3008626,0.45440698,-23.202011,312.8933,1821.0453
11.401884,0.34072703,-1.3474896,-2.9839554,0.4364847,-21.132202,288.27866,1859.2646
11.348186,0.50083655,-1.4328402,-2.926796,0.4292956,2.4610062,315.10504,1913.972
11.1982565,-1.1772642,0.8827365,-2.6245573,0.38582242,64.56834,348.53928,2024.5382
11.734531,-1.5262876,0.24056931,-2.6263306,0.39549863,67.18067,347.17896,2026.4478
11.762974,-1.5673333,-0.15494147,-2.5877087,0.39807054,96.589005,364.4215,2050.116
11.510604,0.3324619,0.032504536,-3.4504354,0.4487107,109.62607,360.51013,2217.6094
11.534296,1.5205661,1.5198685,-0.5794687,0.32609412,103.15463,331.07,2237.368
12.208401,0.34277886,1.2451369,-1.4909194,0.30960602,101.6548,222.29803,2072.4485
12.621441,0.40801272,-0.5123168,0.7554044,-0.020524524,92.814224,200.95227,2205.0562
13.324163,0.1285098,0.070649445,-0.30608752,0.27623832,90.65331,173.89087,2211.878
13.972861,0.7281131,1.1810958,-2.3485217,0.37574846,-30.16056,153.01433,2057.6865
14.463237,-0.31291622,0.6839664,-0.55422217,0.35652652,-155.63463,171.31427,1823.1396
14.325278,-0.3409498,0.75188434,-0.52928644,0.19565023,-217.62375,197.33794,1800.6543
14.384266,-0.34300163,0.75654763,-0.5197639,0.19957705,-215.35,217.43015,1800.9363
14.800641,-0.36329573,0.73309636,-0.49696726,0.28915295,-214.17519,305.46262,1810.0789
15.232831,-0.4374741,0.72125125,-0.40352404,0.35437456,-212.2853,306.60327,1809.5234
15.181193,-0.45338437,0.68005145,-0.35967055,0.45012197,-207.95766,315.5699,1834.7513
14.408985,-0.7594086,1.7695099,-1.9012517,0.3414413,-189.09842,300.9439,1916.7782
14.844499,-0.44366357,1.7259765,-2.2546363,0.36314505,-227.04495,275.1098,1945.6055
15.059212,-0.49047446,1.6954069,-2.1220665,0.35170472,-231.65477,287.6476,1967.2997
14.864034,-0.16725877,1.6394771,-2.366445,0.3682497,-262.32327,323.5631,2064.5066
15.232346,-0.21392776,1.6085038,-2.521729,0.37930927,-270.4914,340.28018,2093.1562
15.411697,0.006014082,1.3222691,-3.1082528,0.42463997,-284.0424,346.01947,2124.39
15.683774,0.53793436,1.0390095,-3.2062492,0.44316912,-288.87497,348.44525,2126.4194
15.300118,0.7902914,0.22148013,-3.2776055,0.45207867,-288.7231,357.989,2131.9785
15.281974,0.81771976,-0.06193122,-3.2819917,0.4509827,-273.33057,352.7639,2138.148
15.485626,1.0969477,0.12989657,-3.2648504,0.4458552,-249.24928,328.1891,2167.276
