15.051339,0.31196174,1.8125602,-2.3038123,0.3738372,846.9358,85.65497,2356.0007
14.807703,-0.59953964,0.72940075,-0.31205827,0.105576485,808.6966,140.35434,2378.0168
14.686266,0.6184063,-0.47113436,-0.06561899,0.62553996,503.87305,233.57198,2240.216
14.552838,-0.25303525,0.77852184,-0.4918521,0.2965776,549.8651,142.40936,2245.9841
14.975424,-0.3379142,0.8496557,-0.35065028,0.20234527,525.52344,191.20897,2197.165
15.36089,-0.07427194,0.71854275,-0.6782952,0.1345204,546.9314,61.172638,2207.428
15.50519,-0.04182791,0.7190077,-0.6786486,0.14392532,526.1366,106.62256,2207.808
14.786164,-0.3820877,0.7314352,-0.48497406,0.28950238,475.39764,204.19873,2166.287
14.295353,-0.36416307,0.69393444,-0.48818287,0.38408038,469.89157,202.25954,2175.307
13.922403,-0.37399724,0.6883474,-0.45779493,0.42038995,458.66785,181.6805,2178.498
13.794447,-0.28510252,0.61159545,-0.5713351,0.4671657,460.32156,179.59425,2188.5889
13.731609,-0.43094602,1.3442489,-1.2361304,0.2650365,432.38,169.27957,2236.4153
13.318971,-0.18144228,0.65196145,-0.5717781,0.463783,395.57504,194.52448,2265.2786
13.399723,-0.15334821,0.7786527,-0.5309626,0.2970907,397.4839,201.9376,2303.2212
13.634093,0.025020968,0.7466938,-0.61351603,0.25577408,372.64517,197.69211,2375.1765
14.245837,0.056908444,0.7980091,-0.5570569,0.22277886,369.36185,217.64832,2394.413
14.470954,0.036025453,0.825879,-0.51854545,0.21848696,371.0287,231.0029,2402.7644
13.823042,0.059901275,0.79461724,-0.5269789,0.29544604,362.56342,244.15007,2421.997
13.656574,0.08393276,0.7758737,-0.53114617,0.3299379,362.334,245.53667,2427.544
13.912225,0.084516376,0.73491454,-0.5471922,0.39158428,366.57175,234.83865,2414.664
13.912666,0.17838188,1.3146836,-1.0675902,0.26274642,369.54584,230.5436,2416.6028
14.015023,-0.284395,1.6530496,-1.6934735,0.31550863,376.46036,237.06354,2370.9817
13.993132,-0.28007767,1.7565577,-2.226076,0.36128113,379.5802,233.27953,2378.4397
13.547861,-0.52620834,1.716696,-2.674681,0.4071059,391.73996,234.78172,2373.3237
14.175546,-0.63539517,1.5616944,-2.7786083,0.42345732,390.45193,282.00153,2372.3806
14.179103,1.1307061,0.59913784,-3.1697075,0.4472531,386.99152,247.13567,2392.4985
13.906087,1.4304641,0.22500682,-3.0977657,0.44462344,367.7596,240.68033,2394.5984
13.996185,1.1686099,0.28623477,-3.1874125,0.44835213,353.1717,247.09053,2391.639
13.726963,0.77692425,2.7097823E-4,-3.3436978,0.448969,323.43832,264.34705,2361.0942
13.4364805,0.6130454,-1.3916627,-2.3343732,0.3612088,237.2824,222.82394,2356.3518
13.533577,0.994713,-1.1785563,-1.9365522,0.33348656,191.94997,234.03986,2384.7227
13.298664,0.98339766,-1.4116627,-1.800233,0.32545936,176.20142,230.49454,2379.8816
13.270874,0.06880584,-0.30854312,-3.322056,0.42110285,263.23468,368.38843,2359.686
13.098637,0.7974303,-0.55458546,-0.23774709,-0.004023609,232.16806,223.15057,1974.5999
13.427125,1.2833886,1.5538907,-0.88251305,0.32396328,323.86993,92.78398,2152.3218
13.244598,0.75925493,1.1912363,-0.8471984,0.28941786,412.54984,101.33603,2140.2773
12.929927,1.8202294,0.6307376,-2.8200424,0.4271086,339.0441,155.13239,2150.5076
