13.787583,0.18815789,0.077752754,2.1123073,0.26755196,98.12602,221.65213,2599.6853
13.642581,0.16731039,0.0691379,2.1033804,0.26575089,90.17087,236.75488,2583.263
13.611572,0.1489317,0.061543263,2.0948691,0.2641367,83.272934,245.88943,2559.3254
13.6422615,0.13270311,0.0548371,2.086834,0.26268998,77.6986,246.54733,2536.5032
13.825108,0.11835083,0.048906285,2.0793056,0.26139325,64.267204,255.16275,2519.7595
13.565399,0.10563931,0.04365349,2.0722952,0.26023066,44.21479,258.57672,2507.6482
13.44579,0.09436549,0.03899479,2.0657995,0.25918818,12.569062,266.50946,2491.4255
13.14884,0.08435413,0.034857776,2.0598059,0.2582533,-15.788967,273.16904,2480.6338
12.9806385,0.075453356,0.031179693,2.0542943,0.25741467,-50.80348,277.12216,2465.0784
12.849368,0.060472973,0.02498933,2.044617,0.2559868,-140.52464,251.12598,2430.653
12.993798,0.05417863,0.02238831,2.0403965,0.25538066,-170.31999,253.57437,2416.5613
12.800224,0.048560813,0.020066854,2.0365508,0.25483647,-191.844,251.21756,2389.7046
12.285699,-0.39296645,-0.65149903,1.986167,0.2673581,-274.52063,210.02017,2314.8154
12.545349,-0.51328784,-0.88145566,1.8455347,0.26402414,-286.62872,202.52164,2275.01
12.659223,-0.58308655,-1.0305703,1.6955826,0.25851429,-286.62897,201.3182,2242.064
12.556358,-0.60947245,-1.1149899,1.5513439,0.25125387,-278.00864,208.97992,2215.2405
12.612598,-0.23764265,-0.45007145,0.5529284,0.65972114,-258.1373,215.54349,2189.4595
12.541958,0.27596915,0.5545897,-0.5069136,-0.59942466,-204.63036,258.68604,2146.418
12.846778,0.28385398,0.5572363,-0.5023452,-0.59712976,-176.28654,258.84073,2129.6594
12.711382,0.29473382,0.55881566,-0.49468842,-0.596775,-147.99812,280.56348,2122.8455
13.060419,0.2976617,0.5658042,-0.48494002,-0.59673804,-118.98776,272.28925,2105.3955
13.1845045,0.31427914,0.58450955,-0.47563335,-0.57736486,-60.013348,306.61646,2088.049
13.507623,0.3133856,0.6436416,-0.46731132,-0.5187823,-13.290024,315.55554,2059.753
13.719293,0.30839747,0.6500989,-0.46846977,-0.5126386,12.905746,320.9207,2042.9907
13.911143,0.30988565,0.6534802,-0.46861225,-0.5072841,39.58274,331.25415,2026.9253
13.942344,0.3244747,0.6662173,-0.46104017,-0.4881727,68.77457,325.76373,2001.2333
13.922816,0.40151426,0.68718606,-0.42861578,-0.42760968,143.8695,334.32147,1947.6306
14.067212,0.43731058,0.6963973,-0.40706065,-0.39760754,186.56717,341.5849,1918.2015
14.107097,0.46640265,0.7135476,-0.3822077,-0.35670108,228.29019,352.23352,1887.9885
13.889938,0.48147058,0.73902905,-0.34461775,-0.3213419,275.89297,349.97318,1856.3899
13.944816,0.5007242,0.7588696,-0.30734897,-0.28094283,331.9223,331.07132,1826.9854
13.617719,0.5291869,0.78085136,-0.24250437,-0.22676851,399.07623,301.92773,1803.7103
13.259834,0.5521984,0.79563695,-0.18104808,-0.17105646,465.58322,283.37778,1801.8181
12.926702,0.5672186,0.8072358,-0.14643164,-0.07204954,571.6887,256.90698,1855.946
13.114509,0.5827232,0.80150217,-0.13181174,-0.025565073,601.2925,243.66928,1893.1443
13.344234,0.59432083,0.794234,-0.12573105,0.012915125,620.64984,234.20581,1933.158
13.591689,0.6008778,0.78845465,-0.11521626,0.0633272,632.1262,231.37888,1972.1906
13.859838,0.60521233,0.7837234,-0.060969558,0.12561154,647.01666,224.21811,2016.0576
13.959827,0.60664874,0.7775947,-0.057018865,0.15515372,657.66754,221.28183,2057.6035
13.888838,0.61424947,0.77893,-0.056859206,0.112839416,656.1156,289.89465,2123.4688
14.180846,0.60442626,0.783622,-0.018557766,0.14234118,662.6242,300.98285,2152.9033
14.5629,0.59599674,0.7767162,0.026560206,0.20197612,698.43524,232.1942,2214.1816
14.809214,0.60735595,0.7586282,0.08225163,0.22099026,728.3884,189.54689,2268.0566
14.710362,0.65448457,0.6921907,0.17327678,0.24999425,775.52765,178.15439,2342.055
14.697908,0.5767367,0.66619223,0.2585218,0.39589038,823.42334,125.866974,2426.1997
14.614557,0.9964388,1.1509929,0.6065558,0.25164226,820.72284,107.19037,2471.5884
