12.428904,0.0037127952,0.03508847,-3.490607,0.43710583,-429.34653,323.6477,1994.4104
12.513646,0.0033293155,0.031464305,-3.4886386,0.43671095,-435.819,308.41028,2020.3053
12.48298,0.0026797566,0.025325539,-3.4849193,0.43602833,-429.82004,310.1311,2055.875
12.701916,0.0024052318,0.022731097,-3.4831977,0.43573445,-419.2273,304.73795,2069.5405
12.591818,0.0021593852,0.020407671,-3.4815805,0.4354685,-405.01456,294.3758,2075.364
12.346847,0.0019391367,0.018326178,-3.4800687,0.4352279,-388.05292,287.3264,2086.9272
12.38751,0.9901423,-0.9269861,-3.014584,0.41325086,-427.41107,262.0057,2113.1184
12.249755,1.3309242,-1.3218131,-2.1289973,0.3595719,-442.0337,275.8319,2105.3164
12.307381,-0.5348136,0.5605859,0.38541627,-0.50117135,-421.34686,302.37482,2059.6365
12.563925,-0.5845985,0.62769383,0.2895768,-0.42472377,-398.6419,316.31363,2028.2568
12.324769,-0.6476604,0.7591789,-0.038654126,-0.0518587,-319.8322,340.94547,1939.268
12.485094,-0.64037234,0.76528376,-0.06359984,0.014802188,-304.25824,334.65628,1915.6376
12.067279,-0.61509275,0.7458641,-0.21623196,0.13635021,-294.31763,311.2605,1867.9651
12.13258,-0.6219308,0.7413944,-0.21886498,0.12503839,-301.80978,302.49902,1848.96
12.24548,-0.61608034,0.7375816,-0.24392055,0.1300808,-312.86667,293.9666,1836.9164
11.9648075,-0.6147224,0.7397693,-0.25798765,0.09110521,-347.93518,275.54114,1818.8723
11.972553,-0.5400986,0.742865,-0.34668434,0.19040741,-360.59308,269.27832,1812.0853
12.096431,-0.5031183,0.7303532,-0.39467594,0.2401814,-357.8074,273.1358,1807.2523
12.07128,-0.45890585,0.6839201,-0.46664265,0.32234043,-358.0537,268.3802,1801.8016
11.83662,-0.7578281,1.2310992,-1.272008,0.27045864,-356.09045,274.13605,1804.9462
11.892342,-0.830394,1.4327716,-1.6604936,0.31097457,-356.53506,278.54007,1817.3478
12.776621,-0.74072623,1.5742424,-2.0175903,0.34225255,-369.10672,290.54102,1862.5426
13.173265,-0.6599417,1.5832183,-2.0782208,0.34618393,-373.88544,300.8406,1885.1624
12.669503,-0.47343007,1.5156041,-2.2413387,0.35563135,-388.5486,303.71307,1948.9227
12.601246,-0.6648613,1.5851939,-1.7923082,0.32334462,-392.46912,304.19812,1972.7089
12.656246,-0.70685685,1.6277647,-1.9041907,0.33444196,-392.2834,305.91824,1984.6157
12.54269,-0.748888,1.6999236,-2.0866785,0.35271707,-391.02646,304.10846,1989.785
12.218852,-0.7478431,1.7105486,-2.2796822,0.36925778,-371.24545,310.50793,1995.1134
12.237077,-0.65569174,1.6820349,-2.4964855,0.38515434,-363.8536,314.56873,1995.1532
12.330115,-0.5885968,1.6338629,-2.6067138,0.39153865,-353.72598,326.78445,1994.888
12.1815815,-0.44837007,1.5698427,-2.7641802,0.40135682,-343.54916,333.4922,1993.9622
11.984118,-0.11926425,1.4273081,-3.020532,0.42002717,-315.67966,320.8399,1984.3281
12.090105,-0.03910457,1.376682,-3.0711436,0.42366514,-298.83472,305.9028,1982.0507
12.107546,0.14754699,1.1348258,-3.2279344,0.43439895,-290.54346,297.287,1986.2175
12.148485,0.451663,0.46166122,-3.409915,0.446657,-296.45914,290.00775,2001.2596
12.556783,0.5432001,0.18276857,-3.421724,0.44780636,-302.18332,289.32336,2006.0989
12.426232,0.19034518,-0.50761575,-3.4361818,0.44231558,-331.04315,382.22107,1946.9309
12.462585,-0.05434992,-1.0287238,-3.2647533,0.42911893,-318.88654,377.12143,1889.656
12.478648,-0.04908796,-0.9291256,-3.3079782,0.43063772,-310.59576,372.57693,1831.9332
12.123802,-0.03988987,-0.7550259,-3.3704534,0.43265378,-266.38757,289.01453,1774.3384
12.086539,-0.035911724,-0.679729,-3.3925698,0.4332902,-252.39859,276.5975,1753.2628
11.338396,-0.032311644,-0.61158717,-3.4101133,0.43374893,-335.7682,275.43488,1755.6613
11.424433,-0.026128598,-0.49455616,-3.4348562,0.43428287,-378.1587,308.68945,1780.4537
11.546439,-0.023488086,-0.44457713,-3.4433646,0.4344144,-373.3673,324.60068,1783.789
11.708446,-0.0211119,-0.3996015,-3.4499712,0.43448365,-371.0438,333.6176,1801.429
11.60911,-0.018974936,-0.3591534,-3.455062,0.43450615,-366.69684,339.62036,1816.4579
