12.1203985,0.23046947,-0.16844699,-3.446856,0.4323321,698.7968,163.87238,2666.8765
12.093306,0.2075523,-0.15169714,-3.4502842,0.43248102,672.25287,159.13412,2673.708
12.212751,0.1868884,-0.13659418,-3.4530478,0.4325997,657.71936,156.18854,2682.3655
11.908756,0.16826338,-0.1229814,-3.4552724,0.43269402,632.4626,155.61911,2684.3508
11.960177,0.1514813,-0.11071561,-3.4570627,0.4327689,595.6537,159.25629,2684.995
11.731885,0.13636369,-0.09966635,-3.4585023,0.43282813,553.9668,160.25677,2674.655
11.959351,0.11048726,-0.08075361,-3.4605858,0.43291134,493.02588,169.26663,2654.7153
11.940855,0.09944754,-0.07268485,-3.461328,0.43293998,470.07053,169.0346,2643.7727
11.759762,0.089508586,-0.0654206,-3.4619226,0.4329623,431.82495,170.82635,2627.333
11.631655,0.08056149,-0.058881298,-3.4623978,0.43297946,395.657,176.44397,2620.109
11.496281,0.072507374,-0.05299466,-3.4627762,0.4329926,351.60114,172.57996,2609.106
11.621816,0.06525811,-0.047696274,-3.4630768,0.43300256,322.407,172.64563,2608.793
12.33367,0.052860033,-0.03863468,-3.4635053,0.43301553,249.6517,177.32507,2606.3918
12.611006,0.04757402,-0.034771208,-3.4636545,0.43301946,216.77148,177.60501,2597.578
12.536847,0.042816434,-0.031293944,-3.4637716,0.43302223,174.54462,180.66925,2589.58
12.758783,0.03853451,-0.028164346,-3.4638634,0.43302408,138.85152,189.07071,2588.212
12.915316,0.03121233,-0.02281267,-3.4639897,0.43302572,62.71216,167.99243,2588.9805
13.238339,0.028090784,-0.020531172,-3.4640322,0.4330259,226.02646,230.4578,2638.2454
13.075065,0.022753017,-0.016629871,-3.464089,0.43302542,272.83878,242.67874,2548.383
13.288802,0.01842953,-0.013469896,-3.46412,0.4330243,285.69568,227.96439,2489.7332
13.430349,-0.07396464,0.2973752,-3.430705,0.43062598,304.77432,283.04962,2498.9531
12.885227,0.08915725,0.57051736,-3.4220595,0.4345454,363.59753,298.96027,2486.5452
13.182936,0.19227889,0.7144292,-3.3887656,0.43511313,398.6029,258.07736,2485.9873
12.93085,0.3067443,0.8423765,-3.3440201,0.43489537,433.35614,217.3613,2481.1716
12.782387,0.4222286,0.93603456,-3.2999628,0.4345376,459.0583,200.51862,2475.3953
13.37997,0.8205254,0.922447,-3.2350957,0.43817005,490.8505,181.67938,2460.0159
13.371192,0.8029722,0.8266263,-3.2719913,0.44006044,498.68054,175.52496,2461.0745
13.222528,0.6508361,0.78456205,-3.3190107,0.4408186,509.5014,176.80801,2469.971
12.93361,0.5832523,0.703092,-3.357469,0.4407581,494.85788,205.90573,2442.63
13.175399,0.5224448,0.62979054,-3.387687,0.44056588,490.38556,202.17184,2413.222
13.34693,0.46785933,0.56398946,-3.4112608,0.4402814,479.8292,202.18704,2390.241
13.283702,0.41893882,0.5050174,-3.429505,0.43993515,475.6008,200.98566,2363.6113
