11.895803,0.0,0.0,0.0,0.43301272,-69.08934,31.36142,2144.46
12.038041,0.0,0.0,0.0,0.43301272,-101.87962,32.179733,2139.495
12.260557,0.0,0.0,0.0,0.43301272,-154.80576,31.025787,2127.6775
13.339634,0.0,0.0,0.0,0.43301272,-187.29776,31.55426,2111.353
14.19109,0.0,0.0,0.0,0.43301272,-114.478165,-6.8332367,2044.7383
14.911277,0.0,0.0,0.0,0.43301272,-128.35307,-27.457397,2065.8428
15.510977,0.0,0.0,0.0,0.43301272,-426.77167,-16.20607,2156.6118
15.550626,0.0,0.0,0.0,0.43301272,-636.58734,25.33171,2256.5288
14.707652,0.0,0.0,0.0,0.43301272,-744.65424,24.299347,2222.711
14.579572,0.0,0.0,0.0,0.43301272,-755.3514,24.611862,2196.0215
14.419519,0.0,0.0,0.0,0.43301272,-744.4559,23.31305,2166.9722
13.552944,0.0,0.0,0.0,0.43301272,-731.55383,-9.75769,2096.6277
12.955303,0.0,0.0,0.0,0.43301272,-741.88824,-20.494446,2055.9087
12.446059,0.0,0.0,0.0,0.43301272,-741.9825,-1.4172211,2014.1018
12.360686,0.0,0.0,0.0,0.43301272,-752.41565,8.752121,1958.416
12.184459,0.0,0.0,0.0,0.43301272,-762.1052,23.826462,1909.4149
12.326723,0.0,0.0,0.0,0.43301272,-771.87225,28.485474,1866.4363
13.203622,0.0,0.0,0.0,0.43301272,-786.4124,45.731216,1802.142
14.07017,0.0,0.0,0.0,0.43301272,-783.10645,58.76033,1734.3251
14.7729225,0.0,0.0,0.0,0.43301272,-787.0836,62.322693,1667.5219
14.606283,0.0,0.0,0.0,0.43301272,-767.42865,57.24214,1576.2225
14.242638,0.0,0.0,0.0,0.43301272,-740.38245,47.768433,1526.6143
14.1662245,0.0,0.0,0.0,0.43301272,-708.5865,42.49579,1491.376
13.945595,0.0,0.0,0.0,0.43301272,-613.8735,37.4115,1462.5175
13.745453,0.0,0.0,0.0,0.43301272,-560.50726,42.040802,1464.0074
14.212982,0.0,0.0,0.0,0.43301272,-444.11627,60.476944,1479.7056
14.875996,0.0,0.0,0.0,0.43301272,-358.12906,90.35446,1489.7644
14.762434,0.0,0.0,0.0,0.43301272,-293.495,118.14113,1476.8212
15.355234,0.0,0.0,0.0,0.43301272,-237.60852,109.104095,1451.1135
15.602248,0.0,0.0,0.0,0.43301272,-216.99417,106.98801,1442.5323
15.105325,0.0,0.0,0.0,0.43301272,-141.38208,111.69487,1449.7365
15.406835,0.0,0.0,0.0,0.43301272,-104.559814,105.426605,1444.3839
14.7825575,0.0,0.0,0.0,0.43301272,-161.43593,98.52103,1543.915
14.671669,0.0,0.0,0.0,0.43301272,-149.01758,99.835495,1569.1527
14.453173,0.0,0.0,0.0,0.43301272,-136.67412,103.142136,1588.7263
13.877324,0.0,0.0,0.0,0.43301272,-126.28964,111.62753,1638.088
13.888853,0.0,0.0,0.0,0.43301272,-124.092094,103.1584,1658.8157
13.713116,0.0,0.0,0.0,0.43301272,-120.91202,88.10756,1686.0507
13.283752,0.0,0.0,0.0,0.43301272,-109.65587,55.384872,1736.3468
12.961997,0.0,0.0,0.0,0.43301272,-102.974045,31.489258,1759.5968
12.838935,0.0,0.0,0.0,0.43301272,-88.18671,17.528946,1781.7039
12.96412,0.0,0.0,0.0,0.43301272,-72.15736,4.634369,1798.9222
12.339785,0.0,0.0,0.0,0.43301272,-11.036716,-16.09549,1839.7151
12.359014,0.0,0.0,0.0,0.43301272,-5.121784,21.817215,1845.7765
12.527128,0.0,0.0,0.0,0.43301272,-13.23669,11.942764,1861.5659
12.289771,0.0,0.0,0.0,0.43301272,-15.463266,18.055756,1873.4381
12.380954,0.0,0.0,0.0,0.43301272,-22.61209,-4.4551086,1871.2307
12.516719,0.0,0.0,0.0,0.43301272,-16.168158,1.8730927,1875.5496
12.321908,0.0,0.0,0.0,0.43301272,-20.156914,-0.68284607,1911.2938
12.506605,0.0,0.0,0.0,0.43301272,-38.402126,-15.783371,1903.4951
