29.132027,0.0,0.0,0.0,0.43301272,-419.45062,-1.5137634,2302.5964
27.1094,0.0,0.0,0.0,0.43301272,-405.4151,-6.0046997,2324.6836
25.73737,0.0,0.0,0.0,0.43301272,-568.75806,8.882874,2179.6147
24.165045,0.0,0.0,0.0,0.43301272,-583.29785,131.95325,2218.1172
22.922108,0.0,0.0,0.0,0.43301272,-624.49854,136.34999,2220.1306
21.647444,0.0,0.0,0.0,0.43301272,-635.2591,19.731155,2197.6055
20.79546,0.0,0.0,0.0,0.43301272,-765.0976,-56.961792,2057.9656
19.870249,0.0,0.0,0.0,0.43301272,-709.97766,-5.2221985,1988.926
18.930222,0.0,0.0,0.0,0.43301272,-662.93274,-22.123825,1872.6453
18.213667,0.0,0.0,0.0,0.43301272,-608.21387,-51.98207,1849.4557
17.749454,0.0,0.0,0.0,0.43301272,-495.19092,-17.301483,1704.0509
17.514673,0.0,0.0,0.0,0.43301272,-433.54156,189.1221,1650.6812
17.285948,0.0,0.0,0.0,0.43301272,-396.17917,18.758156,1647.5543
16.762753,0.0,0.0,0.0,0.43301272,-475.29007,-41.387115,1775.418
16.90836,0.0,0.0,0.0,0.43301272,-563.006,-113.222,1756.0831
16.632057,0.0,0.0,0.0,0.43301272,-522.5334,-44.854187,1803.4617
16.384007,0.0,0.0,0.0,0.43301272,-554.18463,30.941345,1778.5585
16.481213,0.0,0.0,0.0,0.43301272,-507.25854,54.828217,1694.0796
16.452705,0.0,0.0,0.0,0.43301272,-425.16125,26.394562,1593.4401
16.537577,0.0,0.0,0.0,0.43301272,-365.7831,17.263565,1519.4705
16.151167,0.0,0.0,0.0,0.43301272,-290.93332,-48.53044,1437.4576
16.085089,0.0,0.0,0.0,0.43301272,-250.69356,25.216705,1422.7982
16.190136,0.0,0.0,0.0,0.43301272,-218.52478,47.900696,1405.942
16.298235,0.0,0.0,0.0,0.43301272,-268.43652,-76.38684,1444.9917
16.49036,0.0,0.0,0.0,0.43301272,-223.80798,-57.100586,1413.1028
16.666834,0.0,0.0,0.0,0.43301272,-127.10588,74.625946,1434.9104
16.57911,0.0,0.0,0.0,0.43301272,-121.51259,33.70102,1340.7438
16.771145,0.0,0.0,0.0,0.43301272,-28.332962,271.5185,1611.985
16.764767,0.0,0.0,0.0,0.43301272,71.2455,279.2575,1546.2119
16.45125,0.0,0.0,0.0,0.43301272,130.34682,44.804855,1719.0752
16.005932,0.0,0.0,0.0,0.43301272,-159.01204,90.63124,2156.6582
15.452956,0.0,0.0,0.0,0.43301272,-160.54655,137.30513,2109.1482
15.008595,0.0,0.0,0.0,0.43301272,-135.48546,111.9657,1933.3966
14.860649,0.0,0.0,0.0,0.43301272,-136.05225,24.210327,2088.4346
14.291836,0.0,0.0,0.0,0.43301272,-210.69145,52.72821,2007.1855
14.907125,0.0,0.0,0.0,0.43301272,-197.5657,59.634155,1956.5748
14.97986,0.0,0.0,0.0,0.43301272,-132.57271,71.07114,1918.4917
14.51246,0.0,0.0,0.0,0.43301272,-94.72157,60.45929,1914.104
14.289075,0.0,0.0,0.0,0.43301272,-70.49362,82.32352,1896.3146
14.153904,0.0,0.0,0.0,0.43301272,-72.28313,19.958649,1876.0443
13.864415,0.0,0.0,0.0,0.43301272,-77.3805,7.0883636,1880.0748
