15.680644,0.0,0.0,0.0,0.43301272,-9.229172,36.31076,1832.9359
15.365334,0.0,0.0,0.0,0.43301272,15.046875,39.098297,1856.1769
14.595424,0.0,0.0,0.0,0.43301272,71.50736,49.289734,1934.9338
14.949952,0.0,0.0,0.0,0.43301272,127.60771,35.865265,2042.004
15.178907,0.0,0.0,0.0,0.43301272,155.64421,32.613403,2149.007
15.382682,0.0,0.0,0.0,0.43301272,152.00262,38.90515,2186.1086
15.737995,0.0,0.0,0.0,0.43301272,133.70886,39.54712,2231.3
16.065033,0.0,0.0,0.0,0.43301272,110.8835,54.965942,2239.8137
16.34399,0.0,0.0,0.0,0.43301272,48.6037,47.623596,2248.0237
16.555067,0.0,0.0,0.0,0.43301272,-44.65777,39.31305,2244.3906
16.295511,0.0,0.0,0.0,0.43301272,-126.319565,46.944366,2238.0654
16.476793,0.0,0.0,0.0,0.43301272,-194.50964,53.404175,2218.1484
16.654095,0.0,0.0,0.0,0.43301272,-240.1112,35.538605,2198.137
16.795853,0.0,0.0,0.0,0.43301272,-275.5443,-11.538239,2205.362
16.931675,0.0,0.0,0.0,0.43301272,-297.3618,-14.485748,2166.8962
16.998089,0.0,0.0,0.0,0.43301272,-301.9897,-6.1819763,2146.2468
16.513077,0.0,0.0,0.0,0.43301272,-254.7628,13.022034,2072.7695
16.181862,0.0,0.0,0.0,0.43301272,-237.94794,19.847809,2071.17
16.481892,0.0,0.0,0.0,0.43301272,-258.62204,-0.61608887,2089.918
16.517525,0.0,0.0,0.0,0.43301272,-303.86313,-20.346008,2127.6643
16.468004,0.0,0.0,0.0,0.43301272,-378.2015,-15.447968,2147.704
16.20836,0.0,0.0,0.0,0.43301272,-398.7794,-18.817383,2151.8125
15.278963,0.0,0.0,0.0,0.43301272,-407.80035,-29.505829,2137.7954
15.059878,0.0,0.0,0.0,0.43301272,-405.0003,-25.712677,2124.6404
15.409528,0.0,0.0,0.0,0.43301272,-392.40155,-8.626678,2097.0762
15.835348,0.0,0.0,0.0,0.43301272,-373.2888,-3.3190308,2073.8274
16.15215,0.0,0.0,0.0,0.43301272,-353.312,-1.4050903,2056.7122
16.290071,0.0,0.0,0.0,0.43301272,-354.87064,12.193787,2047.1064
16.399757,0.0,0.0,0.0,0.43301272,-324.0682,-15.227844,2031.352
16.55688,0.0,0.0,0.0,0.43301272,-282.9896,-0.25793457,1964.8888
16.72149,0.0,0.0,0.0,0.43301272,-283.15897,14.703522,1924.9462
16.856895,0.0,0.0,0.0,0.43301272,-272.29047,31.147552,1943.2423
16.92553,0.0,0.0,0.0,0.43301272,-323.46912,70.45926,1976.0298
16.932156,0.0,0.0,0.0,0.43301272,-353.71332,119.82309,1996.8865
16.437925,0.0,0.0,0.0,0.43301272,-400.3226,160.04459,1938.433
15.391608,0.0,0.0,0.0,0.43301272,-396.4423,141.53955,1889.7136
15.490215,0.0,0.0,0.0,0.43301272,-389.716,129.98334,1869.7659
15.156354,0.0,0.0,0.0,0.43301272,-377.27982,138.26367,1863.0226
14.3352375,0.0,0.0,0.0,0.43301272,-342.2522,138.43024,1859.0503
14.200051,0.0,0.0,0.0,0.43301272,-331.39066,142.23547,1869.2737
13.997001,0.0,0.0,0.0,0.43301272,-323.19363,144.29797,1876.8201
13.033248,0.0,0.0,0.0,0.43301272,-370.73065,77.88681,1859.0366
12.71848,0.0,0.0,0.0,0.43301272,-383.51273,65.54529,1869.4479
