15.248721,0.3061016,0.7419289,0.38336635,0.45702693,514.5814,444.77277,2607.8906
14.773747,0.31516862,-0.49909648,0.51776886,0.6192631,327.07245,211.5762,2578.8208
14.902486,0.045493137,0.25072917,0.64912206,0.7167327,458.43665,447.42612,2640.493
14.344129,0.07741199,0.27275413,0.6406409,0.7135768,453.14804,461.15594,2636.7441
14.58122,0.22764978,0.8125747,1.8199575,0.2508616,449.33545,466.16013,2633.7837
14.491479,0.0499905,0.27519655,0.6409006,0.7148525,453.60315,466.27966,2623.4055
14.751518,0.21041147,0.41367367,0.5674156,0.680177,443.03186,459.2088,2614.2031
14.918094,0.20743209,0.40714875,0.5732551,0.6801326,429.5151,469.22736,2610.3557
14.691273,0.16067159,0.48258993,0.64186394,0.57384855,335.42435,486.49298,2581.1174
14.506258,-0.03504861,0.6465013,0.6236886,0.43797266,174.77007,443.323,2482.1296
14.690824,0.11845217,0.7091561,0.5047821,0.4777674,179.72908,414.7211,2493.3083
14.594794,0.37960604,0.87204033,1.8732538,0.26365384,164.62013,488.17657,2514.5007
14.590601,0.20692371,0.35737574,0.61641496,0.6704459,124.56233,472.8902,2522.784
14.643593,-0.036432035,0.4010965,2.1326938,0.27861106,55.3913,454.63782,2518.506
14.485307,-0.37897184,0.1484019,2.1774232,0.28960508,27.338104,450.31415,2508.9922
13.809878,-0.5178229,0.20489697,2.14487,0.28907645,-27.738302,472.12946,2483.777
13.665919,-0.5130685,-0.08313139,2.1757557,0.29254767,-38.294437,468.60437,2471.212
13.887116,-0.65872246,-0.16859597,2.1265268,0.28675038,-56.093887,468.92358,2429.5327
14.085563,-0.5843265,-0.23350236,2.0944822,0.27682263,-51.304913,479.34375,2377.5098
13.943275,-0.8440312,-0.609036,1.9904487,0.28353685,-34.483788,453.17303,2367.759
13.518471,-0.60616565,-0.9149485,1.8396201,0.26836428,12.255177,455.28018,2345.9832
13.434845,-0.62969005,-0.7522395,1.9285269,0.2714451,41.449894,458.64417,2329.6838
13.617455,-0.9098799,-0.87256706,1.8454884,0.28011718,96.528244,488.3831,2301.1738
13.825498,0.32461813,0.5074995,-0.49289948,-0.62778777,126.14257,481.11322,2274.4802
13.594015,-0.9512861,-1.2423098,1.162568,0.25356454,146.10977,477.96396,2251.615
13.166429,-1.233023,-1.3688973,0.69322467,0.27220064,234.79997,492.5421,2216.437
13.502251,-1.2028677,-1.3473716,0.601043,0.2702583,265.86957,484.31244,2198.876
13.36882,-1.0377227,-1.3316659,1.0062274,0.25851607,286.361,461.25095,2168.4072
12.759254,0.99555016,1.0270209,0.24795586,0.26539525,359.8477,475.61032,2083.8164
