14.177436,5.014791E-4,0.0027479017,0.70819587,0.7060106,-6.3836823,561.3998,1830.4474
14.077731,4.0118376E-4,0.002198324,0.7079786,0.7062304,4.5821285,557.11475,1870.6559
14.572915,2.5675795E-4,0.0014069291,0.7076654,0.70654637,17.241995,552.31726,1937.5955
15.19645,1.6432525E-4,9.004353E-4,0.70746475,0.7067481,51.44086,551.8701,2002.9806
15.693428,1.0516823E-4,5.762788E-4,0.707336,0.7068773,64.66767,550.64185,2054.968
16.119226,6.7307636E-5,3.6881847E-4,0.70725363,0.70695984,59.42066,567.8723,2101.102
16.457294,4.3076932E-5,2.3604385E-4,0.7072008,0.7070128,51.482166,574.5871,2136.3716
16.751059,2.7569222E-5,1.5106804E-4,0.707167,0.7070465,22.94569,584.63385,2146.578
15.672027,1.7644306E-5,9.6683565E-5,0.7071454,0.70706815,-15.467567,560.085,2162.8328
15.38173,1.4115449E-5,7.734687E-5,0.7071377,0.70707583,-43.30851,543.83936,2175.448
15.214612,1.1292362E-5,6.18775E-5,0.70713156,0.707082,-91.93685,534.9439,2175.824
14.503464,7.227113E-6,3.9601604E-5,0.7071226,0.7070909,-251.12338,511.41315,2145.2888
14.88432,5.781691E-6,3.1681288E-5,0.7071194,0.70709413,-243.32101,520.3555,2154.6602
14.453366,3.7002812E-6,2.0276022E-5,0.7071149,0.70709866,-248.94574,522.59607,2178.6064
14.445535,2.3681805E-6,1.2976653E-5,0.707112,0.7071015,-379.54416,526.2059,2143.2705
15.135249,1.5156362E-6,8.305062E-6,0.70711017,0.7071034,-447.88086,568.7277,2112.0955
15.703429,9.70007E-7,5.3152407E-6,0.707109,0.70710456,-495.24228,603.8527,2135.458
16.125317,6.208045E-7,3.4017544E-6,0.7071083,0.7071052,-541.2091,601.3745,2179.5725
16.331806,4.9664374E-7,2.721404E-6,0.70710796,0.7071056,-562.3354,596.116,2187.9746
16.626766,3.1785214E-7,1.7416988E-6,0.7071077,0.7071058,-598.16815,573.665,2192.2478
16.869318,-0.69376343,-0.23358108,2.0519505,0.2742698,-638.5894,551.1037,2191.537
17.098564,-0.794026,-0.04834495,2.0933542,0.28739032,-671.66876,531.1037,2172.2493
17.258715,-0.7613784,-0.1722243,2.1040823,0.28781143,-674.4394,531.13043,2140.4116
17.409399,-0.715227,-0.35656348,2.0930622,0.28604,-674.9871,531.9082,2098.71
17.51417,-0.71534324,-0.46881998,2.07369,0.2859613,-663.2173,532.0294,2055.5847
17.590101,-0.7441243,-0.5642971,2.04095,0.28517964,-651.32996,544.2598,2012.8938
17.652414,-0.7619823,-0.68841964,1.9840336,0.2822129,-640.83167,562.9393,1976.6886
17.71624,-0.8898804,-0.7934924,1.8904376,0.28043926,-625.495,580.12146,1933.6641
17.686344,-0.9745522,-0.8808232,1.7863909,0.27722123,-616.78485,584.94464,1882.7526
17.671062,-1.0294673,-1.0477762,1.598469,0.2721551,-610.763,591.01495,1814.3063
17.728691,-1.0187662,-1.1132644,1.416597,0.263434,-608.1388,588.11145,1744.0277
17.704695,-0.4066444,-0.48404524,0.5171004,0.5770162,-594.50916,575.80853,1649.5824
17.693293,-0.40942165,-0.5055085,0.5090032,0.5636938,-580.94556,571.10657,1619.7455
16.36412,0.44923922,0.55575275,-0.45064592,-0.5350152,-520.54047,569.6908,1573.0884
15.424279,0.477067,0.60871303,-0.4857367,-0.4073516,-449.07883,557.49756,1510.6792
15.261706,0.49975744,0.6206215,-0.49112612,-0.3519468,-404.6583,546.7415,1505.847
14.49692,0.5420282,0.6283272,-0.4856376,-0.27489364,-324.99582,557.0263,1532.823
14.350504,0.59261805,0.63951576,-0.4204841,-0.25103116,-267.62384,559.818,1567.1376
14.435394,0.6813965,0.71004575,-0.11827851,-0.13245402,-174.48642,544.7827,1679.2887
15.042746,0.69625187,0.7146168,0.007259376,-0.06710808,-122.05842,552.97327,1750.0585
15.482396,0.69413114,0.7135739,0.084671125,-0.042721402,-85.7434,558.9507,1801.1536
