15.051339,0.26697487,-0.8823065,-0.29623726,0.4331993,554.40283,-67.61723,2239.5957
14.807703,0.31165573,-1.6767429,-0.27178147,0.41644448,550.2543,2.9014587,2247.926
14.686266,0.45414522,0.9052273,-0.1551262,0.43174022,534.9274,-18.870926,2302.652
14.552838,0.32873407,0.3060128,-0.008768668,0.4326059,492.26508,-96.08995,2241.1492
14.975424,1.1713355,0.2882807,0.005383272,0.42908394,457.16925,-68.992004,2315.0496
15.36089,0.3398942,2.4008436,0.25386184,0.35542578,457.39105,-86.48633,2370.4333
15.50519,0.12721623,2.409714,0.17793232,0.35413587,445.11264,-58.511017,2345.6113
14.786164,1.134838,0.8904983,0.03895864,0.42605397,435.04565,15.280228,2493.0332
14.295353,-0.18849562,1.2768977,-0.74115276,0.43560046,422.98413,11.821411,2494.278
13.922403,-0.22169402,1.1861496,-0.8785997,0.4390547,414.89066,5.9746704,2498.72
13.794447,-0.54154825,-0.022160841,-0.5050359,0.441671,322.6759,-23.678314,2475.0957
13.731609,0.5397171,0.55654454,-0.67477006,0.4434896,327.53152,-27.67572,2610.0967
13.318971,1.1162732,2.440669,-0.78746885,0.39462098,300.711,-37.35428,2605.1428
13.399723,0.40917203,1.3627572,-0.24778435,0.42723504,160.90398,-16.189316,2594.0293
13.634093,0.021160057,1.0786387,-0.27309623,0.4313127,112.291336,-16.562561,2588.7947
14.245837,-0.032593675,0.69248885,-0.30024347,0.43599436,94.88127,-26.537094,2595.2146
14.470954,0.05608937,0.20759009,-0.13564897,0.43552908,85.68391,-7.657837,2594.526
13.823042,-0.16467199,-0.22667864,-0.024927404,0.43325132,66.06189,0.08630371,2560.4749
13.656574,-0.0024725844,-0.39391488,-0.023145601,0.4325583,54.336075,12.347504,2546.1436
13.912225,0.050324183,-0.6557069,-0.12449919,0.43283996,45.485466,-2.858368,2516.5823
13.912666,-0.09251095,-0.6867904,-0.023839388,0.43077734,36.934498,-4.986603,2501.5676
14.015023,-0.056829356,-0.79448164,-0.042587742,0.43011972,41.18522,-9.555344,2431.1436
13.993132,-0.022112304,-0.9205169,-0.08874806,0.4296263,34.593918,-8.978851,2403.1118
13.547861,0.5096287,0.99306154,-0.18671247,0.43142846,36.673496,9.491745,2333.4907
14.175546,0.5523709,0.8373827,-0.17625028,0.4327581,30.70076,42.674088,2294.758
14.179103,1.1072404,0.2183833,-0.15504326,0.43282762,63.654804,10.151733,2242.3801
13.906087,1.0465927,0.084095865,-0.29863688,0.43580326,79.05264,12.961288,2219.1323
13.996185,1.0768573,0.00575355,-0.24419041,0.43436036,69.90348,4.968933,2198.4705
13.726963,1.2028602,-0.18354635,-0.26410982,0.4328987,70.70502,7.033081,2192.2244
13.4364805,0.6367411,-1.64491,-0.2856263,0.41401204,67.90696,24.95758,2093.474
13.533577,0.051662408,0.99024814,0.089221194,0.093696654,94.4229,10.735992,2159.9648
13.298664,0.018518288,0.9860321,0.082254075,0.14363754,98.070335,9.86618,2155.1306
13.270874,0.032421716,0.9624974,0.036485597,-0.26686382,9.41593,-112.720795,2074.533
13.098637,0.017748963,0.9567917,-0.13944985,-0.2545356,104.25481,-77.68115,2029.0186
13.427125,0.010078105,0.958439,-0.011941443,-0.284869,92.26715,-85.90796,2026.1486
13.244598,0.03202943,0.8670968,0.01143981,-0.49697727,58.517323,-127.32726,2030.5986
12.929927,0.07323475,0.9954147,0.058626097,0.01869049,220.64209,-1.547821,2067.8335
