30.417576,0.22704072,2.4168012,0.12801406,0.31858596,799.37146,-35.585724,2168.1182
28.57416,-0.5362397,2.3495083,-0.30712444,0.31885493,785.3401,-18.877792,2207.7427
27.244911,-0.08508952,0.98470235,-0.15188913,-0.0071216347,759.8326,-80.14604,2373.2227
25.870365,-0.1793551,0.9500071,-0.08230435,-0.24195918,714.2952,-18.972488,2361.5916
24.734789,-0.10104451,0.95941037,0.0032459104,-0.2632703,783.65173,-77.460464,2319.7078
22.624449,0.020141361,0.8744718,-0.16312471,-0.4563812,770.3097,-40.250366,2333.3103
21.866465,0.026565788,0.8813628,-0.12511541,-0.45479652,756.2035,-35.859726,2337.72
20.957022,0.011059507,0.92992544,0.008659978,-0.36747956,787.56824,9.778839,2404.2742
20.290623,-0.009978371,0.92689025,-0.03530706,-0.37353477,754.5725,-4.698044,2408.094
19.256687,-0.035179794,0.9477437,-0.06923638,-0.3094359,773.08673,-129.03531,2451.816
18.408367,-0.04348697,0.84280765,-0.002046807,-0.5364512,760.3952,-136.04369,2451.396
17.963076,-0.04644697,0.96988976,0.020249126,-0.23821503,746.761,-273.05084,2497.6274
17.301212,0.37751007,-1.8528785,0.35647735,0.39018342,707.6427,-89.83405,2400.1223
16.593206,-0.074636966,0.9923165,0.06509163,0.07416465,663.49945,-156.48048,2526.158
16.51691,1.4161516,-0.014998057,0.33676726,0.41823533,660.6822,-131.66501,2532.0154
16.233618,0.3128912,-0.7747223,0.849253,0.40515658,583.85425,-67.10213,2470.9656
15.992516,-0.39828908,0.5989711,0.014486667,-0.6945427,568.408,-179.10974,2637.205
15.697117,1.4197832,-1.8244537,0.24712142,0.3104281,595.0158,-101.249374,2710.5642
15.576211,-0.019216243,-1.1921928,0.39343846,0.4138379,515.2092,-119.980255,2446.663
15.492735,-0.031152535,0.7263337,0.03406132,0.68579054,413.8296,-2.5136719,2409.643
15.501484,0.034641013,0.73490095,0.02437064,0.67685056,407.42957,0.5327301,2400.113
14.989265,0.0677878,0.7663048,0.06867863,0.63518894,381.0078,11.835449,2402.746
14.492478,0.05652215,0.79133546,0.11976777,0.59686613,349.48807,-2.8158417,2423.3914
14.091963,0.06918214,0.81528306,0.10099169,0.56597537,344.43433,-70.68552,2360.0835
14.103549,0.4795544,2.1741138,0.5993125,0.36639157,354.22446,-107.629395,2432.5037
14.091093,0.31412345,2.2747688,0.6359618,0.33295056,264.98224,8.6931,2418.7014
14.147783,0.28470924,2.3104947,0.5522481,0.33179402,241.13995,-2.0839233,2412.9841
13.958994,0.40691364,2.304948,0.40767658,0.36245307,236.75371,-13.218002,2414.9692
13.347466,1.6286592,1.292869,0.12009952,0.41574988,194.34137,-20.395798,2422.61
13.216453,1.1126084,1.3212931,0.13219894,0.41855615,181.17574,-19.742935,2398.704
13.216382,0.01807871,0.99505687,-0.021250248,0.09530684,169.78458,39.815735,2468.887
12.984784,-0.050514635,0.98611474,0.12402433,0.0982042,168.41925,27.62181,2444.0251
12.723244,-0.014136394,0.9931074,-0.031705465,0.1119492,164.79068,21.388382,2435.0686
12.667747,-0.0030219506,0.9885781,-0.06240283,0.13714986,173.42056,35.50534,2412.2227
12.695408,0.34127694,-1.2281077,-0.20971814,0.42577755,196.70052,26.433914,2333.9958
12.842239,0.26188907,-1.2903361,-0.2092081,0.4250936,187.36856,22.62526,2305.6882
12.687887,0.21770981,-1.4214828,-0.22801131,0.42302185,191.17377,18.861618,2292.6455
12.445501,0.18054125,-1.7686405,-0.21922627,0.41350883,202.96416,13.754593,2275.2407
12.420484,-0.07275216,-2.1951683,-0.17135964,0.39531642,231.94855,1.1450958,2222.6765
12.245009,-0.11780465,-2.2509928,-0.10170274,0.38975754,228.88307,18.237717,2224.3096
12.199038,-0.13391948,-2.2856526,-0.11510718,0.38772622,231.54434,10.202927,2225.329
11.996367,-0.043373298,-2.4624188,0.021883793,0.34523723,232.51274,1.2024231,2227.7986
11.964453,-0.03275036,-1.118753,0.10375136,0.42262062,232.79088,38.211456,2222.7627
12.522725,0.024365947,-2.1006994,0.26753187,0.38442537,217.78679,34.312576,2208.63
12.739157,0.09752565,-2.201374,0.27366394,0.37431717,207.06836,48.721024,2211.96
12.868295,0.24560474,-2.2322612,0.4297564,0.3538871,198.93092,61.80484,2208.031
12.901506,0.24712159,-2.2772849,0.41846356,0.34058642,200.63269,68.93727,2202.6426
13.114257,0.4238772,-2.2982233,0.25627208,0.3320449,199.97815,66.10347,2195.0315
12.848733,0.59967405,-0.71802133,0.3228699,0.41955346,199.40825,40.352524,2177.2224
