13.796837,0.24115485,1.1165249,-0.113495134,0.42810583,164.98198,248.86282,2422.1426
14.09022,0.14109342,0.9907464,-0.1501009,0.4303423,167.8147,246.56044,2408.0813
14.276878,0.33491075,0.2962894,-0.34633717,0.43917534,164.55424,246.95932,2353.2412
14.049768,0.35648605,0.1681196,-0.23569353,0.4373225,154.4034,253.59845,2337.1313
13.914259,0.38756943,-0.34095946,-0.16266373,0.43475977,162.16393,241.99458,2284.9524
14.392989,0.2811502,-0.8596404,-0.11149702,0.4297099,154.2892,232.36365,2241.0994
14.764479,0.293608,-1.3931515,-0.08496553,0.4199263,151.92844,242.32779,2210.4385
14.295881,0.42665666,-1.0142014,-0.11285583,0.42681426,139.76952,247.25145,2169.7517
13.820043,0.5077352,-2.0852878,-0.013593768,0.38711068,115.83817,275.1902,2179.059
13.433805,0.2774631,-2.380138,-0.08635675,0.36425483,112.99582,256.75592,2168.946
13.092205,0.33862808,-2.4144459,-0.18846947,0.32705072,136.40335,200.33752,2168.8354
13.294574,0.13725838,-2.144379,-0.06383756,0.26992786,152.12035,267.77756,2140.4321
13.543719,-0.036882274,0.70880705,0.024796717,-0.7039993,171.22945,251.44751,2139.3613
13.84713,-0.028684614,0.73927534,0.027870959,-0.67221254,184.77034,249.30891,2141.7898
13.670457,-0.09605601,0.7936899,0.023475334,-0.6002293,259.12888,221.11508,2120.8855
13.324152,8.779631E-4,2.279935,-0.11019504,0.28812426,319.2486,30.8088,2149.4817
13.040797,0.053463854,0.7263886,-0.0060538766,-0.6851725,345.36243,228.29391,2231.5803
13.004518,0.0427817,0.7291195,0.0074182595,-0.6830053,352.72577,238.31233,2241.1333
13.230713,0.50034285,-1.3323325,0.16386247,0.4133963,401.70682,219.32137,2225.1812
13.117811,-0.2504795,1.9443516,-0.10083568,0.40271947,433.2289,176.43451,2167.4822
13.257645,0.0011634075,2.104769,0.1639855,0.38870528,453.78696,193.42847,2230.9836
13.56017,-0.035179667,2.0379407,0.13169305,0.3934507,476.59665,203.9098,2239.1687
