14.019824,0.22840326,0.6589378,0.17108008,0.4268518,47.8291,893.874,2695.7373
14.2453375,0.34438735,0.82358265,0.1439362,0.426076,47.699158,893.0697,2695.7986
13.885408,0.3190008,0.76785916,0.1619257,0.42618132,47.587032,891.9324,2696.3298
13.939715,0.30443224,0.79169476,0.15508784,0.4261097,47.745014,890.6914,2697.0786
13.893474,0.25945526,0.7746873,0.29646882,0.42286688,48.213787,889.552,2698.171
13.602039,0.15482119,0.74084556,0.24241318,0.42439073,48.711548,902.8861,2681.8867
13.820269,0.4879925,0.85347253,0.25405362,0.42315596,50.645737,895.2543,2695.3296
14.27461,0.78717494,1.0617737,0.1848297,0.42208654,48.571503,899.6756,2693.658
14.393276,-0.058091886,1.5196936,0.10834426,0.41374147,48.30045,896.0116,2695.155
14.065647,0.09720292,1.166562,0.12459046,0.42157,48.41169,894.2539,2696.5566
14.016617,0.15817603,0.894911,0.14740363,0.4250172,48.667366,893.94073,2695.981
14.371117,0.19849801,0.81639934,0.23366563,0.42390755,50.843708,892.88635,2694.4631
14.737368,0.32837987,0.6017426,0.1901831,0.4268514,50.351826,892.627,2693.3489
14.835027,0.3066929,0.58918643,0.21076468,0.4264618,50.383465,893.11694,2692.709
