12.356775,-0.15024982,0.65525365,0.46805334,0.4187831,-9.567604,-242.20253,2656.49
12.72924,-0.12801366,0.740039,0.4343306,0.41886657,-15.055134,-240.16522,2662.0425
13.051653,-0.02268154,0.76740164,0.37509862,0.42044884,-5.6554565,-236.91425,2668.6797
13.563004,-0.09939028,0.77605635,0.37394863,0.42014146,-7.6290092,-237.51547,2660.0889
14.159732,-0.047940392,0.89684796,0.3765416,0.41876587,0.5774956,-236.62038,2665.0032
13.751914,-0.04065703,0.9987509,0.35007146,0.4180479,-0.42770386,-236.58633,2664.247
13.755137,-0.0887418,0.92263603,0.3499826,0.41895762,-1.0598297,-238.247,2655.1575
14.296762,-0.062050667,0.643519,0.3851381,0.42132655,1.5612144,-239.79524,2661.17
14.699912,0.045074247,0.6272284,0.30665582,0.42366862,-1.2178993,-236.63629,2670.493
15.003229,-0.02626074,0.7095726,0.34903413,0.42170706,-7.9915543,-240.79128,2669.7334
