14.529884,0.0,0.0,0.0,0.43301272,-70.85914,128.1789,2512.208
14.498855,0.0,0.0,0.0,0.43301272,-58.241554,129.86374,2509.5066
14.332602,0.0,0.0,0.0,0.43301272,-59.52675,141.52087,2423.2122
14.474441,0.0,0.0,0.0,0.43301272,-66.90624,186.45453,2374.4126
14.282663,0.0,0.0,0.0,0.43301272,-74.87782,255.5415,2346.5645
13.607297,0.0,0.0,0.0,0.43301272,-109.431114,481.8651,2343.4143
13.569698,0.0,0.0,0.0,0.43301272,-118.500275,578.52295,2373.4878
13.622286,0.0,0.0,0.0,0.43301272,-139.07684,699.98834,2446.2043
13.62322,0.0,0.0,0.0,0.43301272,-146.77095,713.5775,2440.7534
13.3498535,0.0,0.0,0.0,0.43301272,-138.16403,565.787,2378.3596
13.638966,0.0,0.0,0.0,0.43301272,-135.99529,476.24918,2347.1812
13.554405,0.0,0.0,0.0,0.43301272,-122.715744,340.57913,2349.1743
12.969905,0.0,0.0,0.0,0.43301272,-97.40505,164.84843,2453.6943
