11.329082,0.0,0.0,0.0,0.43301272,-112.61299,123.785385,2469.159
11.435595,0.0,0.0,0.0,0.43301272,-74.01287,167.66925,2505.6584
11.346515,0.0,0.0,0.0,0.43301272,-124.70308,276.1639,2463.8533
11.515148,0.0,0.0,0.0,0.43301272,-138.77153,377.12918,2371.4688
11.442672,0.0,0.0,0.0,0.43301272,-144.27405,506.1978,2396.5918
11.644933,0.0,0.0,0.0,0.43301272,-133.98323,603.9087,2419.8647
12.257016,0.0,0.0,0.0,0.43301272,-128.482,655.40247,2503.76
12.083486,0.0,0.0,0.0,0.43301272,-129.29031,625.0113,2473.8264
12.054302,0.0,0.0,0.0,0.43301272,-139.93501,534.0307,2385.078
12.470322,0.0,0.0,0.0,0.43301272,-146.00755,351.0666,2304.2024
13.267103,0.0,0.0,0.0,0.43301272,-123.80622,222.10722,2370.1323
13.612312,0.0,0.0,0.0,0.43301272,-102.35016,146.56659,2433.1445
13.844849,0.0,0.0,0.0,0.43301272,-82.56459,100.35722,2515.0654
14.1566515,0.0,0.0,0.0,0.43301272,-7.8677826,321.15707,2610.721
14.364779,0.0,0.0,0.0,0.43301272,1.356842,307.64572,2597.8235
