15.891343,0.0,0.0,0.0,0.43301272,198.42921,-627.16797,2617.2102
15.19737,0.0,0.0,0.0,0.43301272,197.02972,-627.55,2613.488
15.056097,0.0,0.0,0.0,0.43301272,199.2847,-621.9156,2612.3687
14.447031,0.0,0.0,0.0,0.43301272,203.87004,-633.1182,2621.4502
14.794441,0.0,0.0,0.0,0.43301272,207.74278,-631.7765,2619.279
15.126466,0.0,0.0,0.0,0.43301272,202.2164,-626.83923,2611.812
15.253219,0.0,0.0,0.0,0.43301272,201.66515,-638.37036,2612.7327
15.549652,0.0,0.0,0.0,0.43301272,210.0967,-630.5745,2613.8013
15.690085,0.0,0.0,0.0,0.43301272,210.42531,-626.0015,2622.9407
15.342165,0.0,0.0,0.0,0.43301272,213.01805,-623.6183,2620.0093
15.426751,0.0,0.0,0.0,0.43301272,209.80754,-621.9884,2617.6226
