12.513727,0.0,0.0,0.0,0.43301272,167.64642,-661.9361,2657.38
12.5601015,0.0,0.0,0.0,0.43301272,170.05591,-662.5163,2661.4236
13.345743,0.0,0.0,0.0,0.43301272,174.27522,-657.4015,2655.1047
14.012146,0.0,0.0,0.0,0.43301272,170.0953,-657.5453,2652.0054
14.071447,0.0,0.0,0.0,0.43301272,168.60245,-655.24475,2646.9944
13.7703085,0.0,0.0,0.0,0.43301272,158.81056,-656.02814,2619.2263
13.62679,0.0,0.0,0.0,0.43301272,143.84636,-651.4801,2604.9497
13.911315,0.0,0.0,0.0,0.43301272,152.3991,-659.1306,2622.6548
13.591691,0.0,0.0,0.0,0.43301272,168.56322,-651.7074,2635.26
13.307657,0.0,0.0,0.0,0.43301272,167.44847,-656.2827,2635.0
13.321297,0.0,0.0,0.0,0.43301272,169.82568,-660.54315,2632.9172
13.242128,0.0,0.0,0.0,0.43301272,168.7045,-665.9502,2633.6187
