13.5378895,0.0,0.0,0.0,0.43301272,41.829277,-592.37195,2669.2905
13.200616,0.0,0.0,0.0,0.43301272,42.20797,-592.5832,2669.1763
12.955724,0.0,0.0,0.0,0.43301272,43.820297,-593.7705,2669.623
13.334023,0.0,0.0,0.0,0.43301272,44.97231,-586.79236,2673.132
13.316446,0.0,0.0,0.0,0.43301272,30.7911,-580.5722,2663.0015
13.386526,0.0,0.0,0.0,0.43301272,33.388214,-572.3112,2666.3943
12.963655,0.0,0.0,0.0,0.43301272,37.28186,-593.7138,2668.271
13.558232,0.0,0.0,0.0,0.43301272,34.19142,-589.7427,2661.4385
14.303783,0.0,0.0,0.0,0.43301272,29.886177,-593.96594,2659.2134
14.558902,0.0,0.0,0.0,0.43301272,35.22975,-594.8027,2661.8896
