14.634037,0.30100363,0.8432166,0.10618387,0.42671835,64.11953,595.47174,2684.6982
14.878522,0.42400777,0.81185865,0.17480963,0.42548034,65.71049,602.95935,2675.7334
14.869788,0.21092902,0.19902423,0.04744133,0.43176523,60.89399,589.9501,2696.8477
15.268873,0.3862076,0.6218137,0.14320813,0.42776898,68.409904,594.7259,2680.6672
15.411022,0.21307372,0.742893,0.21908607,0.42499873,74.22687,627.3773,2696.746
15.045385,0.5867258,0.9420397,0.23747489,0.422538,71.58062,613.11273,2661.2925
15.085599,0.33334896,0.69951344,0.17398834,0.42649633,70.89379,613.4513,2689.3442
14.885002,0.4182097,0.686676,0.19815516,0.42601615,72.92718,606.55493,2682.5623
14.700075,0.43272507,0.60951847,0.22871721,0.425843,76.74041,604.44446,2682.6975
14.299672,0.43952855,0.6249697,0.21548072,0.4260442,75.80156,601.134,2681.6094
13.942375,0.41663677,0.6680027,0.20413528,0.42601925,74.7441,600.36334,2683.0671
13.842075,0.378031,0.7125387,0.17638123,0.4263318,72.750275,600.10095,2686.9739
