10.024794,-0.113998584,0.82317966,0.11528446,0.4258527,163.71486,131.4509,2626.3096
9.880563,-0.084937245,0.79253215,0.093146004,0.42679444,167.45702,136.88571,2627.3755
9.819058,-0.015379794,0.7987592,0.12610415,0.4261816,163.78075,144.56287,2635.4614
9.81562,-0.015672667,0.49422625,0.12392783,0.4288068,166.08806,150.3021,2640.866
9.775099,-0.10454479,0.37663805,0.0919966,0.4300247,169.2069,161.52068,2634.135
9.953694,-0.06882058,0.44901434,0.09101775,0.4297179,169.20444,159.11333,2632.4182
10.065306,-0.022464594,0.3527775,0.09049356,0.43029615,168.7591,159.46379,2634.399
10.501882,-0.020965101,0.5673275,0.10754596,0.42866436,167.11072,157.18709,2630.8738
10.813574,-0.020529656,0.64751554,0.10161397,0.42816702,167.88258,141.41808,2638.1218
11.512673,-0.024200536,0.7064679,0.08889767,0.4279216,170.21855,136.13815,2639.5488
11.767103,-0.08393512,0.79395056,0.052363575,0.42769626,174.93542,130.39058,2632.3433
12.226862,-0.05597367,0.6523265,0.06933312,0.42876074,170.9102,133.32576,2629.5022
