14.06662,-0.42531538,1.0433462,-0.23309365,0.42888013,621.97675,814.87964,2483.9158
14.4244795,-0.43857756,1.0989745,-0.20823394,0.42738137,621.37805,815.99866,2484.9592
14.17434,-0.46983922,1.1742399,-0.22442484,0.42616877,622.01666,816.25305,2486.0664
14.052665,-0.37264097,0.71674633,-0.14418218,0.43155786,622.6082,816.33704,2483.379
13.886925,-0.30672568,0.65496814,-0.36052004,0.43660015,622.4811,816.8413,2484.9456
13.818726,-0.4080251,0.83741564,-0.37720257,0.4345773,622.50793,815.2764,2483.6328
13.681595,-0.42779705,0.84115916,-0.32762352,0.43349963,621.52454,814.9398,2484.2568
13.368435,-0.4453976,0.88012946,-0.35270646,0.43339545,619.2175,815.0722,2484.9229
13.324255,-0.5172044,1.0353755,-0.37746704,0.43122688,618.9698,814.68225,2485.4124
12.999703,-0.40743878,1.0074797,-0.25729346,0.43002403,618.86633,814.1888,2485.6882
13.23086,-0.3724121,1.3874007,-0.33684486,0.42491356,618.5573,813.6406,2484.5347
