11.893939,0.23043679,-0.37303624,0.6455979,0.6252569,63.971443,245.72806,2640.242
12.190904,0.25352928,-0.2951464,0.62576735,0.6760375,63.95419,247.15033,2647.2493
12.041206,0.18236405,-0.27046192,0.6363174,0.6990664,56.44655,274.6964,2523.2358
12.038075,-0.3734354,0.5559836,-0.5526541,-0.49598563,56.9762,269.87897,2583.9534
12.372431,-0.5629572,0.64986986,-0.25723833,-0.4411085,49.517555,261.01715,2593.4626
12.659003,0.40203142,0.32737803,-0.19370921,0.2821226,53.801765,511.0072,2396.5164
13.025106,-0.6640828,0.71631694,-0.029070973,-0.21222384,37.97094,351.70834,2498.096
12.550232,0.05932325,-0.65769374,0.6816533,0.3150687,43.54702,340.8716,2542.134
12.18533,-0.27971166,-0.35823926,0.81245434,0.36516276,65.642944,320.1756,2689.5825
11.937503,0.54664856,0.74999243,-0.3193446,0.1915876,89.03031,494.54852,2396.302
11.678885,-0.50131816,0.68100625,-0.2371089,-0.4782154,20.82901,220.96619,2552.4534
11.333601,-0.24761306,0.76484597,-0.4707221,-0.36348182,35.848732,253.25797,2524.3083
11.111939,0.12173699,-0.4322029,0.58761257,0.6731213,46.093094,242.5054,2568.0386
10.958467,0.20325181,-0.3461396,0.61338174,0.6801756,57.777836,217.05063,2591.0078
10.588751,0.18487981,-0.24309781,0.6532364,0.692824,64.02074,202.10995,2619.3025
10.389944,0.2249805,-0.33829248,0.6484606,0.6437707,69.09721,214.19183,2644.1333
