12.590239,-0.05501001,0.7896163,-0.19422323,0.43299904,297.00995,-306.58545,2437.516
13.185281,-0.1424948,1.0312825,-0.22964093,0.4304973,299.73532,-290.5265,2439.63
13.547607,0.21383907,1.3202425,-0.15457647,0.42560405,301.82095,-332.16568,2475.47
13.247047,0.074541,1.2478985,-0.1917125,0.4272088,298.76883,-335.03113,2458.7478
12.9197855,-0.21833338,1.6420556,-0.23588964,0.41753304,297.96906,-341.51935,2454.8367
12.596565,-0.18206277,1.3576247,-0.21363872,0.42433113,299.096,-337.6596,2455.36
12.456709,-0.18576963,0.9364381,-0.19333866,0.4308555,301.8686,-335.9168,2465.3428
12.422575,-0.16229194,0.658991,-0.1734136,0.4334929,299.718,-330.3919,2468.2273
12.313045,-0.101135954,0.49761313,-0.14171112,0.43422303,297.60345,-329.43097,2471.2163
12.094099,-0.18968357,-0.10995422,-0.098495886,0.43490538,309.12012,-302.54877,2429.132
11.889928,-0.22732475,0.5773416,-0.10964802,0.43268204,295.2549,-320.53485,2440.3625
11.846759,-0.19545844,0.9373922,-0.1257124,0.42941427,294.88873,-323.4709,2448.8972
11.887451,-0.18657717,1.0624648,-0.14059176,0.42801517,298.73532,-334.20807,2462.074
11.814551,-0.20935649,1.4494828,-0.14300714,0.4205617,301.34024,-337.17722,2467.297
11.642593,-0.18300597,1.4624541,-0.14604172,0.42050868,299.35904,-352.64282,2459.603
11.669871,-0.1833957,1.4618444,-0.14171651,0.42042258,298.75333,-346.63104,2461.7463
11.98377,-0.16475819,1.5355791,-0.16010387,0.41914946,299.94476,-339.22873,2465.777
