14.623011,0.95664954,0.48447064,-0.097119406,0.4321582,574.53876,-330.64484,2534.255
14.434059,0.9173221,0.52859837,-0.11197022,0.4324811,577.15594,-335.63763,2527.9475
14.90488,0.86264205,0.4827492,0.036413003,0.4297563,557.71735,-326.96826,2523.4395
15.094882,0.9068559,0.46824402,-0.06700496,0.43181026,573.33435,-329.6214,2523.9727
14.432409,0.92149305,0.03753739,-0.21165322,0.43477964,582.27295,-331.91357,2538.106
14.270466,0.91612417,0.13945098,-0.25221413,0.43576056,583.1586,-333.66357,2529.9365
14.15477,0.9483418,0.253994,-0.23955743,0.43540144,582.293,-335.50208,2532.9912
13.602582,0.9500475,0.3772919,-0.16884454,0.43389475,576.5391,-337.61646,2534.322
13.782259,0.99253154,0.42830703,-0.074584275,0.43167487,568.56036,-335.34967,2539.6301
14.063739,0.96693003,0.47986722,-0.074272625,0.43165413,571.2155,-337.15808,2537.3428
