14.970282,-0.092368715,-0.007028284,2.092329,0.26316443,87.12039,594.90063,2565.4177
14.982773,-0.03694277,-0.044206657,2.0856032,0.26193818,84.93838,594.0143,2568.5732
15.065006,0.058578607,-0.14235802,2.0808125,0.26205423,83.13893,590.58044,2570.93
15.315644,0.10497263,-0.07400683,2.1013253,0.26498738,83.6597,587.71564,2564.61
15.438862,0.17079318,-0.1240258,2.1298559,0.27127862,84.994995,588.35925,2573.415
14.682437,0.16666123,0.045674212,2.1463528,0.27346137,85.96248,588.1887,2557.2383
14.426505,0.09529757,-0.06338604,2.1612167,0.27610287,90.33715,590.835,2566.737
14.736895,0.07225022,-0.24526037,2.118645,0.27039185,89.61818,591.76074,2571.3203
14.761451,0.064729154,-0.37532306,2.045254,0.26152518,87.58732,591.26306,2567.7485
14.390222,-0.011071632,-0.2920583,2.074568,0.26353475,86.99053,589.3421,2563.1213
