15.929979,0.0,0.0,0.0,0.43301272,118.0264,-769.3656,2440.5862
16.061953,0.0,0.0,0.0,0.43301272,118.36217,-769.5094,2435.601
15.433563,0.0,0.0,0.0,0.43301272,117.03082,-768.84235,2429.759
15.338682,0.0,0.0,0.0,0.43301272,120.232124,-770.37866,2423.2954
15.294517,0.0,0.0,0.0,0.43301272,120.10565,-772.9053,2427.7053
14.973915,0.0,0.0,0.0,0.43301272,119.26527,-764.89453,2437.3896
14.522356,0.0,0.0,0.0,0.43301272,120.987045,-766.61273,2436.8394
14.462737,0.0,0.0,0.0,0.43301272,118.546555,-767.12976,2428.8816
14.752596,0.0,0.0,0.0,0.43301272,117.752815,-768.0211,2428.6006
15.276335,0.0,0.0,0.0,0.43301272,116.14532,-765.7379,2434.2297
15.465953,0.0,0.0,0.0,0.43301272,117.118645,-770.74976,2438.6274
15.63183,0.0,0.0,0.0,0.43301272,119.359924,-769.0704,2432.365
