14.06662,0.34876388,1.0318072,-0.12511082,0.4296467,663.8345,89.51047,2470.3877
14.4244795,0.33918393,1.0880657,-0.113958284,0.4286708,662.8782,91.70004,2471.2642
14.17434,0.31004652,1.1630106,-0.101825565,0.42730367,663.53973,100.60736,2473.8264
14.052665,0.27193475,0.70918185,-0.12631236,0.43289387,659.79694,105.20549,2464.328
13.886925,0.3060224,0.64480203,-0.12473567,0.43335226,660.5293,110.1629,2474.6802
13.818726,0.3160146,0.8256582,-0.11545402,0.43168175,658.57135,114.32057,2476.5088
13.681595,0.31492844,0.827826,-0.10304075,0.43140557,658.84845,111.83609,2477.9194
13.368435,0.40425757,0.85409313,-0.0036176504,0.42908293,653.0369,98.097595,2478.7695
13.324255,0.36505252,1.0150188,-0.026326997,0.42776912,654.6441,103.85991,2478.9924
12.999703,0.40169272,0.97574425,0.022770228,0.42719102,650.07983,107.21402,2478.2556
13.23086,0.24729365,1.3564633,0.03741273,0.4206815,647.1057,98.43591,2467.2288
