16.081741,-0.06800747,0.6645411,0.27342898,0.6920953,-230.25706,804.0248,2386.7578
16.042883,-0.08112852,0.6785302,0.25766128,0.6830993,-242.68394,800.46747,2385.074
15.511029,-0.11370043,0.6857906,0.2691282,0.6665827,-265.4666,793.82904,2383.2188
15.076502,-0.12866054,0.7021521,0.2673156,0.64727914,-292.91714,795.93274,2400.0093
14.861657,-0.13487604,0.684821,0.2508442,0.6707495,-301.63196,794.12756,2398.7996
14.580048,-0.1297559,0.67329645,0.25415647,0.68208426,-314.16302,791.89844,2407.7195
14.014949,-0.115384385,2.1547444,0.7148587,0.30870128,-350.37012,799.79205,2403.766
13.942977,-0.25055185,2.062469,0.7912919,0.34701297,-378.66644,800.49603,2396.964
14.25152,-0.40399706,2.0249798,0.78605574,0.3465571,-393.78183,799.12384,2385.662
14.5719385,-0.48831445,1.9962314,0.7830232,0.3474458,-400.2677,802.42615,2378.123
14.845185,-0.54744154,1.9202352,0.78378445,0.3564255,-404.23853,803.1929,2368.0889
14.676922,-0.5622292,1.7889911,0.7960597,0.36838636,-412.23645,804.39923,2339.0896
14.36799,-0.51990026,1.8049008,0.75126487,0.37116757,-420.24503,807.25165,2318.7913
14.085628,-0.6676171,1.7288918,0.6261288,0.37943703,-429.44986,806.04626,2272.0825
14.067654,-0.75365186,1.6788697,0.59518224,0.38180065,-434.22662,806.38885,2248.4165
13.848599,-0.6144451,1.6244091,0.31680888,0.39823407,-408.39624,806.9669,2230.5542
13.525997,-1.1395558,1.5956507,0.002135411,0.39917386,-410.41888,847.7145,2132.365
13.329904,-0.8259304,1.4505552,0.064808026,0.40879965,-406.73962,827.3661,2150.5303
13.335851,-0.9625015,1.3085029,-0.03339827,0.41352722,-401.758,824.3354,2125.4944
13.232475,-0.72734797,1.2786056,-0.023186764,0.41706333,-405.1524,824.9653,2127.1802
12.968088,-0.7768332,1.1252797,-0.08671552,0.42137995,-401.82294,820.298,2112.6204
12.837825,-0.6555378,0.82665175,-0.24936816,0.4307446,-391.2654,814.27344,2093.04
12.859081,-0.6723258,0.5967384,-0.1673397,0.43159744,-397.0985,836.47864,2079.8022
12.816518,-1.7713119,0.32778063,0.07778278,0.4171821,-426.1375,802.6946,1965.0739
12.59639,-1.2590092,0.19083455,-0.02277279,0.42737684,-417.79135,824.71814,1999.8549
12.44933,-1.6415001,-0.21290003,-0.014534784,0.425138,-418.30283,801.29785,1947.5546
12.473461,-1.5495254,-0.31275967,-0.07774544,0.42769912,-419.62552,820.5677,1937.4817
12.5310755,-1.4416325,-0.3862523,-0.23002015,0.43185455,-418.6875,818.1192,1928.0168
12.351449,-1.4603153,-0.6266608,-0.194552,0.43049657,-417.3468,816.17596,1920.1335
12.651515,-0.83819324,-0.6960947,-0.076720536,0.43120882,-435.44638,782.9723,1974.7278
13.108014,-0.15421176,-1.6890352,0.51820964,0.3973968,-500.8045,793.2545,2000.9679
13.819003,0.04670142,-1.9391341,0.6756188,0.37575716,-519.35046,793.7373,1981.0664
14.182831,0.019781461,-2.040125,0.6078041,0.37214336,-498.92685,800.8203,1969.3475
14.002223,-0.017231278,-2.084349,0.6391007,0.36666766,-490.4917,806.879,1947.1571
13.780615,-0.079794906,-2.0733354,0.58315957,0.37243265,-468.4328,810.4361,1918.155
13.7439165,-0.148422,-2.0354493,0.5335448,0.3791108,-445.19827,805.2399,1892.9551
13.571524,-0.22686051,-1.958526,0.54930377,0.3841955,-421.0391,803.1258,1866.1943
13.2636595,-0.171102,-1.9092101,0.55472744,0.38623738,-402.16827,795.6394,1856.6012
13.10161,-0.17296521,-1.7895299,0.59212446,0.3906072,-375.28745,793.301,1854.833
12.974543,-0.12960587,-1.7803645,0.59630245,0.39049655,-334.6046,784.04596,1865.373
12.851314,0.08133975,-1.6427475,0.6569143,0.39193812,-323.5872,777.8894,1881.7478
12.840036,0.2187569,-1.305926,0.8585281,0.39419505,-323.7573,774.7367,1892.7294
12.628414,0.11150912,-0.30360377,0.6830226,0.41552427,-259.44025,759.6185,1907.2834
12.581437,0.009396394,0.71256113,0.54256535,0.4166435,-215.57938,749.92664,1919.0895
12.7211075,-0.0011756779,1.3697356,0.33578277,0.4116045,-173.7056,755.2488,1932.0602
12.417932,0.089076035,1.9299756,0.22456683,0.39713392,-119.42031,755.38635,1957.4801
12.453874,0.13763946,1.9323828,0.15705441,0.3996727,-84.337906,774.7572,1968.9259
12.823706,0.1637224,1.9330411,0.16845328,0.39948955,-64.58964,786.0515,1977.1504
12.6536875,0.15260583,1.9517787,0.13605419,0.399593,-43.64153,790.78455,1986.6643
12.561194,0.21313709,1.916063,0.099110015,0.40275094,-24.319693,789.87115,2002.2207
