14.074353,-0.43697104,-0.88680166,1.7604504,0.25239345,-548.4501,255.91467,2292.6304
14.408556,-0.40541503,-1.058526,1.6763537,0.25299287,-587.196,267.03406,2263.7034
14.120588,-0.24364765,-0.44191444,0.56766665,0.6504628,-577.61414,277.86627,2207.6912
13.762336,-0.2605588,-0.46023354,0.5957249,0.6044883,-556.6032,277.57376,2171.6663
13.440496,-0.28582457,-0.5020813,0.59090286,0.5630741,-543.7562,278.79718,2135.7537
13.361295,-0.2943643,-0.5173336,0.57332283,0.5630421,-532.38873,287.80823,2106.5852
13.3771305,-0.29109082,-0.52088267,0.5544566,0.580108,-520.711,302.39493,2083.074
12.883495,0.32397932,0.55269295,-0.50167495,-0.5812831,-487.08826,327.76794,2020.6765
12.771012,0.3490699,0.5700288,-0.47026217,-0.5762558,-462.25223,351.86115,1989.2661
12.835987,0.38745812,0.58987033,-0.43596745,-0.55844563,-437.34515,350.1019,1949.9822
12.584856,0.41562602,0.61962765,-0.41207626,-0.5229817,-404.59512,345.4511,1904.465
12.606301,0.43168128,0.64773464,-0.391657,-0.49060777,-372.56143,345.49283,1867.5515
12.570461,0.45425668,0.6732076,-0.37380776,-0.44800687,-331.96228,348.36328,1827.7712
12.372419,0.4603811,0.7121208,-0.35439312,-0.39413035,-261.63165,395.49435,1781.9761
12.514832,0.44937357,0.720303,-0.3592348,-0.38752705,-231.27792,429.04044,1767.2654
12.44718,0.44848374,0.7288105,-0.3633403,-0.36834952,-197.82132,445.75748,1747.9254
12.059617,0.43061122,0.6918917,-0.45541745,-0.35840604,-83.84419,403.9209,1689.8138
12.249995,0.4438858,0.6763473,-0.4753532,-0.34577304,-33.80745,376.3071,1676.8281
12.044645,0.4935875,0.66889524,-0.45933074,-0.3129948,41.025444,345.4046,1683.5253
12.10084,0.52712274,0.6812369,-0.42546895,-0.27755,77.56503,337.72568,1701.1736
12.85818,-0.44899634,-0.5541812,0.5720332,0.40504745,34.645775,359.75446,1783.7643
13.374995,-0.3780942,-0.46666902,0.63127995,0.4906634,-19.300652,337.21454,1889.4293
13.247961,-0.3450582,-0.4258938,0.65209144,0.52376133,-33.45661,332.01056,1945.9939
13.244108,-0.31405836,-0.38763177,0.66843665,0.55163544,-47.18552,321.1738,1993.9995
13.149494,-0.28522384,-0.3520422,0.68116605,0.57508844,-55.532646,306.77365,2026.8732
12.763112,-0.234105,-0.28894794,0.6984811,0.61141485,-76.60543,285.72797,2091.0513
12.7947,-0.21170272,-0.26129752,0.7041253,0.6253905,-86.7492,274.11957,2113.5642
12.673487,-0.19126928,-0.2360772,0.708306,0.63717055,-103.62686,282.18195,2160.2903
12.575448,-0.17268068,-0.21313387,0.7113362,0.6471138,-107.85436,292.2473,2206.007
12.543986,-0.1405121,-0.17342928,0.71490103,0.66264254,-121.317665,264.7001,2219.1697
13.511145,-0.11415608,-0.14089894,0.71628773,0.6738308,-128.13564,230.94,2212.4165
