13.131502,-0.12818442,-0.45306346,0.63862884,0.60865045,-597.5212,305.17462,2055.7983
12.983717,-0.13137254,-0.4640275,0.6435494,0.59436005,-592.20685,308.21393,2037.4462
12.711526,-0.12152233,-0.47821072,0.6400872,0.58892703,-578.5693,311.27295,2023.4716
12.543346,-0.08662306,-0.48046157,0.64618534,0.58659834,-565.3358,308.97195,2026.6417
12.342924,-0.19548096,-0.41662675,0.6583119,0.5956801,-483.48505,261.10428,1919.817
12.316273,-0.2179561,-0.44763896,0.66840917,0.5525791,-472.93347,258.54367,1903.1799
12.4150505,-0.21589682,-0.48512754,0.6454352,0.54904747,-460.26483,281.85675,1893.7302
12.290291,-0.2532404,-0.5042214,0.63960475,0.52204967,-428.27756,283.9679,1865.7936
12.094596,-0.27187145,-0.57064474,0.604429,0.48488772,-415.79422,303.98395,1852.8425
12.047082,0.36121884,0.6124305,-0.56744087,-0.41528398,-365.30765,284.13696,1821.1642
12.117035,-0.39817494,-0.5445656,0.5997064,0.4304151,-343.58453,294.84766,1826.4619
12.147103,0.35918748,0.6322973,-0.49605155,-0.47446537,-290.03842,290.1645,1749.8718
12.229174,0.4207584,0.64664584,-0.48570967,-0.41097158,-264.90637,288.58893,1812.9263
12.51961,0.42072505,0.6679127,-0.46557516,-0.4001535,-255.3183,304.15393,1811.7446
12.824296,0.3831396,0.6950169,-0.4839202,-0.3687502,-251.75708,297.50507,1812.3119
12.581881,0.5319664,0.6433508,-0.46396214,-0.29639593,-132.90231,286.1775,1780.9141
12.525215,0.50051004,0.6889304,-0.4257161,-0.30599076,-108.98963,297.5943,1781.6353
12.57738,0.4076791,0.6453958,-0.5531648,-0.33357266,-146.16663,299.81802,1792.3132
12.274505,0.6021818,-0.15869528,1.967371,0.2582239,-174.84126,198.91986,2140.1506
12.243875,0.8757088,0.87125987,-0.3762781,0.2891068,-179.10098,27.331726,2009.931
12.3859625,0.6701773,0.7421726,-0.0064792433,3.754434E-4,-170.45825,150.01584,2084.327
12.6750555,-0.14993154,-0.28332794,0.7119763,0.62476844,-155.99733,168.82047,2106.7993
13.325438,-0.18014577,-0.14899656,0.73775893,0.6332923,-112.89397,329.92508,2148.757
13.980547,1.7807798,-0.6139654,-2.7440748,0.41787142,-54.11466,256.2383,2109.3484
14.02639,0.37559187,0.38872114,-0.05413274,0.25362727,-58.238113,304.12677,2151.1702
14.325651,0.37476236,0.37261122,-0.025257546,0.25639135,-65.45432,314.812,2138.4512
14.130453,0.34381253,0.31369758,-0.0042907214,0.26372495,-64.294525,324.44177,2148.6184
13.74414,0.324387,0.29054317,0.009910252,0.2644893,-74.638535,279.06555,2138.289
13.645208,0.42700365,0.38907537,0.026172005,0.26368427,-80.01294,302.3819,2119.9468
13.940358,0.48928878,0.45990035,0.066410415,0.2598047,-77.478294,330.00482,2108.7937
13.758865,0.4482357,0.42038372,0.06863908,0.25888184,-77.27997,303.55237,2130.0938
13.6860895,0.48478845,0.45130414,0.07587175,0.26010337,-78.29498,293.0928,2145.0276
13.318111,0.49550438,0.46029404,0.083996706,0.26012588,-86.6212,281.9063,2190.917
13.147653,0.5981838,0.5652764,0.08507578,0.26137373,-105.938065,269.41772,2222.3342
13.05022,0.6563295,0.7122282,0.077588856,0.23652145,-120.06356,245.38776,2245.26
13.432446,0.65892595,0.7133678,0.0862366,0.2224547,-132.1269,256.09634,2283.7744
13.789066,0.6578403,0.7089398,0.09970226,0.23390138,-137.5235,265.52023,2295.6855
13.510614,-0.17666857,-0.2812192,0.7219143,0.60707796,-148.57298,223.91397,2308.3154
13.300685,0.041499697,-0.18952751,0.7205427,0.6657141,-137.49608,292.30023,2410.7336
13.284071,-0.5617709,-0.17521855,2.025003,0.26407203,-86.363625,272.24005,2252.2488
13.214436,-0.5706119,-0.10927218,2.1100888,0.2779275,-119.99947,270.202,2223.9692
12.952683,-1.1792498,-1.274406,1.5422267,0.29047245,-188.72049,260.4591,2239.5864
12.7761965,-1.4677941,-1.4942218,1.1302413,0.29875532,-158.14783,253.98859,2185.346
13.488879,0.276824,0.20638104,0.031045724,0.27824238,-62.55631,186.58405,2283.7117
13.354326,1.4745693,-0.029976701,1.8630763,0.32110706,66.95886,345.37976,2643.9563
13.146,1.7304372,-0.11789146,1.6435913,0.3409366,45.836266,347.44992,2634.4897
13.074632,1.8421148,-0.14031872,1.5620319,0.34184176,10.47879,375.37146,2604.1904
