14.074353,0.58115137,2.401025,0.3195897,0.34997988,-277.25897,-180.46696,2165.9092
14.408556,0.6402003,2.3778083,0.3620378,0.35256964,-272.15717,-184.4011,2166.2466
14.120588,0.7166091,2.3310206,0.3455267,0.36500925,-259.8796,-187.58177,2162.6157
13.762336,0.74649704,2.2923348,0.27875808,0.37456712,-271.79886,-197.34862,2142.0234
13.440496,0.65440786,2.2890842,0.19447462,0.3792102,-268.01736,-234.43224,2097.749
13.361295,0.6433501,2.298364,0.15050587,0.38039106,-256.9624,-257.7712,2092.1357
13.3771305,0.615536,2.3323886,-0.023967888,0.3847024,-252.37102,-270.8709,2083.564
12.883495,0.8477569,2.2633245,-0.054191243,0.39161962,-233.46078,-270.74246,2082.8184
12.771012,0.45634088,2.2405612,-0.25678462,0.3984395,-195.03743,-260.78943,2056.1401
12.835987,0.085272454,2.0521932,-0.6824249,0.41499683,-197.6164,-256.39868,2052.2273
12.584856,0.07893603,1.8996986,-0.63171524,0.41986832,-175.08748,-255.25285,2058.377
12.606301,-0.39477226,1.4681118,-1.0688406,0.4351993,-167.98027,-237.67989,1994.3931
12.570461,0.2327597,1.3290555,-1.3222698,0.44417048,-121.992096,-236.86113,2033.2344
12.372419,0.12665139,0.91524535,0.17115273,-0.3420411,-115.6878,-190.97139,2087.4978
12.514832,0.12840256,0.93334264,0.18937384,-0.27662578,-107.09044,-234.51828,2100.909
12.44718,0.14180116,0.93511343,0.21195245,-0.24603125,-82.88979,-247.89444,2112.424
12.059617,0.15809597,0.92107236,0.19961807,-0.29459116,-8.039827,-178.60968,2060.2202
12.249995,0.15063773,0.8776204,0.190201,-0.41341785,45.053635,-129.4368,2042.3298
12.044645,0.09431398,0.9174078,-0.0016767359,-0.38660705,-15.645782,-130.71078,1917.1925
12.10084,0.019715957,0.9392135,-0.089248784,-0.33094394,-34.556107,-150.73444,1910.2914
12.85818,-0.7147621,2.2979305,-0.062388442,0.3413185,-1.5403976,-235.799,1862.8376
13.374995,-0.55334866,1.9262998,-0.15832268,0.25166464,41.75572,-265.32538,1874.6367
13.247961,-0.16635424,0.6973722,-0.07077124,0.6935343,56.04771,-262.9872,1895.3221
13.244108,-0.073041,0.7289863,-0.041623827,0.67934626,98.460976,-253.4615,1958.5764
13.149494,-0.00146399,0.7214498,-0.044220746,0.6910517,108.22016,-257.24927,2002.3912
12.763112,-0.036606986,0.97298867,0.14185123,0.17841293,51.877224,-234.49739,2136.7861
12.7947,-0.046231706,0.9568177,0.15882856,0.23903139,40.65619,-245.55257,2147.0881
12.673487,-0.056052756,0.94310665,0.16968696,0.2803821,14.634483,-232.89848,2122.6519
12.575448,-0.05704464,0.9438711,0.18461923,0.26789734,-9.262222,-157.63101,2181.5945
12.543986,-0.041086927,0.9331314,0.19931212,0.2963988,-12.4633255,-186.61707,2195.2773
13.511145,-0.032736152,0.9079267,0.21018034,0.36113933,7.3639374,-249.26434,2177.6868
