15.003197,0.0,0.0,0.0,0.43301272,-26.801144,14.699249,2168.769
14.819751,0.0,0.0,0.0,0.43301272,-39.43607,-3.31073,2138.4949
14.381014,0.0,0.0,0.0,0.43301272,-46.067608,10.783813,2070.4766
14.031614,0.0,0.0,0.0,0.43301272,-75.59445,-1.1796265,1995.8689
13.856398,0.0,0.0,0.0,0.43301272,-68.82477,13.324036,1949.8943
12.823696,0.0,0.0,0.0,0.43301272,1.9979782,42.260468,1858.4615
12.769982,0.0,0.0,0.0,0.43301272,14.014839,20.901993,1866.2214
12.531067,0.0,0.0,0.0,0.43301272,44.03988,51.285965,1909.6953
12.367233,0.0,0.0,0.0,0.43301272,73.977516,-1.3879395,1946.1371
12.360692,0.0,0.0,0.0,0.43301272,81.41707,12.22287,1988.1014
12.126694,0.0,0.0,0.0,0.43301272,88.90735,-9.33313,2031.9067
11.943337,0.0,0.0,0.0,0.43301272,65.32675,-4.8475037,2069.625
11.875372,0.0,0.0,0.0,0.43301272,108.04088,21.903198,1964.856
11.960651,0.0,0.0,0.0,0.43301272,51.230167,-143.26096,1742.6102
12.458546,0.0,0.0,0.0,0.43301272,84.81342,94.82919,2338.7246
12.919225,0.0,0.0,0.0,0.43301272,98.5365,201.83844,2213.742
13.343677,0.0,0.0,0.0,0.43301272,76.714035,203.92125,2229.8096
13.700731,0.0,0.0,0.0,0.43301272,23.939247,454.86975,1582.562
14.04923,0.0,0.0,0.0,0.43301272,88.27031,549.23474,1604.3997
14.358515,0.0,0.0,0.0,0.43301272,304.62006,-87.66632,1949.5588
14.772465,0.0,0.0,0.0,0.43301272,214.42009,60.250427,1612.6185
15.147178,0.0,0.0,0.0,0.43301272,189.85439,-122.57361,1543.4836
15.342072,0.0,0.0,0.0,0.43301272,307.03445,-22.393005,1643.7714
14.939753,0.0,0.0,0.0,0.43301272,336.39838,-138.20618,1538.5913
14.517744,0.0,0.0,0.0,0.43301272,187.17712,-180.69794,1553.22
14.614306,0.0,0.0,0.0,0.43301272,334.3897,94.89235,1629.0211
14.016701,0.0,0.0,0.0,0.43301272,442.22388,121.98166,1639.4403
13.817693,0.0,0.0,0.0,0.43301272,335.7548,185.64969,2143.0852
13.722586,0.0,0.0,0.0,0.43301272,417.46405,227.44006,2112.8152
13.510719,0.0,0.0,0.0,0.43301272,544.17773,5.8933716,1818.646
13.201416,0.0,0.0,0.0,0.43301272,511.9004,35.759155,1743.305
13.044377,0.0,0.0,0.0,0.43301272,596.1683,4.1905212,1930.0562
13.086414,0.0,0.0,0.0,0.43301272,689.9779,96.993515,1994.8433
12.976517,0.0,0.0,0.0,0.43301272,690.2997,89.638306,2024.6528
12.719779,0.0,0.0,0.0,0.43301272,691.01996,64.35632,2069.03
12.625662,0.0,0.0,0.0,0.43301272,697.3507,43.360382,2120.6848
12.795321,0.0,0.0,0.0,0.43301272,719.77435,3.4002686,2200.676
13.545376,0.0,0.0,0.0,0.43301272,709.7354,2.548645,2298.189
13.901573,0.0,0.0,0.0,0.43301272,709.58307,1.902771,2319.957
14.192482,0.0,0.0,0.0,0.43301272,685.0115,3.2218933,2347.19
14.473382,0.0,0.0,0.0,0.43301272,661.83167,30.23079,2296.849
14.733364,0.0,0.0,0.0,0.43301272,561.5517,85.03009,2077.5068
14.851953,0.0,0.0,0.0,0.43301272,558.9543,89.89235,2069.032
14.768149,0.0,0.0,0.0,0.43301272,467.83405,116.3293,2188.2988
