15.309331,0.46053228,0.6025198,-0.38310197,-0.52736396,-185.10072,400.9395,1507.0435
14.451522,-1.6100855,-2.1439805,-0.9046796,0.3564546,-112.87643,350.78766,1799.6669
14.253534,0.5098073,0.76452965,0.21040672,0.3336464,-105.11065,295.03406,1794.9869
13.944016,-0.77585346,-1.5524765,-0.93625283,0.29345834,-33.43142,269.7108,1796.7166
13.868785,-0.70302695,-1.7946419,-0.9029053,0.2919786,-39.603725,328.78308,1769.0929
13.982442,-0.31131393,-0.02455495,0.7012979,0.6408291,72.08416,409.45947,1647.8209
14.23263,-0.3167249,-0.06159127,0.69634986,0.641084,82.76699,409.02966,1671.6495
14.097138,0.56426203,0.5376731,-0.14300506,0.2714298,62.483166,405.7492,1644.1732
14.027483,-0.27545696,0.2552819,0.64053875,0.66982436,63.94107,458.7523,1693.3677
13.924145,-0.4170905,0.35170683,0.5616216,0.622028,77.82956,467.37933,1714.3262
14.036248,-0.42083898,0.079878464,0.6196955,0.65764076,135.62314,556.94586,1753.4957
13.769198,-0.9447417,-0.2213065,1.7346659,0.25213358,164.48985,540.0086,1736.8683
13.887975,-1.0894907,-0.08209693,1.6403166,0.2513779,226.20941,567.92633,1743.0094
14.139289,-1.0892786,-0.16101302,1.7627248,0.26118773,235.51886,575.5925,1780.9117
13.61742,-0.96151274,0.043549806,1.7505578,0.25116414,235.51299,580.08844,1818.0686
13.365151,-0.9894612,-0.049624763,1.7710211,0.255038,243.63602,569.73035,1826.3525
14.049635,-0.74564344,0.05448557,1.8806311,0.25312972,255.12009,600.6925,1827.4512
14.167929,-0.7998526,-0.16369523,1.9462996,0.26384705,266.51468,601.56226,1854.8607
14.51051,-0.87244624,-0.1510458,1.9441142,0.26713803,274.72455,605.65063,1861.0808
14.309351,-0.8239859,-0.2500063,1.9167932,0.2627022,249.7157,592.90607,1912.2354
14.774998,-0.7400537,-0.29217622,1.9625899,0.2647678,240.79204,595.0851,1984.8191
14.913325,-0.8454858,-0.37246153,1.9461933,0.26939464,242.85127,567.8615,2003.6722
14.165123,-1.2458602,-0.9782097,1.424611,0.27325737,199.44887,575.12146,2054.9915
14.013519,-1.2185097,-0.8353,1.4118364,0.26737034,192.32921,605.4206,2083.8213
14.284828,0.39439735,0.53058857,0.47946712,0.5770943,271.46136,589.98303,2131.4636
14.311997,0.6378095,0.6894092,0.33496264,-0.07559039,166.74757,503.71057,2177.2175
14.392514,0.5476602,0.68845415,-0.44928372,-0.15570259,211.1138,618.13257,2302.1765
13.918777,-0.35848007,0.878271,0.28957897,0.12757763,131.11081,373.41193,2311.9624
13.845745,0.38396215,0.7825157,0.42088965,0.25118536,123.88637,599.7423,2375.8916
13.847917,0.39638454,0.7633271,0.41859207,0.29153326,135.93457,583.7116,2384.7412
14.165593,0.39620966,0.75430304,0.41666883,0.3169099,137.19646,590.2296,2384.7856
14.032898,0.40783218,0.7406426,0.40181625,0.3516604,116.04122,608.7781,2378.4434
14.17458,0.2399743,0.718739,0.53707767,0.3706403,25.902288,603.2401,2363.041
14.330381,0.2123969,0.70282394,0.5469664,0.40218645,-14.271467,597.3955,2351.9915
14.098274,0.17555101,0.690061,0.5776572,0.39913633,-46.039772,586.1356,2353.8208
14.204978,0.09350229,0.63135934,0.62125456,0.4546267,-92.078354,581.30023,2314.075
14.443429,0.088593125,0.60436463,0.63111943,0.4781034,-107.47104,581.24664,2305.835
14.216761,-0.5498856,0.55162144,1.8722444,0.25451624,-181.82729,569.2038,2237.25
14.157287,-0.2602477,0.6716754,1.9166266,0.25793356,-216.64267,610.34717,2211.802
14.344439,-0.12653942,0.2396198,0.62272096,0.73402226,-268.0333,614.16156,2155.121
14.085908,-0.6697548,0.45700985,1.9631968,0.2692673,-270.86142,602.56335,2117.7947
