12.482926,3.2522512E-37,4.986644E-37,0.7071073,0.70710623,-15.233784,504.91495,1535.7599
12.395555,2.6018012E-37,3.989316E-37,0.7071073,0.70710623,23.497852,515.27704,1539.1969
11.803807,1.6651534E-37,2.553163E-37,0.7071073,0.70710623,113.26773,539.42426,1611.075
12.154836,1.3321229E-37,2.0425308E-37,0.7071073,0.70710623,154.3828,553.941,1648.7035
12.572338,8.5255895E-38,1.30722E-37,0.7071073,0.70710623,207.17009,578.8053,1690.3107
12.785066,5.456379E-38,8.3662103E-38,0.7071073,0.70710623,251.24612,602.36646,1724.4077
13.205175,4.3651033E-38,6.69297E-38,0.7071073,0.70710623,270.3403,611.0391,1741.7035
13.427675,2.7936667E-38,4.2835023E-38,0.7071073,0.70710623,295.04822,627.85266,1784.03
13.315767,2.234934E-38,3.4268022E-38,0.7071073,0.70710623,304.92838,634.2162,1807.5211
13.119389,1.7879475E-38,2.741442E-38,0.7071073,0.70710623,307.36078,647.20465,1844.3489
12.65767,1.1442867E-38,1.7545233E-38,0.7071073,0.70710623,317.23163,653.49927,1917.2795
12.621415,9.154295E-39,1.4036189E-38,0.7071073,0.70710623,309.245,651.423,1953.7095
12.666581,7.323438E-39,1.1228952E-38,0.7071073,0.70710623,304.15503,653.0414,1985.4548
12.312515,4.687001E-39,7.18653E-39,0.7071073,0.70710623,276.23312,654.46277,2033.282
12.050185,3.749603E-39,5.749224E-39,0.7071073,0.70710623,267.58127,654.4105,2047.4155
12.059787,2.999684E-39,4.599378E-39,0.7071073,0.70710623,249.96332,635.71204,2052.6055
12.223299,1.9198E-39,2.943604E-39,0.7071073,0.70710623,242.77396,617.7518,2057.793
12.150123,1.53584E-39,2.354883E-39,0.7071073,0.70710623,228.86981,614.9809,2070.5154
11.935066,1.228673E-39,1.883908E-39,0.7071073,0.70710623,219.78432,610.2897,2083.116
12.021329,9.82938E-40,1.507129E-39,0.7071073,0.70710623,213.60692,609.8427,2097.1628
12.870953,6.29078E-40,9.64561E-40,0.7071073,0.70710623,192.70549,593.8418,2130.7996
13.58138,4.0261E-40,6.17318E-40,0.7071073,0.70710623,175.47697,581.193,2139.4458
13.560599,3.22087E-40,4.93854E-40,0.7071073,0.70710623,166.77495,581.6726,2153.2214
13.132717,2.06134E-40,3.16067E-40,0.7071073,0.70710623,150.33902,594.38947,2180.0256
13.164064,1.64908E-40,2.52853E-40,0.7071073,0.70710623,135.55481,608.6984,2209.1472
12.818592,1.31927E-40,2.02284E-40,0.7071073,0.70710623,91.236084,622.7082,2212.9724
12.683989,1.05542E-40,1.61826E-40,0.7071073,0.70710623,49.409946,635.385,2257.551
12.82421,6.7548E-41,1.0357E-40,0.7071073,0.70710623,17.027348,631.60815,2274.3298
13.357103,4.323E-41,6.6286E-41,0.7071073,0.70710623,-59.998222,627.9802,2288.099
13.80092,2.7664E-41,4.2423E-41,0.7071073,0.70710623,-139.00903,664.09924,2286.2578
14.208286,1.7705E-41,2.7147E-41,0.7071073,0.70710623,-188.16576,667.04663,2271.2827
14.502743,1.4163E-41,2.1717E-41,0.7071073,0.70710623,-198.5319,661.87646,2263.3962
13.665751,9.065E-42,1.3898E-41,0.7071073,0.70710623,-234.34026,658.84863,2252.9395
13.640205,7.252E-42,1.1118E-41,0.7071073,0.70710623,-259.08392,657.7926,2242.4275
13.184279,4.64E-42,7.116E-42,0.7071073,0.70710623,-324.30383,646.96106,2243.3027
