13.235307,0.0,0.0,0.0,0.43301272,-83.136826,-688.25726,2344.6846
12.8552475,0.0,0.0,0.0,0.43301272,-117.34613,-681.5464,2346.6853
13.3525915,0.0,0.0,0.0,0.43301272,-120.53063,-675.84143,2373.187
13.344852,0.0,0.0,0.0,0.43301272,-187.61006,-710.1711,2352.315
13.74938,0.0,0.0,0.0,0.43301272,-228.05627,-713.1361,2340.9292
14.492982,0.0,0.0,0.0,0.43301272,-448.31302,-659.0304,2263.6135
15.153847,0.0,0.0,0.0,0.43301272,-557.97986,-663.3784,2102.8213
15.615667,0.0,0.0,0.0,0.43301272,-557.98846,-680.58246,1978.2632
15.536009,0.0,0.0,0.0,0.43301272,-562.6283,-682.4099,1978.5851
15.327312,0.0,0.0,0.0,0.43301272,-540.6154,-672.6365,2005.6221
14.595525,0.0,0.0,0.0,0.43301272,-544.2694,-664.8769,2013.6438
14.72062,0.0,0.0,0.0,0.43301272,-425.8189,-663.6995,2150.4917
14.856729,0.0,0.0,0.0,0.43301272,-414.82465,-633.35266,2155.5032
15.420374,0.0,0.0,0.0,0.43301272,-419.08826,-613.784,2052.7793
15.834211,0.0,0.0,0.0,0.43301272,-414.38907,-610.4761,1934.5684
15.285991,0.0,0.0,0.0,0.43301272,-360.934,-629.094,1868.5007
15.199636,0.0,0.0,0.0,0.43301272,-341.8086,-641.53516,1834.4545
15.699072,0.0,0.0,0.0,0.43301272,-338.50278,-641.8242,1843.4805
16.019817,0.0,0.0,0.0,0.43301272,-341.0805,-642.1963,1837.7013
16.337923,0.0,0.0,0.0,0.43301272,-340.00214,-645.5626,1839.8633
15.989911,0.0,0.0,0.0,0.43301272,-329.0777,-633.4828,1839.9056
15.7431,0.0,0.0,0.0,0.43301272,-354.22675,-655.781,1869.2064
15.641879,0.0,0.0,0.0,0.43301272,-366.60718,-665.4933,1903.8729
15.712856,0.0,0.0,0.0,0.43301272,-391.57346,-628.174,1867.4304
15.76245,0.0,0.0,0.0,0.43301272,-396.6323,-625.86224,1843.4657
15.670743,0.0,0.0,0.0,0.43301272,-351.3369,-634.9017,1820.8452
15.987742,0.0,0.0,0.0,0.43301272,-341.22412,-627.8551,1838.0656
16.306644,0.0,0.0,0.0,0.43301272,-341.8104,-635.37366,1858.828
15.886246,0.0,0.0,0.0,0.43301272,-309.7746,-616.0116,1860.5624
15.958289,0.0,0.0,0.0,0.43301272,-296.29465,-606.99036,1849.505
14.99728,0.0,0.0,0.0,0.43301272,-186.36105,-468.31418,1880.3175
14.744612,0.0,0.0,0.0,0.43301272,37.45774,-525.9225,1922.8838
