13.358891,0.0,0.0,0.0,0.43301272,-219.03316,-654.10815,2101.681
13.012799,0.0,0.0,0.0,0.43301272,-207.41837,-645.35974,2109.7388
13.00386,0.0,0.0,0.0,0.43301272,-217.73685,-660.6267,2112.5796
13.044112,0.0,0.0,0.0,0.43301272,-212.23305,-658.09094,2120.0742
13.135788,0.0,0.0,0.0,0.43301272,-234.56953,-652.8866,2161.214
13.812525,0.0,0.0,0.0,0.43301272,-287.0902,-651.9201,2157.6733
14.33066,0.0,0.0,0.0,0.43301272,-314.96512,-633.12714,2117.3042
14.350822,0.0,0.0,0.0,0.43301272,-315.96072,-612.4544,2070.5938
13.9470625,0.0,0.0,0.0,0.43301272,-306.19086,-621.0513,2036.6125
14.049644,0.0,0.0,0.0,0.43301272,-302.69446,-631.5515,2005.1407
14.383395,0.0,0.0,0.0,0.43301272,-306.40152,-634.4968,1999.7461
13.776224,0.0,0.0,0.0,0.43301272,-302.78754,-623.2987,2001.6133
13.803425,0.0,0.0,0.0,0.43301272,-307.7138,-629.069,1992.1409
13.623722,0.0,0.0,0.0,0.43301272,-299.07492,-624.47687,1994.5555
13.101797,0.0,0.0,0.0,0.43301272,-301.90875,-620.21216,2004.512
13.645537,0.0,0.0,0.0,0.43301272,-299.28278,-622.63983,2007.7637
13.861113,0.0,0.0,0.0,0.43301272,-315.37906,-629.63007,2055.909
14.551183,0.0,0.0,0.0,0.43301272,-325.37527,-625.3045,2078.9092
15.128161,0.0,0.0,0.0,0.43301272,-332.58887,-611.2238,2082.722
15.57167,0.0,0.0,0.0,0.43301272,-347.20184,-600.0508,2062.5037
15.933542,0.0,0.0,0.0,0.43301272,-318.1163,-584.9219,2055.8381
16.276726,0.0,0.0,0.0,0.43301272,-330.53268,-561.6664,2019.947
16.533138,0.0,0.0,0.0,0.43301272,-315.2226,-564.40106,1992.617
16.639975,0.0,0.0,0.0,0.43301272,-264.65704,-585.9445,1986.9852
16.47077,0.0,0.0,0.0,0.43301272,-219.67838,-633.41754,2009.0554
16.660748,0.0,0.0,0.0,0.43301272,-219.98885,-653.4542,2017.7148
16.783796,0.0,0.0,0.0,0.43301272,-223.03807,-646.29675,2030.7891
16.962318,0.0,0.0,0.0,0.43301272,-222.84752,-656.93164,2020.7708
17.042646,0.0,0.0,0.0,0.43301272,-238.86258,-656.8748,2028.5941
17.123861,0.0,0.0,0.0,0.43301272,-253.54532,-664.5881,2013.1664
