13.235307,0.0,0.0,0.0,0.43301272,-318.47894,-667.7151,2222.0403
12.8552475,0.0,0.0,0.0,0.43301272,-355.73865,-680.7622,2205.152
13.3525915,0.0,0.0,0.0,0.43301272,-350.28546,-682.068,2219.7397
13.344852,0.0,0.0,0.0,0.43301272,-352.4857,-676.91675,2215.7788
13.74938,0.0,0.0,0.0,0.43301272,-383.11526,-684.1465,2245.712
14.492982,0.0,0.0,0.0,0.43301272,-336.7973,-691.9908,2215.9707
15.153847,0.0,0.0,0.0,0.43301272,-342.98383,-694.00586,2215.383
15.615667,0.0,0.0,0.0,0.43301272,-344.15936,-697.0969,2187.9104
15.536009,0.0,0.0,0.0,0.43301272,-352.7792,-699.2898,2191.829
15.327312,0.0,0.0,0.0,0.43301272,-337.08243,-684.2615,2216.5066
14.595525,0.0,0.0,0.0,0.43301272,-354.10468,-684.0217,2208.5298
14.72062,0.0,0.0,0.0,0.43301272,-470.2004,-664.9213,2045.7747
14.856729,0.0,0.0,0.0,0.43301272,-497.1919,-655.3799,2042.2905
15.420374,0.0,0.0,0.0,0.43301272,-511.28146,-663.3873,2006.6235
15.834211,0.0,0.0,0.0,0.43301272,-539.4006,-660.36505,1993.2819
15.285991,0.0,0.0,0.0,0.43301272,-525.35474,-663.52356,1971.978
15.199636,0.0,0.0,0.0,0.43301272,-521.887,-658.08,1971.6794
15.699072,0.0,0.0,0.0,0.43301272,-527.26263,-648.466,1982.7704
16.019817,0.0,0.0,0.0,0.43301272,-531.24854,-646.187,1981.7279
16.337923,0.0,0.0,0.0,0.43301272,-531.2555,-636.4226,1961.6683
15.989911,0.0,0.0,0.0,0.43301272,-485.84943,-620.6383,1864.8765
15.7431,0.0,0.0,0.0,0.43301272,-452.76886,-582.3705,1818.2354
15.641879,0.0,0.0,0.0,0.43301272,-346.75943,-567.09875,1738.7587
15.712856,0.0,0.0,0.0,0.43301272,-189.90424,-531.8274,1714.7266
15.76245,0.0,0.0,0.0,0.43301272,-173.79471,-512.6388,1712.8177
15.670743,0.0,0.0,0.0,0.43301272,-90.59553,-511.01712,1728.1611
15.987742,0.0,0.0,0.0,0.43301272,-86.974014,-430.03717,1751.4705
16.306644,0.0,0.0,0.0,0.43301272,-79.05675,-415.15433,1760.1948
15.886246,0.0,0.0,0.0,0.43301272,-95.705605,-591.09985,1742.4606
15.958289,0.0,0.0,0.0,0.43301272,-80.5537,-548.4035,1750.6232
14.99728,0.0,0.0,0.0,0.43301272,-58.024857,-533.21497,1752.4926
14.744612,0.0,0.0,0.0,0.43301272,-62.03173,-536.1858,1754.9802
