11.48909,0.0,0.0,0.0,0.43301272,-543.9685,-659.5107,1903.6204
11.722686,0.0,0.0,0.0,0.43301272,-523.5773,-654.6393,1853.2472
12.158009,0.0,0.0,0.0,0.43301272,-506.17444,-648.039,1850.4858
12.354877,0.0,0.0,0.0,0.43301272,-505.15198,-635.89404,1841.083
12.826814,0.0,0.0,0.0,0.43301272,-493.17853,-631.9812,1847.4403
13.03022,0.0,0.0,0.0,0.43301272,-488.61536,-632.7453,1845.2858
13.331173,0.0,0.0,0.0,0.43301272,-488.1481,-624.5489,1849.3602
13.130213,0.0,0.0,0.0,0.43301272,-483.80798,-630.03485,1844.5619
12.885546,0.0,0.0,0.0,0.43301272,-476.60254,-630.3053,1856.4252
12.886786,0.0,0.0,0.0,0.43301272,-465.7075,-633.0242,1866.4635
12.995117,0.0,0.0,0.0,0.43301272,-455.6822,-638.69525,1872.5133
12.850142,0.0,0.0,0.0,0.43301272,-425.5128,-639.0696,1887.458
12.645738,0.0,0.0,0.0,0.43301272,-452.57782,-633.9756,1870.4116
12.636368,0.0,0.0,0.0,0.43301272,-468.6384,-627.08746,1872.1871
12.929627,0.0,0.0,0.0,0.43301272,-480.0661,-626.99915,1867.3453
12.824839,0.0,0.0,0.0,0.43301272,-477.58246,-620.377,1864.1201
12.676301,0.0,0.0,0.0,0.43301272,-460.09232,-619.0892,1867.4054
12.710472,0.0,0.0,0.0,0.43301272,-464.1776,-624.3645,1868.933
12.692447,0.0,0.0,0.0,0.43301272,-455.05823,-618.8827,1866.9484
12.239714,0.0,0.0,0.0,0.43301272,-424.68463,-590.3552,1847.0573
12.487755,0.0,0.0,0.0,0.43301272,-403.85806,-559.0054,1820.5056
13.24984,0.0,0.0,0.0,0.43301272,-299.29755,-541.79175,1773.7076
14.1014185,0.0,0.0,0.0,0.43301272,-240.69702,-607.4463,1836.0997
14.768836,0.0,0.0,0.0,0.43301272,-255.5234,-611.1668,1882.9824
15.316176,0.0,0.0,0.0,0.43301272,-195.75015,-625.2285,1882.1256
15.7761345,0.0,0.0,0.0,0.43301272,-198.05324,-626.08234,1889.7538
16.144928,0.0,0.0,0.0,0.43301272,-189.9003,-613.85815,1890.7339
16.43137,0.0,0.0,0.0,0.43301272,-181.5244,-614.0384,1894.7827
16.22254,0.0,0.0,0.0,0.43301272,-176.1456,-593.0927,1916.1724
16.014914,0.0,0.0,0.0,0.43301272,-170.90701,-605.27,1924.9539
16.201574,0.0,0.0,0.0,0.43301272,-166.41006,-621.5775,1934.9714
16.364702,0.0,0.0,0.0,0.43301272,-171.47333,-630.57196,1949.3104
16.513586,0.0,0.0,0.0,0.43301272,-174.07573,-632.79486,1969.6233
16.653027,0.0,0.0,0.0,0.43301272,-173.6331,-641.4511,1989.395
16.772745,0.0,0.0,0.0,0.43301272,-171.24008,-646.6771,2004.9231
16.968653,0.0,0.0,0.0,0.43301272,2.7305489,-670.39905,2159.719
16.416773,0.0,0.0,0.0,0.43301272,27.186493,-661.4431,2231.0234
16.647182,0.0,0.0,0.0,0.43301272,2.7961655,-577.074,2237.0195
16.888077,0.0,0.0,0.0,0.43301272,-7.1792297,-516.0066,2254.012
17.045818,0.0,0.0,0.0,0.43301272,-21.308506,-587.54456,2226.987
17.16301,0.0,0.0,0.0,0.43301272,-53.139786,-672.34735,2246.095
17.249632,0.0,0.0,0.0,0.43301272,-33.672318,-699.56525,2249.988
16.918873,0.0,0.0,0.0,0.43301272,-26.158043,-698.4225,2250.589
16.603905,0.0,0.0,0.0,0.43301272,-39.989197,-681.9691,2270.1418
