12.311368,0.06442747,1.9283276,-0.11873379,0.40726504,194.35144,104.56195,1916.5095
12.061243,0.13956517,1.7784709,-0.11529602,0.413149,200.46259,110.24599,1932.9325
12.007609,0.39604083,1.5043583,-0.15549608,0.42243275,213.76399,112.29274,1958.169
12.413667,0.46713826,-0.8721441,-0.2955348,0.43228096,215.1612,98.96895,1980.6964
13.269637,0.46828768,-0.64028037,-0.27241772,0.4343817,216.39,93.007935,2021.0203
13.947683,0.2977319,-1.2454108,-0.091059804,0.42316595,214.16362,92.37485,2061.4294
14.519531,-0.039515864,0.9797559,-0.029348807,-0.19405009,213.84474,67.94905,2134.9531
14.729772,-0.042777937,0.9773604,-0.013259357,-0.20678698,211.67949,69.914474,2146.9006
14.204788,-0.04767887,0.9797259,-0.012288015,-0.19419818,199.39633,63.544205,2189.9001
13.95719,0.025034046,0.98274136,-0.050429516,-0.17620842,189.554,74.59451,2213.7185
13.627611,0.017828178,0.9820297,-0.07124833,-0.17384906,155.71635,91.868164,2226.1936
13.332724,-0.010738445,0.98304766,-0.17413117,-0.05639358,125.34497,88.10614,2253.728
13.274271,0.039605986,0.99613535,0.06919014,-0.03685736,84.40354,87.3159,2259.5125
13.298267,0.119675756,-2.3934453,-0.22222257,0.30965477,9.944191,50.98613,2201.812
13.093746,0.17803578,2.1417274,-0.4728614,0.40733358,-14.768358,119.08534,2354.35
13.211678,-0.01180523,0.7483475,-0.12248436,0.651793,10.865367,102.08804,2379.5967
14.043344,0.00266148,0.92453253,-0.13673308,0.35571977,17.254734,86.1734,2377.8486
14.050789,0.07388177,0.9498631,-0.11009199,-0.28316313,10.481813,72.469696,2384.4856
13.767021,0.069688685,0.9511687,-0.097536355,-0.28444356,12.899054,70.79251,2408.746
13.475853,0.06657231,0.954148,-0.06736547,-0.28395694,-4.932184,65.61975,2425.11
13.669302,0.04141341,0.9582673,-0.02923068,-0.28134346,-18.791424,64.21542,2440.1301
13.641381,-0.024249408,0.8305733,-0.04010824,-0.55493367,-32.601025,53.535126,2445.1436
13.340072,-0.046517584,0.81310207,-0.047649283,-0.5782997,-59.013268,52.683624,2457.5298
13.146299,-0.039418794,0.6890191,-0.040377792,-0.72254306,-101.45273,35.339294,2433.2332
13.173931,0.13305032,-2.1809523,-0.12003029,0.27496523,-145.41458,9.410126,2368.6858
13.079765,-0.04384809,-2.4404035,-0.657533,0.3879129,-148.00331,2.9016418,2314.751
12.8478,0.445027,2.5789664,-0.5398358,0.3532684,-156.86734,7.5716553,2293.632
12.745795,0.28360912,2.4737697,-0.5065214,0.3219647,-167.34412,18.155396,2279.952
13.138673,0.032146305,0.82926524,-0.19229484,0.5237445,-176.5253,24.54248,2251.1746
13.60476,0.023854746,0.8489533,-0.20585817,0.4861395,-181.23613,30.401093,2240.9143
13.648636,0.058066912,0.90100145,-0.12923114,0.4100292,-206.28436,98.38562,2191.0386
13.331477,0.07692591,0.9231452,-0.10478239,0.36180934,-234.50542,128.78629,2161.1606
13.244034,0.08493625,0.93104833,-0.08446812,0.34467378,-262.95245,146.79749,2123.7761
12.765096,0.0726546,0.93637484,-0.08508928,0.33269107,-283.75113,157.35797,2098.6316
12.6201315,0.058125712,0.9335073,-0.076641634,0.345415,-294.11148,158.05493,2085.026
12.401297,0.0409281,0.92480713,-0.07924342,0.369834,-306.07898,157.15005,2076.7078
12.312774,0.026439708,0.91376066,-0.08993111,0.3952909,-314.08978,157.27536,2074.4277
12.961306,-1.6391363E-4,0.88119996,-0.08021729,0.46588808,-342.0863,146.09283,2073.8562
13.449042,-0.0048358757,0.8672099,-0.08016292,0.49142388,-365.5011,138.99118,2074.1963
13.377804,-0.014851119,0.85751903,-0.06231515,0.51044804,-396.54028,120.2316,2070.775
13.091392,-0.027429905,0.8394383,-0.040162653,0.5412742,-413.34528,153.02638,2059.5986
13.004942,-0.03808484,0.80860555,-0.035366308,0.58605105,-422.86847,168.57274,2035.6815
12.850689,-0.041752536,0.7828679,-0.029828463,0.6200683,-429.56244,174.42194,2023.0377
12.875923,-0.029368423,0.749868,0.018965602,0.66066307,-438.6783,177.91527,2009.1469
12.674817,-0.023281353,0.71397537,0.06453552,0.6968015,-438.98102,173.00394,2004.1115
12.539571,-0.006985328,1.9774244,0.29097742,0.25038534,-436.69324,166.93219,1996.136
12.3398075,0.0539662,2.1025906,0.40060014,0.2708595,-436.16644,166.3846,1985.1953
12.346258,0.08092144,2.190058,0.49641266,0.2898812,-436.6079,163.72876,1966.8052
12.491934,0.028493103,2.2276547,0.44874263,0.29541555,-442.8445,168.79189,1977.9994
12.409474,0.078727394,2.2479594,0.47454837,0.30072886,-438.89108,173.00899,1974.2926
