12.557299,0.507021,1.2916833,-0.045273066,0.42425227,104.633125,256.10706,1928.8341
12.626769,0.51964694,1.277395,0.06575199,0.42194784,114.86601,270.99496,1952.7902
12.340441,0.504343,1.0994489,0.29676464,0.41905525,141.49048,289.51062,2006.3975
13.240888,0.41266143,0.72242826,0.29466087,0.4234195,152.06973,313.00696,2054.2036
14.119911,0.3651504,-0.022152768,0.21489549,0.42786825,172.07559,311.49597,2096.728
14.7901325,0.31164217,-0.6004063,0.1781258,0.42592457,176.83759,320.7798,2140.1865
15.092929,0.2554224,-0.8611484,0.17330346,0.42345345,171.89871,318.6399,2164.6467
15.552474,0.17826574,-1.2050514,0.2947184,0.41525313,167.6736,306.42932,2198.2964
15.431927,0.08725391,-1.4605029,0.2838178,0.4103016,153.2558,319.47308,2228.2798
15.341715,0.040211312,-1.5518014,0.29834858,0.407687,148.29556,317.59058,2238.3005
15.182577,-0.052894413,-1.8346502,0.3692364,0.39607868,135.13754,318.79932,2257.229
15.645064,-0.12962349,-2.0119426,0.32842562,0.3895171,103.04651,314.9311,2262.477
15.498251,-0.14024122,-2.0933778,0.34190357,0.3839679,85.93689,315.9485,2267.3315
14.639265,-0.20288356,-2.3193083,0.15049925,0.37408158,31.687582,318.3969,2271.0903
14.221809,-0.26473784,-2.3806605,0.05449664,0.3725788,3.2791939,311.3764,2266.5955
13.855639,-0.31690344,-2.4175365,0.05055725,0.3681178,-19.893042,308.37915,2262.274
13.70541,-0.42455226,-2.3967614,0.30245513,0.3525207,-44.309483,317.82364,2254.425
13.39273,-0.44884133,-2.3736308,0.33319634,0.31980565,-75.715935,302.94727,2247.4216
13.224762,-0.43536243,-2.216891,0.3422055,0.28818798,-90.477615,318.49997,2240.2874
12.726256,0.1254705,0.80045056,-0.042378645,-0.58458453,-117.92727,336.43503,2262.1196
12.797716,0.0122387,0.90285456,-0.044392962,-0.42747214,-134.69954,349.7207,2260.4702
12.729418,-0.23613746,-2.23743,0.5005994,0.36257312,-141.62231,357.53232,2269.8286
12.512707,-0.40031782,0.096769996,0.5398424,0.41954774,-191.29091,356.4569,2248.357
12.640565,-0.42975095,0.4992937,0.46624127,0.41912168,-214.78427,357.60132,2244.5796
12.354518,-0.48303106,0.4909177,0.46884927,0.418856,-242.05566,359.19446,2233.06
12.365063,-0.49155048,0.24510258,0.50513613,0.41955015,-250.08104,357.79147,2225.9355
12.533432,-0.47338068,-0.090599835,0.5392143,0.4196318,-253.78159,354.5354,2221.4512
12.258178,-0.39959314,-0.4541102,0.29841876,0.42509577,-288.04175,345.30566,2193.94
12.333232,-0.37639052,-0.5509987,0.14244537,0.42824116,-305.1955,341.8014,2177.29
12.490378,-0.26907942,-0.65638936,0.027513025,0.43008947,-313.9414,336.47815,2163.7979
