7.8212657,0.50665516,1.4862884,-2.9003885,0.41236955,209.38438,281.156,2321.318
8.610565,0.3725757,1.4649487,-2.8964193,0.40894225,209.73349,280.5849,2323.2542
9.227548,0.080195285,1.3399142,-2.953333,0.4069388,210.52393,276.2247,2331.4465
9.988479,-0.008637104,1.240012,-3.0226626,0.40970168,207.65497,276.40625,2342.2415
10.306494,-0.13663957,1.2053053,-3.0107923,0.40763843,210.58342,268.91336,2350.6619
10.31921,-0.32794964,1.0429862,-3.1091676,0.41301128,204.48819,268.51465,2357.866
11.004146,1.1654357,1.2906688,-1.6306273,0.3532317,73.253716,140.31912,2161.5967
12.180206,1.1784045,1.3050308,-2.1288774,0.37695262,76.949905,143.33884,2178.753
13.199391,1.1019319,1.2203408,-2.519666,0.39385724,84.93971,181.3096,2202.4153
13.826029,0.98139983,1.0868567,-2.8082228,0.40567034,105.54077,217.8595,2247.8823
13.841537,0.91465324,1.0129377,-2.9199364,0.4101383,108.11641,230.08011,2263.3052
13.924832,0.780689,0.86457825,-3.0914774,0.41693923,105.77738,245.46762,2292.1147
