13.822091,0.65073436,-0.84288645,0.26553398,0.41892734,42.128872,-334.32727,2259.6382
14.043575,0.6472711,-0.8560804,0.27943817,0.41839918,44.54512,-332.85742,2262.867
14.045828,0.6352226,-0.8623393,0.27436417,0.41853213,41.9302,-336.09482,2267.1213
13.677509,0.6641407,-0.9115525,0.27125347,0.41759527,23.696861,-333.82254,2285.6177
13.421609,0.7483444,-0.96750724,0.2660851,0.41599333,36.01997,-329.83243,2297.7122
13.905289,0.7921429,-0.8226543,0.30670294,0.41693765,37.025517,-330.7854,2300.7766
14.039769,0.865175,-0.711629,0.3525636,0.4166798,31.895947,-334.0611,2317.8657
12.99316,0.9744556,-0.6733955,0.3622551,0.41587517,30.263023,-353.1192,2339.2498
12.87891,1.0544736,-0.6486914,0.35822377,0.41547805,37.049473,-381.0542,2336.7454
12.988214,1.1468395,-0.68170667,0.3532403,0.414043,42.106705,-407.57938,2332.5796
13.321434,1.2792507,-0.41005787,0.42337915,0.4141423,56.850163,-458.8421,2315.0283
13.693679,1.5190098,-0.48612323,0.4432223,0.40914848,38.073692,-421.82977,2330.8127
13.924027,1.386641,-0.53370816,0.4140385,0.4113454,44.43796,-426.58105,2310.144
13.740674,1.2034994,-0.5609973,0.3978191,0.4138748,44.32203,-405.00366,2288.2278
13.531925,1.1204871,-0.59234464,0.37518248,0.41505784,35.31198,-374.47162,2280.2686
13.579157,0.9204975,-0.6755809,0.3428395,0.41690987,35.803898,-352.88156,2268.1543
13.4267025,0.7588448,-0.66689485,0.34358916,0.4184526,39.396484,-338.05048,2239.982
13.15155,0.6579629,-0.6600737,0.36192748,0.41883624,40.16861,-329.6579,2234.0527
