14.5624275,0.0,0.0,0.0,0.43301272,-358.7704,-83.15173,2408.5298
14.431569,0.0,0.0,0.0,0.43301272,-364.1168,-83.05081,2424.5234
14.500055,0.0,0.0,0.0,0.43301272,-366.4975,-82.66376,2434.5068
14.203842,0.0,0.0,0.0,0.43301272,-368.2531,-82.50281,2444.8013
13.812297,0.0,0.0,0.0,0.43301272,-351.1282,-82.14511,2455.6963
13.613028,0.0,0.0,0.0,0.43301272,-338.92786,-83.13251,2452.8755
13.237616,0.0,0.0,0.0,0.43301272,-333.8217,-83.821335,2473.4768
13.096147,0.0,0.0,0.0,0.43301272,-317.9366,-106.739716,2498.6838
13.531379,0.0,0.0,0.0,0.43301272,-296.27576,-186.30836,2533.4019
13.700607,0.0,0.0,0.0,0.43301272,-242.41632,-288.83038,2551.1614
14.260787,0.0,0.0,0.0,0.43301272,-182.66608,-346.18423,2551.879
14.407188,0.0,0.0,0.0,0.43301272,-176.03793,-346.17334,2554.879
14.126419,0.0,0.0,0.0,0.43301272,-150.90642,-379.55063,2552.9084
13.959362,0.0,0.0,0.0,0.43301272,-154.04614,-401.73492,2538.0247
13.94136,0.0,0.0,0.0,0.43301272,-163.12573,-376.25403,2528.7117
14.459863,0.0,0.0,0.0,0.43301272,-186.81534,-299.7577,2500.7869
14.39948,0.0,0.0,0.0,0.43301272,-209.49524,-235.97006,2469.9666
13.986757,0.0,0.0,0.0,0.43301272,-284.29425,-154.35915,2463.2632
13.973171,0.0,0.0,0.0,0.43301272,-322.37558,-117.89874,2457.8406
14.45865,0.0,0.0,0.0,0.43301272,-364.4407,-83.06378,2439.296
