14.082622,0.0,0.0,0.0,0.43301272,63.967117,-815.6322,2432.358
13.582507,0.0,0.0,0.0,0.43301272,67.064835,-822.44257,2440.673
13.6385355,0.0,0.0,0.0,0.43301272,69.42474,-827.37854,2449.5615
13.460746,0.0,0.0,0.0,0.43301272,71.082886,-829.0719,2467.343
14.127849,0.0,0.0,0.0,0.43301272,70.73357,-839.49054,2453.4436
14.676258,0.0,0.0,0.0,0.43301272,70.99964,-838.2206,2457.6252
14.702647,0.0,0.0,0.0,0.43301272,72.70325,-843.3648,2451.0698
14.109069,0.0,0.0,0.0,0.43301272,83.22589,-855.7453,2433.864
13.668907,0.0,0.0,0.0,0.43301272,57.543465,-857.7161,2433.01
14.049828,0.0,0.0,0.0,0.43301272,71.58509,-842.709,2441.9302
14.026116,0.0,0.0,0.0,0.43301272,73.09368,-821.2844,2420.9604
14.154234,0.0,0.0,0.0,0.43301272,86.290085,-823.0975,2422.634
14.404809,0.0,0.0,0.0,0.43301272,73.24573,-843.42737,2411.9558
14.458471,0.0,0.0,0.0,0.43301272,73.96008,-854.60376,2414.481
14.09911,0.0,0.0,0.0,0.43301272,70.55262,-813.1102,2432.6875
14.067905,0.0,0.0,0.0,0.43301272,60.951267,-832.86084,2459.5786
13.547505,0.0,0.0,0.0,0.43301272,58.078335,-812.61646,2453.4744
