13.32583,0.0,0.0,0.0,0.43301272,-272.26077,-818.1803,2493.8354
13.64945,0.0,0.0,0.0,0.43301272,-274.75208,-824.91907,2494.2942
13.505725,0.0,0.0,0.0,0.43301272,-275.30963,-835.87646,2476.0461
13.463928,0.0,0.0,0.0,0.43301272,-276.72333,-834.8927,2477.6208
13.015551,0.0,0.0,0.0,0.43301272,-272.7936,-839.4044,2480.1897
13.224294,0.0,0.0,0.0,0.43301272,-287.47827,-835.69904,2459.929
13.042605,0.0,0.0,0.0,0.43301272,-269.59012,-853.74915,2452.45
13.498151,0.0,0.0,0.0,0.43301272,-287.81345,-821.70874,2426.5269
13.900737,0.0,0.0,0.0,0.43301272,-266.96265,-819.044,2424.1614
14.2645235,0.0,0.0,0.0,0.43301272,-289.42078,-838.90375,2432.0806
14.280373,0.0,0.0,0.0,0.43301272,-273.69675,-835.3196,2433.7617
13.978218,0.0,0.0,0.0,0.43301272,-272.70795,-803.4176,2427.5723
13.987699,0.0,0.0,0.0,0.43301272,-273.25357,-812.51874,2426.224
13.482995,0.0,0.0,0.0,0.43301272,-271.48566,-812.71313,2442.2544
