14.592786,0.1075317,-0.49211305,-0.21255846,0.43563068,31.324757,107.29782,2468.4104
14.722325,0.1020941,-0.44704565,-0.18906619,0.4354537,28.848228,102.127045,2468.3655
14.306017,0.07779165,-0.43349645,-0.1717226,0.43523532,27.781586,99.66026,2474.2964
13.625414,0.00789311,-0.48926362,-0.16170105,0.43483785,26.823706,92.115265,2490.0947
13.352665,-0.039194606,-0.46940747,-0.14783739,0.4347406,25.263924,85.15793,2522.225
13.337819,0.05022262,-0.561812,-0.15301597,0.4341257,22.255096,74.62915,2554.9573
13.897484,0.36513197,-0.47765347,-0.111699864,0.43298617,15.125787,52.62317,2611.812
14.478875,0.6546939,-0.5332102,-0.09822546,0.4308814,14.220898,28.838425,2651.0435
14.890598,0.9034026,-0.49648422,-0.07017801,0.4289399,15.923734,-26.672913,2686.149
15.268857,1.1096853,-0.4916972,-0.09495249,0.42775318,19.53575,-56.71203,2706.3372
15.595763,1.2178645,-0.52319986,-0.1271299,0.42701596,11.17779,-74.65805,2713.9387
15.898585,1.1373018,-0.57781416,-0.028696328,0.4250657,3.3147607,-42.028427,2704.1362
15.9811945,1.0864986,-0.5626582,-0.038853552,0.42597857,4.3849273,-14.981857,2693.6812
16.21757,1.0466553,-0.37666225,-0.04602213,0.42834854,13.833673,-2.8303223,2651.0242
16.119526,0.8787152,-0.23659384,-0.02988807,0.43024135,20.662102,26.648392,2590.9414
16.169086,0.59242666,-0.16512737,-0.1005261,0.43355134,23.841751,51.408768,2536.2964
16.040415,0.48829862,-0.08985923,-0.10681173,0.43429822,26.595938,71.43988,2514.8816
15.127237,-0.016018583,-0.16432475,-0.069567025,0.43428695,15.749998,45.844116,2444.467
