15.729498,0.039999098,0.8995535,0.074987896,0.42846277,-0.95145273,12.018318,2667.5107
15.499539,0.0472235,0.8900179,0.103538066,0.44149506,-5.632775,-2.6768188,2681.4417
14.786008,0.051557478,0.8798127,0.13752353,0.45206055,-17.780426,5.3804626,2709.8274
14.679082,0.06041825,0.86957246,0.15510611,0.4649037,-21.764362,16.570114,2709.1733
14.493612,0.06381072,0.8660067,0.16374427,0.46813297,-20.66233,29.085083,2700.3918
14.986293,0.06765254,0.8683191,0.16362159,0.46332818,-16.503193,50.736977,2670.0881
14.608872,0.078350686,0.87587166,0.15985994,0.4485027,-9.983689,55.306595,2611.514
14.75363,0.07335872,0.8775004,0.13665009,0.4538042,-8.069355,61.4888,2571.829
14.536095,0.06527988,0.8712394,0.10825717,0.47430027,-5.4814043,78.87532,2536.6357
14.193195,0.054164417,0.888979,0.055664,0.4513136,3.866559,112.160324,2476.771
14.145552,0.046010118,0.904527,0.013703916,0.4237052,7.367359,122.1967,2436.726
14.542549,0.040083483,0.90596575,-0.0014472108,0.4214466,3.7313032,121.45892,2426.8276
13.930719,0.029526856,0.9074961,-0.0076723373,0.4189513,0.6585703,119.81409,2421.0112
13.926431,0.016053354,0.9085861,-0.024697319,0.41665772,-2.488968,117.08966,2426.6787
14.322972,0.012371364,0.9077089,-0.025129741,0.41866463,-3.8811388,118.30258,2430.5032
13.820285,0.0047017285,0.9031921,-0.042638507,0.42708772,-3.1614666,126.35153,2450.6743
13.7311945,0.0069405907,0.9021375,-0.03771568,0.4297408,-2.24054,127.20459,2460.219
13.30166,0.0098437285,0.89164925,-0.032060776,0.4514829,-5.036212,100.99242,2521.148
13.550987,0.014634965,0.89403296,-0.008572619,0.44768015,-8.279341,88.60341,2556.122
13.414496,0.017518137,0.9007725,0.002646309,0.4339298,-5.4923205,43.54013,2553.8613
13.222077,-0.029820729,0.9492402,0.0072553963,0.3130512,-44.792885,-60.9778,2538.8115
13.406441,-0.05470668,0.97400945,0.019900408,0.21889858,-48.739788,-102.71659,2558.0657
13.452884,-0.05816895,0.9768978,0.020904247,0.20457266,-46.542217,-106.36731,2572.2512
13.356638,-0.05276506,0.9807832,0.028323056,0.18568219,-42.70654,-114.129105,2570.3022
13.03241,-0.05027636,0.9815846,0.038836207,0.18015453,-36.57674,-123.219086,2576.9468
13.126794,-0.037540853,0.96633637,0.036425557,0.25190836,-36.45656,-113.16288,2579.2236
12.779872,-0.027660381,0.9350828,0.042955585,0.35072732,-19.028957,-51.946716,2546.264
12.852006,-0.007078721,0.9272789,0.038625635,0.37230605,-10.415831,-30.07344,2521.2188
13.479696,-2.1831827E-4,0.9185984,0.016124269,0.39486313,-11.264681,35.336777,2493.0916
13.606723,0.010511024,0.91170233,0.027626017,0.4097867,-12.0300255,91.484116,2464.888
13.636803,0.013343064,0.9082199,0.015770469,0.41798314,-11.814531,109.42374,2453.4531
13.770224,0.013381149,0.90841323,0.0041471086,0.41783872,-9.495373,112.85016,2441.561
14.399819,0.01721828,0.9083323,0.0066534416,0.41784185,-4.8476305,112.64966,2438.655
14.252473,0.021589907,0.9083446,0.010325184,0.41753724,-4.335128,112.77048,2437.7668
13.791759,0.018535426,0.90914714,0.005871373,0.41602084,-8.907188,115.76907,2443.2285
14.082622,0.011862491,0.9113914,0.0011152698,0.4113681,-11.387608,118.23607,2442.6177
13.582507,0.0043966183,0.9129124,-0.016419353,0.40780148,-12.573019,115.10382,2450.1213
13.6385355,0.0018977942,0.9098001,-0.019917628,0.41456422,-11.780258,107.21666,2470.068
13.460746,0.007508049,0.9028321,-4.947243E-4,0.4299274,-9.455219,93.43616,2536.2756
14.127849,0.021053303,0.90274334,0.03532816,0.428209,-8.898838,70.480804,2586.7888
14.676258,0.03448875,0.9006205,0.070749655,0.42741987,-6.630432,50.560043,2638.6504
14.702647,0.05019042,0.8844055,0.09640785,0.4538869,-6.0284076,36.94973,2662.4424
14.109069,0.0657697,0.8884108,0.10085476,0.44297755,18.698378,-20.505966,2642.2812
13.668907,0.04071709,0.9246511,0.08976733,0.36783728,3.6202621,-104.53163,2611.6326
14.049828,-0.03638278,0.9202398,0.08095148,0.3811584,-53.01202,-135.43121,2604.913
14.026116,-0.035506386,0.87842757,0.08324533,0.4692276,-63.15735,-92.01504,2591.5464
14.154234,-0.04075292,0.8682694,0.07874458,0.4881054,-53.289825,-71.6644,2581.9229
14.404809,-0.029416503,0.8516671,0.08710194,0.5159564,-58.988533,-63.490616,2536.1812
14.458471,-0.03463379,0.84651405,0.08310522,0.52469796,-56.163567,-89.09003,2509.2363
14.09911,-0.03781047,0.8451192,0.03272013,0.53223425,-39.55349,-10.232864,2479.8435
14.067905,-0.0060521993,0.84838074,0.054163918,0.5265736,-21.918129,51.260315,2471.7444
13.547505,0.0032962481,0.85085666,0.025233628,0.5247812,-11.552273,96.00395,2463.5862
13.601906,0.0075237714,0.8480188,0.019645948,0.5295484,-8.37446,106.503235,2459.43
13.31886,0.013651725,0.8477095,0.011913598,0.53015125,-3.9768786,107.30066,2454.6978
13.379133,0.006359977,0.8410692,-0.0028719208,0.5408824,-2.7736273,107.56917,2456.8564
13.289381,7.9033355E-4,0.83979803,-0.012900948,0.5427451,-2.637456,110.97214,2456.1108
12.977886,-0.027611598,0.8454174,-0.060223486,0.5299812,-4.525846,113.101135,2461.2124
12.855338,-0.03210285,0.8455005,-0.06403617,0.529148,-6.2034836,112.326584,2470.7166
12.603257,-0.030845439,0.84419346,-0.062004942,0.53154624,-6.73739,107.691055,2490.9048
12.662926,-0.022186466,0.84204566,-0.04879269,0.5367366,-6.6701565,100.54483,2518.7346
12.615074,0.02174345,0.80937296,0.028249796,0.586212,-14.195614,89.32028,2616.3386
13.230922,0.06030767,0.7928275,0.087134175,0.6001626,-22.365795,86.020935,2679.6345
13.457288,0.07040832,0.79099625,0.112663455,0.5972223,-22.308395,64.004974,2691.097
13.835288,0.0903069,0.78779507,0.15217207,0.5899723,-25.428308,39.949905,2724.5251
14.025098,0.102257684,0.7847952,0.186239,0.58219826,-34.90321,57.16887,2742.9736
14.079023,0.11062844,0.77733094,0.20191579,0.5854469,-41.578686,51.289097,2740.6958
13.262321,0.10364112,0.79056376,0.18554106,0.57431865,-11.905745,-11.940758,2670.1333
13.247608,0.08119791,0.8039213,0.14778969,0.5703295,8.257866,-29.061798,2627.9866
13.2968,0.05797222,0.7914216,0.10757043,0.59893215,-13.974639,-17.107086,2585.1816
12.893684,-0.0064841374,0.7731428,0.083101384,0.62873065,-39.60842,12.58815,2491.8838
13.002066,-0.021533966,0.77730757,0.05831061,0.62604254,-25.011955,50.680237,2480.648
12.935179,-0.0026775938,0.77825785,0.04924216,0.62600553,-18.674122,73.09039,2472.8625
12.65406,0.00920424,0.7802477,0.030113539,0.62467754,-3.3793097,101.59111,2445.2117
13.220919,0.025001919,0.77877593,-0.001971901,0.6268008,10.1054325,117.18596,2423.7502
13.938013,0.030406557,0.77856135,-0.019534351,0.62652695,18.224987,122.84813,2416.2732
14.319915,0.034004074,0.77708626,-0.019011363,0.6281873,19.056107,118.792435,2419.039
14.320464,0.027439358,0.7738941,-0.03016875,0.63200074,18.449192,121.504944,2427.1143
14.877972,0.018686224,0.76548713,-0.037061233,0.6421111,16.983004,115.73489,2454.1365
14.865915,0.021170871,0.76004565,-0.026558563,0.6489816,15.171646,104.63724,2487.255
15.271985,0.029646914,0.75899917,-0.0011321385,0.65041524,10.780525,86.52565,2529.614
15.191243,0.045456573,0.7916748,0.035284698,0.60822666,8.04292,66.420944,2577.6086
15.471891,0.05103398,0.7985623,0.046962924,0.5979032,9.842501,49.07515,2599.261
15.702883,0.06927586,0.80944544,0.077465385,0.57792556,12.625863,0.61131287,2631.4585
16.1257,0.086072154,0.80779296,0.11530258,0.57163566,2.9892426,-41.045067,2656.5625
15.963137,0.08946316,0.7971826,0.1499636,0.57793355,-11.995833,-71.74812,2667.2305
16.017399,0.06979361,0.7911585,0.15076534,0.58861446,-19.738958,-48.283936,2652.4373
15.835978,0.059969038,0.78917474,0.14232175,0.59443367,-18.924404,-22.89286,2638.4905
15.439041,0.055111807,0.7859905,0.12862083,0.6021946,-16.030731,-5.319687,2622.6946
14.369217,0.050166298,0.76832235,0.06149309,0.6351242,-7.576708,8.588074,2526.6167
14.25984,0.03236871,0.77280295,0.034473382,0.63288176,-14.675196,44.19922,2515.5046
14.228061,0.047906682,0.7447832,0.05160363,0.6635812,-32.524704,92.39194,2510.1538
14.49906,0.06734582,0.73996323,0.072110936,0.6653713,-42.650536,114.09845,2497.8767
14.798053,0.058963004,0.7399612,0.06993278,0.666401,-47.178284,117.09888,2497.5913
14.775935,0.04011937,0.74761873,0.05141198,0.6609187,-44.736214,121.606186,2490.9368
14.720263,0.028028464,0.7542856,0.03449182,0.65504056,-41.690315,121.34392,2486.9077
14.081651,-0.00950148,0.77245575,0.020230219,0.63467515,-34.434196,116.41365,2486.9387
14.099599,-0.025720973,0.77918625,0.015123423,0.62608194,-23.3312,115.92778,2490.6643
13.56604,-0.03834046,0.799364,0.0025884595,0.599617,-9.508178,106.1774,2508.4768
13.4936695,-0.03199251,0.80584514,-3.4717965E-4,0.5912614,-5.041421,103.955444,2510.6792
13.528646,-0.025868036,0.80825436,-4.418138E-4,0.58826476,-2.734003,100.114075,2511.9846
13.413038,0.0013759903,0.80278265,0.018904248,0.5959705,0.90606165,90.72278,2553.9478
13.760164,0.040034477,0.8096551,0.06926707,0.58142745,0.72997296,68.41791,2594.9448
13.773351,0.057038106,0.8095496,0.085751444,0.5779471,0.9388411,59.122498,2613.0159
13.270937,0.02992261,0.82608694,0.08342678,0.5565295,-24.13655,-41.772507,2570.8533
13.169931,-0.0036963876,0.8332598,0.079033576,0.54719114,-30.678268,-84.14424,2573.2961
13.253205,-0.012788077,0.8407829,0.090351254,0.5336263,-29.309387,-116.38974,2574.1533
12.872652,-0.015220641,0.8366373,0.08864727,0.54032207,-36.386215,-144.14642,2587.4229
12.922241,-0.014414805,0.82640666,0.090045646,0.5556402,-33.05073,-126.93473,2590.7183
12.43241,0.0051219487,0.8068658,0.0987708,0.58239645,-30.805487,-77.83067,2548.6233
12.75049,-0.0073123705,0.790069,0.06240489,0.6097894,-30.312233,-43.369217,2516.7021
12.595632,-0.017802462,0.7769883,0.044909008,0.6276586,-29.367706,7.800003,2508.5227
12.529103,-0.014268494,0.7760007,0.036994275,0.6294845,-25.77604,47.611908,2491.559
13.232628,-0.006688822,0.78007686,0.022896864,0.6252288,-19.10534,94.48654,2462.727
13.936057,-0.010275181,0.78003657,-0.0035619333,0.62563926,-20.529457,116.46376,2440.0706
14.498164,-0.010175617,0.78451383,-0.0087233875,0.6199664,-23.077396,117.2968,2426.7366
14.8794155,-0.011939866,0.78415793,-0.004892489,0.6204271,-24.927454,111.65469,2427.9807
15.033294,-0.025996203,0.779138,-0.02274569,0.62589985,-26.721212,111.25488,2439.2205
15.402513,-0.032194793,0.78683555,-0.029911347,0.61559606,-27.978088,111.32655,2450.5078
15.502748,-0.036497805,0.7784663,-0.033151317,0.6257468,-26.147816,111.12996,2471.7102
