13.994007,0.05997599,0.87502325,-0.06649537,-0.47572625,-126.68274,-361.30194,2549.069
13.78334,0.058509726,0.8824883,-0.06708248,-0.46183425,-127.606255,-373.86078,2551.1426
13.737093,0.05634678,0.8872645,-0.065583296,-0.45308456,-128.44865,-370.69827,2549.0366
13.626673,0.054930024,0.8877703,-0.059554253,-0.45310032,-128.8581,-368.99048,2551.2793
13.334825,0.05327134,0.8768661,-0.059102632,-0.47410434,-131.6785,-360.4173,2546.1013
13.152781,0.051300455,0.8793295,-0.060127042,-0.469609,-132.11195,-365.6222,2549.7344
13.206898,0.053693205,0.86421645,-0.058773745,-0.4967824,-131.11299,-369.59137,2552.7224
13.118631,0.051879186,0.87206763,-0.057705063,-0.48319426,-131.9962,-374.5583,2556.3188
13.220754,0.049042605,0.9071817,-0.062994346,-0.4130957,-131.61662,-377.16528,2541.7139
13.105753,0.050508227,0.9092342,-0.06615811,-0.4078789,-132.11938,-385.45978,2550.449
