15.252578,0.36332658,-0.41225156,-0.40865684,0.43903828,-140.87383,-384.41864,2551.999
15.678581,0.29002202,-0.49112895,-0.42392546,0.43905443,-139.72133,-380.85345,2539.3135
16.029095,0.26986545,-0.49680305,-0.41419724,0.43890744,-139.17636,-383.30798,2537.6165
15.796425,0.27209648,-0.5249185,-0.40226427,0.43849838,-138.81631,-383.36975,2544.6992
14.906381,0.31650162,-0.54534084,-0.4126482,0.43839,-143.38962,-386.48846,2549.7085
14.207494,0.32658026,-0.45889837,-0.4263663,0.43918815,-150.0254,-384.5714,2546.603
14.037814,0.3023698,-0.44991335,-0.42104793,0.43922678,-146.45181,-385.88013,2550.7236
14.057447,0.34600914,-0.41309947,-0.41911814,0.43927467,-141.01149,-386.1517,2549.074
13.7698145,0.32348207,-0.39108524,-0.39858416,0.43910605,-140.17264,-385.50958,2547.2993
13.307937,0.329946,-0.35886118,-0.39982525,0.43927908,-143.33282,-386.26666,2542.968
13.315049,0.31652093,-0.44204816,-0.3994576,0.43884876,-139.79958,-385.32318,2537.2627
