12.047198,0.1887311,-0.31042188,-0.3869206,0.43962082,-148.70949,-378.20966,2523.402
12.412083,0.21145307,-0.28536063,-0.3995082,0.4398979,-143.10828,-369.87823,2523.1052
12.49401,0.24858387,-0.2742931,-0.38495395,0.43960428,-140.8924,-372.87915,2537.3694
12.248397,0.32642865,-0.31114367,-0.3988024,0.43950078,-135.71323,-375.34174,2541.4844
12.29153,0.3052968,-0.33599886,-0.4092309,0.43962798,-140.5324,-374.7675,2544.7688
12.952076,0.19565989,-0.47414976,-0.4039596,0.43907523,-138.5159,-382.13354,2529.9163
13.6731,0.23807251,-0.49924555,-0.42551854,0.43918443,-143.19057,-386.38104,2531.9407
14.467124,0.29580244,-0.36392242,-0.4068816,0.4394758,-146.72615,-378.6043,2532.7734
14.95827,0.28184465,-0.29060325,-0.39201355,0.4395865,-144.97565,-372.36932,2537.624
15.472993,0.18736205,-0.29445583,-0.39672053,0.43986085,-143.37253,-385.46796,2529.1506
