14.010951,0.0,0.0,0.0,0.43301272,-259.84357,-114.59128,2475.0347
13.674388,0.0,0.0,0.0,0.43301272,-258.89606,-96.5885,2514.0876
13.559715,0.0,0.0,0.0,0.43301272,-240.34026,170.93959,2203.0493
14.147745,0.0,0.0,0.0,0.43301272,-218.88112,441.13922,2307.2974
14.4832945,0.0,0.0,0.0,0.43301272,-198.7012,571.8018,2359.291
14.30292,0.0,0.0,0.0,0.43301272,-199.73909,565.568,2488.2727
14.485425,0.0,0.0,0.0,0.43301272,-198.30838,572.3152,2478.994
14.699821,0.0,0.0,0.0,0.43301272,-202.17357,542.41797,2384.9424
14.937215,0.0,0.0,0.0,0.43301272,-210.43759,349.07965,2312.199
15.196744,0.0,0.0,0.0,0.43301272,-214.84496,-36.491608,2358.5432
15.424153,0.0,0.0,0.0,0.43301272,-237.59718,-103.87369,2497.7637
