15.418283,0.0,0.0,0.0,0.43301272,181.8958,0.03643799,2427.3506
15.668174,0.0,0.0,0.0,0.43301272,110.20198,585.8572,2630.8198
15.770188,0.0,0.0,0.0,0.43301272,109.42982,440.26086,2484.2722
15.700552,0.0,0.0,0.0,0.43301272,230.43164,523.95844,2341.3313
15.844132,0.0,0.0,0.0,0.43301272,213.84715,640.80457,2438.1128
15.830682,0.0,0.0,0.0,0.43301272,191.3064,623.2566,2484.0676
15.881904,0.0,0.0,0.0,0.43301272,195.65935,518.70355,2410.0906
16.047003,0.0,0.0,0.0,0.43301272,197.58368,434.51172,2375.733
15.841873,0.0,0.0,0.0,0.43301272,187.97858,129.30063,2299.7153
15.581384,0.0,0.0,0.0,0.43301272,185.13646,-26.636993,2391.4067
15.7578745,0.0,0.0,0.0,0.43301272,183.7892,-78.19629,2469.2603
15.86876,0.0,0.0,0.0,0.43301272,184.75394,-80.41913,2481.011
