14.010951,0.0,0.0,0.0,0.43301272,-156.01198,-825.5116,2618.519
13.674388,0.0,0.0,0.0,0.43301272,-156.23149,-822.43524,2617.127
13.559715,0.0,0.0,0.0,0.43301272,-156.78784,-828.7022,2617.311
14.147745,0.0,0.0,0.0,0.43301272,-155.93956,-821.7711,2602.4429
14.4832945,0.0,0.0,0.0,0.43301272,-152.32831,-821.9577,2626.9412
14.30292,0.0,0.0,0.0,0.43301272,-153.49063,-818.39404,2624.554
14.485425,0.0,0.0,0.0,0.43301272,-154.12514,-818.15063,2625.1619
14.699821,0.0,0.0,0.0,0.43301272,-153.60031,-817.1472,2632.8423
14.937215,0.0,0.0,0.0,0.43301272,-154.4846,-817.1499,2628.2114
15.196744,0.0,0.0,0.0,0.43301272,-153.62903,-812.2811,2629.52
15.424153,0.0,0.0,0.0,0.43301272,-152.46303,-817.09216,2628.2363
