13.05212,-0.89208627,1.5408115,-2.385157,0.37382323,-234.78928,319.29837,2159.8252
13.087539,-0.80165243,1.4730414,-2.6571782,0.39290982,-220.24869,314.83536,2184.4983
12.9793625,-0.7459527,1.3538465,-2.8676646,0.40746987,-207.18011,320.36877,2197.3594
12.744252,-0.46842727,1.1562957,-3.1464767,0.42819676,-196.14352,333.84653,2194.127
12.60847,-0.4185748,1.0956985,-3.151345,0.43874142,-188.43912,340.98676,2205.1057
12.671523,1.2243764,0.21633114,-3.1556242,0.44850332,-188.28737,371.90808,2222.3298
12.936174,1.9523792,-0.041199524,-2.6191764,0.44131568,-194.35956,374.534,2227.8818
13.351872,2.500463,-0.35050544,-1.8715012,0.4226842,-215.94571,364.64944,2245.3289
13.226751,2.5350919,-0.36653295,-1.4353021,0.42265686,-227.51375,393.16034,2278.2175
13.078985,2.767244,-0.47464028,-0.13331491,0.3787823,-205.66019,357.72058,2288.36
12.818329,2.4706833,-0.68812245,0.46102667,0.36198956,-368.07764,331.21747,2305.2075
12.675976,2.2711403,-0.9307753,0.60137826,0.34546858,-363.65457,326.12207,2301.9092
12.720461,2.0355692,1.2917936,-2.0456076,0.4012961,-326.16565,244.82912,2226.1582
12.933113,0.7920362,-0.5871964,0.093435496,-0.1383795,77.02101,355.68842,1784.3829
13.722035,0.798762,-0.53923565,-0.10616045,0.24481444,-15.751274,311.12274,1874.046
14.312537,0.7917708,-0.5709227,0.04162141,0.21310538,27.340714,344.1278,1923.8713
14.583445,0.78554606,-0.576102,0.08790354,0.20807871,27.012253,358.81165,1946.6835
13.874405,0.7522899,-0.62210983,0.18519127,0.11288691,-4.960884,327.3446,2093.3337
13.645911,0.7139117,-0.646781,0.24767883,0.10324559,-23.172127,343.35486,2118.2815
13.6251545,-0.6710963,0.67512465,-0.29793337,-0.071218595,-61.47412,364.38516,2160.3635
13.475566,-0.7778614,0.6658668,-1.2758969,0.28186846,-82.733635,361.1744,2173.2214
