15.148234,0.26466176,-0.34283304,0.657373,0.61666864,118.90701,357.00113,2320.0017
15.418776,-0.18463232,0.031153997,0.7403994,0.6455611,157.22899,312.9042,2346.5168
15.550135,-0.1509339,-0.05198606,0.76168287,0.6279774,168.56238,341.1262,2334.0042
15.72543,-0.15279634,-0.0327171,0.76280254,0.6274672,189.14125,340.77634,2349.19
15.829643,-0.1824453,-0.060476106,0.765237,0.6143847,197.5323,312.05258,2357.2896
15.271868,-0.18602397,-0.16896342,0.74379367,0.61936855,197.40483,243.2262,2369.7407
14.894773,-0.54882467,-0.56386405,1.8320016,0.25005996,202.26974,254.7573,2364.624
14.458416,-0.5463749,-0.582221,1.8763683,0.25504875,198.83247,270.25653,2363.148
14.123222,-0.4416462,-0.7870697,1.8650249,0.25915074,196.36482,293.13895,2394.0945
13.720939,-0.20501277,-0.33859354,0.61882985,0.67850846,170.14752,232.34521,2366.3892
13.505257,0.33782557,-0.27373683,0.57147926,0.695955,205.73825,259.76443,2559.2126
14.181017,1.0152828,-1.3654518,-1.5386075,0.30396733,216.97606,282.06906,2607.4841
14.469603,0.6003942,-1.673896,-1.9832859,0.34095854,235.02371,295.00714,2607.743
14.27922,0.72474897,-1.6433916,-1.9294043,0.3373323,231.5797,302.43137,2624.3716
14.590044,0.62238693,-0.75742275,-1.4800477,0.29667014,244.605,304.5333,2640.1636
14.830109,1.6496834,1.3450447,0.34460437,0.30723125,240.6726,303.81015,2658.5845
15.083517,1.9978565,1.337253,0.6830545,0.3224721,261.0909,313.4019,2676.2283
15.463276,2.2144117,1.0437998,0.76507145,0.32804415,234.2784,299.2766,2719.8074
15.621348,1.6212246,0.93356824,1.5187726,0.30135533,-32.989395,326.38242,2744.4287
15.732246,1.2343028,0.11705271,1.9426426,0.29296333,-57.34855,303.93866,2767.9292
15.36247,0.88968265,0.0058293124,2.036033,0.2820644,-100.49831,307.71606,2748.1938
15.498976,0.62127256,0.004108519,2.0996213,0.27835912,-137.56734,297.11615,2716.958
15.802532,0.46878633,-0.031527773,2.0321252,0.26132256,-180.44255,301.14035,2712.806
15.951107,0.38367367,-0.07944424,2.010011,0.2561776,-211.39534,288.8886,2681.2834
15.364402,0.54723537,-0.21346596,2.0144665,0.26362494,-246.74628,303.96463,2627.1948
15.44838,0.5358729,-0.3839614,1.9672983,0.26078096,-268.1202,302.01755,2582.0056
14.254785,-0.037411634,-0.2908313,0.62624526,0.72238106,-340.49792,323.73334,2376.5688
13.865928,0.018858802,-0.30422282,0.6307432,0.7136216,-342.57034,317.3655,2362.367
13.621323,-0.110471666,-0.29459712,0.6376848,0.70311207,-316.09607,285.7247,2236.1323
13.590085,0.0129153235,-0.34018078,0.65436786,0.6752133,-314.65152,269.4506,2217.7888
13.115363,-0.07901689,-0.4408105,0.65745527,0.6059661,-261.7373,316.99692,2062.5776
13.01973,-0.1673424,-0.35261562,0.69791704,0.6004752,-195.65254,304.2221,1944.2815
13.188618,-0.4585452,-0.4865133,0.59474814,0.44644794,-98.068794,239.1152,1886.5558
