15.073191,1.0756823,0.337739,2.0103714,0.29412302,-551.356,251.82419,2455.0762
14.787996,1.0854062,0.16304672,2.0331795,0.2991519,-593.39874,257.25494,2429.6777
14.605625,1.0630511,-0.021719102,2.0398197,0.30231076,-629.75854,259.48132,2394.6062
14.478347,0.9664323,-0.22175649,2.045469,0.30238518,-651.4333,262.2087,2340.5913
14.273598,0.38021198,-0.77904236,2.0094335,0.29130918,-698.8064,281.72028,2291.3416
13.924326,0.12635823,-0.8476924,1.9699509,0.2776201,-691.5213,286.67526,2233.1233
13.582085,-0.20980299,-1.0099028,1.7664114,0.256739,-680.2848,298.20404,2168.8235
13.501676,-0.4817713,-1.0917213,1.6498878,0.25452957,-674.0736,309.31384,2107.6702
13.459503,-0.72967374,-1.1706065,1.5331095,0.25828388,-662.3943,333.3499,2048.9382
13.202418,-0.87277186,-1.2242007,1.4300289,0.26105705,-637.5474,358.214,1971.1337
13.037634,-0.95146143,-1.2706543,1.2517536,0.2582902,-602.15356,381.67743,1885.3911
13.068272,-0.9259816,-1.2773864,1.0814117,0.25043643,-561.2645,404.8498,1818.0927
13.397588,0.40714642,0.5958676,-0.42682105,-0.5449746,-513.9863,406.3587,1754.4585
13.829634,0.41421804,0.6189626,-0.40781966,-0.5281969,-468.3886,439.1275,1723.9052
14.218505,0.41133237,0.6546125,-0.38288212,-0.5056575,-416.7355,464.08142,1696.4797
14.547042,0.40194097,0.7009994,-0.365368,-0.46211416,-354.18738,468.24652,1667.9163
14.829761,0.3905991,0.73426986,-0.3685522,-0.41527027,-272.39923,449.15515,1635.8472
15.123018,0.36852583,0.7344409,-0.41773087,-0.38766754,-199.78818,418.92514,1607.2585
15.330431,0.34776664,0.72170454,-0.48298502,-0.3534492,-126.20243,393.61768,1596.6372
15.562682,0.35155752,0.7328712,-0.5020769,-0.29534018,-60.65789,375.34222,1604.808
15.917928,0.4206399,0.78634197,-0.41374135,-0.18315701,38.539345,348.9429,1644.5336
16.188873,0.5118676,0.8437798,-0.16047826,0.016552147,103.678604,327.9358,1717.4609
16.23598,0.5397227,0.8301273,-0.12226374,0.06811454,124.5079,323.79785,1752.4775
16.326313,0.5887504,0.7952689,-0.077143215,0.12234859,145.72766,320.6935,1790.3832
15.237189,0.60421747,0.69676185,0.22089002,0.31725675,242.58722,313.84967,1968.9227
