13.65838,0.43439722,0.7025965,-0.4300781,-0.36426646,12.677818,397.5473,1785.8734
13.4880295,0.40869865,0.6198789,-0.5392836,-0.39735228,146.24097,394.98798,1793.8732
13.33107,0.55379206,0.8169745,0.14142798,0.076584,211.97757,390.57703,1808.8894
13.364649,0.53605515,0.79080814,0.23789918,0.17513207,259.56284,427.39874,1964.2759
13.436991,0.4811659,0.7098335,0.39081916,0.33447903,297.5342,380.32175,2139.0188
13.488903,0.4489836,0.6623572,0.4495557,0.39698386,297.5514,371.1457,2181.9668
13.070854,0.38309023,0.5651488,0.5385884,0.49373204,288.64127,338.80875,2236.0188
13.085839,0.35124606,0.51817125,0.57159865,0.5304711,280.41885,328.95114,2256.011
13.539396,0.29229072,0.4311981,0.62045664,0.586232,259.19635,284.465,2270.9636
13.733031,0.41107142,0.57531804,0.51514286,0.48441434,287.53064,297.23877,2290.2224
13.938417,0.5039416,0.6700534,0.38585946,0.3849465,268.57944,317.31207,2261.7686
13.808219,0.5826045,0.7347151,0.21021485,0.27672258,189.96828,311.16748,2250.5935
14.038571,0.60764897,0.7385275,0.14003219,0.25638038,135.87329,311.57855,2264.5112
14.001481,0.6283658,0.7128172,0.11000248,0.2914575,105.12272,313.41757,2285.454
13.297964,0.91902655,0.970952,0.30304876,0.25737005,93.31355,320.52274,2289.078
13.609209,1.1809853,1.1469566,0.50165683,0.2715697,90.27615,301.35983,2288.9683
13.957222,1.3072902,1.2161279,0.6105804,0.27857697,89.72949,306.0094,2289.6284
13.659426,1.1513581,0.84625775,0.28573227,0.28704074,102.46925,327.06125,2298.1284
13.70847,1.3183744,0.9690161,0.4968681,0.28621724,77.20332,393.19656,2355.9277
13.255363,0.97995734,0.7448463,0.33561012,0.27687556,-97.502815,351.96313,2410.6455
13.238432,0.39788488,0.30913532,0.06973957,0.2743894,-191.06564,302.38654,2440.6584
13.316522,-0.121365294,-0.09652764,-0.0037639146,0.27423224,-258.8262,279.3449,2468.021
13.335652,-0.98594564,-1.0043358,0.5118584,0.25653645,-365.67377,288.73172,2476.3887
14.062869,0.0010278241,-0.27698955,0.6620118,0.6964309,-394.0944,310.29102,2497.017
13.969884,-0.019968666,-0.28942496,0.63755184,0.71369606,-424.91656,318.75613,2419.3784
14.158144,-0.09637941,-0.34864062,0.60311806,0.7109215,-442.77875,335.8465,2312.8735
13.916391,-0.1441235,-0.41214788,0.5985589,0.6716321,-441.90894,336.19226,2252.1282
13.9014435,-0.19747995,-0.48032916,0.59728575,0.6111753,-433.51685,330.4173,2191.1035
12.954156,-0.17945026,-0.4364756,0.61706996,0.6296914,-393.11273,343.2592,2118.47
