15.148234,0.0,0.0,0.0,0.43301272,138.89664,230.38202,2164.9119
15.418776,0.0,0.0,0.0,0.43301272,194.84053,-48.371643,2466.488
15.550135,0.0,0.0,0.0,0.43301272,223.75154,17.327301,2388.8298
15.72543,0.0,0.0,0.0,0.43301272,238.41539,53.44696,2406.2388
15.829643,0.0,0.0,0.0,0.43301272,248.3394,38.115753,2415.619
15.271868,0.0,0.0,0.0,0.43301272,242.84846,-30.23996,2388.4749
14.894773,0.0,0.0,0.0,0.43301272,202.13683,-7.909668,2362.4307
14.458416,0.0,0.0,0.0,0.43301272,187.46965,-14.437042,2354.5046
14.123222,0.0,0.0,0.0,0.43301272,172.96036,3.7286987,2336.513
13.720939,0.0,0.0,0.0,0.43301272,168.9746,-6.3846893,2316.1982
13.505257,0.0,0.0,0.0,0.43301272,146.46333,76.03493,2328.342
14.181017,0.0,0.0,0.0,0.43301272,226.74423,417.59665,2584.582
14.469603,0.0,0.0,0.0,0.43301272,249.53038,380.04013,2568.994
14.27922,0.0,0.0,0.0,0.43301272,237.92754,350.2952,2605.465
14.590044,0.0,0.0,0.0,0.43301272,249.60228,314.02768,2641.9824
14.830109,0.0,0.0,0.0,0.43301272,89.4675,-27.518799,2801.949
15.083517,0.0,0.0,0.0,0.43301272,34.045303,-16.523651,2777.754
15.463276,0.0,0.0,0.0,0.43301272,-61.801437,-7.842407,2756.4902
15.621348,0.0,0.0,0.0,0.43301272,-180.07616,22.993805,2727.569
15.732246,0.0,0.0,0.0,0.43301272,-192.9906,26.835815,2663.9502
15.36247,0.0,0.0,0.0,0.43301272,-203.20557,5.328064,2647.6372
15.498976,0.0,0.0,0.0,0.43301272,-219.23795,-13.519043,2644.29
15.802532,0.0,0.0,0.0,0.43301272,-219.96118,-31.43219,2637.5774
15.951107,0.0,0.0,0.0,0.43301272,-235.19914,-28.837189,2610.9888
15.364402,0.0,0.0,0.0,0.43301272,-298.87244,3.400116,2521.8337
15.44838,0.0,0.0,0.0,0.43301272,-323.69196,-2.4785461,2445.5752
14.254785,0.0,0.0,0.0,0.43301272,-355.02386,34.097534,2259.8674
13.865928,0.0,0.0,0.0,0.43301272,-348.5342,41.634552,2220.2773
13.621323,0.0,0.0,0.0,0.43301272,-320.02222,-1.6358337,2154.4558
13.590085,0.0,0.0,0.0,0.43301272,-288.20187,6.012848,2074.3726
13.115363,0.0,0.0,0.0,0.43301272,-179.82211,36.596466,1923.3142
13.01973,0.0,0.0,0.0,0.43301272,-133.26683,36.54721,1891.1228
13.188618,0.0,0.0,0.0,0.43301272,-39.357826,-78.14566,1922.6029
