14.350207,0.64626294,2.1132057,-2.2168126,0.39173013,223.66805,394.9146,1953.8961
14.180673,0.7815783,-0.5130189,-0.14328691,-0.32467812,72.57928,574.7815,2084.0261
14.286528,-0.9837659,-1.6531322,-2.5690718,0.4026868,68.16213,593.64215,2090.0535
13.979303,0.8223199,-0.42290598,0.260696,-0.27744925,242.94948,517.8998,1851.4053
14.385362,0.77217484,-0.4452177,0.29942915,-0.34039596,287.79645,539.2353,1892.0708
14.36501,0.76625943,-0.4668796,0.30107728,-0.32283497,324.65823,568.4407,1934.9429
13.794836,0.69532186,-0.41809747,0.37723017,-0.44656396,381.0243,594.7185,2032.7892
13.654126,0.6929433,-0.40071353,0.39381218,-0.45185205,387.57117,613.06836,2062.5178
13.407218,-1.251398,0.646918,-0.7692684,0.25170374,406.59586,588.9321,2127.3928
13.659031,-1.3383076,0.70011765,-0.9236357,0.2683248,416.81186,596.0776,2169.5237
13.589349,-1.5186278,0.728758,-1.2964321,0.30561942,407.51685,595.0097,2272.831
13.5818615,-1.5757946,0.7385232,-1.4745492,0.32030883,406.5308,575.5383,2315.1943
13.330672,0.674937,-0.390357,0.52714163,-0.3379395,381.89737,569.41864,2432.6748
13.253023,-1.5662254,0.15036376,-2.9113762,0.4153583,351.63474,595.80475,2444.6296
13.430568,-1.6073424,0.6344189,-0.7920535,0.27815044,179.84683,610.8247,2435.9849
13.555537,0.6519507,-0.5937452,0.21392357,-0.4203137,102.84113,596.61597,2407.3145
13.505883,0.64248174,-0.59182906,0.26262805,-0.40985614,96.360855,585.0185,2400.4885
13.245163,0.59325945,-0.5501494,0.32951102,-0.4866223,83.36295,580.95844,2403.2222
12.815538,-1.5026783,1.4487181,-1.4182637,0.31915832,4.616025,570.56195,2397.386
12.778204,-1.3372788,1.141213,-0.9169159,0.26427522,-22.836048,567.4048,2372.5674
12.770049,-1.4346104,1.1925019,-1.0573364,0.2817343,-38.78483,566.78613,2356.4084
11.769964,-1.5490205,1.3641775,-1.5579494,0.32820016,-57.656033,600.1136,2354.4602
11.601496,-1.4849564,1.3348207,-1.4290932,0.3147015,-66.56633,612.7341,2344.6245
11.540572,-1.5752642,1.3316517,-1.8976461,0.35306376,-100.25496,597.6546,2286.9692
12.055179,-1.6078749,1.3059514,-2.0099108,0.3623582,-105.33203,586.6481,2280.7356
