12.181325,0.0,0.0,0.0,0.43301272,-62.08761,-612.53125,1877.5946
12.323288,0.0,0.0,0.0,0.43301272,-28.01564,-607.8032,1933.6177
12.3066225,0.0,0.0,0.0,0.43301272,-1.0032043,-637.5419,1960.9601
12.08131,0.0,0.0,0.0,0.43301272,-32.867287,-628.8283,2022.5396
12.208767,0.0,0.0,0.0,0.43301272,-86.35977,-631.54156,2102.3945
12.173216,0.0,0.0,0.0,0.43301272,-151.72185,-663.43835,2175.934
12.138196,0.0,0.0,0.0,0.43301272,-263.79816,-680.36646,2233.995
12.081351,0.0,0.0,0.0,0.43301272,-324.03577,-680.2681,2241.9683
12.166637,0.0,0.0,0.0,0.43301272,-356.09866,-686.97766,2240.4236
12.709292,0.0,0.0,0.0,0.43301272,-378.633,-690.1804,2254.7583
13.205669,0.0,0.0,0.0,0.43301272,-400.90726,-694.50726,2242.236
13.615229,0.0,0.0,0.0,0.43301272,-396.68515,-683.0919,2243.1565
14.013885,0.0,0.0,0.0,0.43301272,-362.7942,-691.5194,2244.893
14.21894,0.0,0.0,0.0,0.43301272,-376.49335,-688.46277,2268.2185
14.643132,0.0,0.0,0.0,0.43301272,-397.2341,-700.7146,2242.284
15.168827,0.0,0.0,0.0,0.43301272,-406.22714,-692.731,2221.3247
14.559777,0.0,0.0,0.0,0.43301272,-418.7934,-667.41486,2108.571
14.648101,0.0,0.0,0.0,0.43301272,-401.14017,-658.0221,2025.5457
14.613095,0.0,0.0,0.0,0.43301272,-349.69022,-654.73016,1933.3502
14.372831,0.0,0.0,0.0,0.43301272,-286.79953,-651.8529,1869.8003
14.265023,0.0,0.0,0.0,0.43301272,-189.25027,-662.5997,1820.4961
14.036975,0.0,0.0,0.0,0.43301272,-166.63087,-658.6848,1808.8861
14.179602,0.0,0.0,0.0,0.43301272,-153.63629,-659.7959,1798.1316
