13.684701,0.0,0.0,0.0,0.43301272,-652.7709,-666.8506,1827.3011
13.578613,0.0,0.0,0.0,0.43301272,-641.6636,-683.0204,1759.0719
13.610974,0.0,0.0,0.0,0.43301272,-619.5157,-706.2972,1724.0394
13.147432,0.0,0.0,0.0,0.43301272,-602.0061,-725.6046,1733.1156
13.085896,0.0,0.0,0.0,0.43301272,-594.1944,-724.251,1758.5626
13.150598,0.0,0.0,0.0,0.43301272,-594.39215,-730.69617,1763.9335
12.785046,0.0,0.0,0.0,0.43301272,-602.49335,-740.40283,1752.1315
12.776228,0.0,0.0,0.0,0.43301272,-605.64325,-730.38776,1756.7463
12.926095,0.0,0.0,0.0,0.43301272,-592.21857,-703.92,1737.062
12.634337,0.0,0.0,0.0,0.43301272,-458.42285,-575.7309,1697.0912
12.742345,0.0,0.0,0.0,0.43301272,-557.3391,-698.7206,1752.1614
12.711596,0.0,0.0,0.0,0.43301272,-538.3893,-744.6472,1808.6534
12.463881,0.0,0.0,0.0,0.43301272,-332.28375,-650.2142,1882.2336
12.617366,0.0,0.0,0.0,0.43301272,-255.64981,-656.675,1899.3293
12.1538315,0.0,0.0,0.0,0.43301272,-169.92514,-670.56494,1951.8721
12.199102,0.0,0.0,0.0,0.43301272,-172.35538,-657.0258,1965.6927
12.376585,0.0,0.0,0.0,0.43301272,-177.46686,-639.8524,1999.5769
