14.102485,0.0,0.0,0.0,0.43301272,-223.61938,-606.5452,1733.2726
13.945349,0.0,0.0,0.0,0.43301272,-176.55618,-628.35815,1736.5923
14.124453,0.0,0.0,0.0,0.43301272,-143.90005,-658.5602,1721.6166
14.071459,0.0,0.0,0.0,0.43301272,-164.21323,-662.2063,1732.5734
13.961558,0.0,0.0,0.0,0.43301272,-155.88141,-672.6729,1717.8846
13.440906,0.0,0.0,0.0,0.43301272,-198.16429,-708.14575,1723.448
13.451955,0.0,0.0,0.0,0.43301272,-189.26315,-701.9403,1742.3148
13.914351,0.0,0.0,0.0,0.43301272,-153.58014,-645.79425,1755.9819
13.778621,0.0,0.0,0.0,0.43301272,-73.928986,-636.198,1824.9185
14.508591,0.0,0.0,0.0,0.43301272,-45.62051,-597.6292,1984.4851
15.105133,0.0,0.0,0.0,0.43301272,-39.226013,-709.69995,1957.1003
15.591436,0.0,0.0,0.0,0.43301272,-129.85774,-643.80206,2066.1497
15.992133,0.0,0.0,0.0,0.43301272,-146.89157,-643.8401,2069.2024
16.199581,0.0,0.0,0.0,0.43301272,-174.14397,-636.71735,2082.7908
16.373837,0.0,0.0,0.0,0.43301272,-169.64386,-637.219,2122.617
15.571877,0.0,0.0,0.0,0.43301272,-232.22882,-608.2579,2146.7651
15.293439,0.0,0.0,0.0,0.43301272,-277.7909,-652.85065,2271.2258
