14.023972,-0.2643275,0.21730293,2.1985588,0.3140321,-462.54187,612.31464,1988.4004
14.307736,-0.3755369,0.23191854,2.1011226,0.33629188,-459.422,608.90094,1989.7092
14.17528,-0.394324,0.14161791,1.9058448,0.3593473,-457.65845,607.85266,1985.3644
14.323853,-0.30186054,-0.012320174,1.6364514,0.37881038,-459.843,592.05804,1968.7993
14.587948,-0.20318913,-0.47722408,1.3155273,0.39268276,-454.10834,598.4053,1933.3303
14.847191,-0.08128783,-0.96535754,1.2506442,0.38811097,-445.95993,606.7853,1909.7844
14.537337,0.5535573,-1.9257089,0.6884018,0.3633591,-419.11176,521.5745,1846.1282
14.51967,0.6226517,-1.9663959,0.7470371,0.34871045,-408.54642,593.20416,1853.8119
14.513452,-0.7492313,-1.408789,1.3022505,0.2580705,-420.2296,525.0231,1868.8285
14.395397,1.585762,-1.412705,0.39910626,0.3790928,-325.23996,404.61838,1774.0017
14.467155,1.2268755,-0.92597467,1.1885327,0.37384954,-297.76566,428.2006,1780.5951
14.266071,-0.0132892085,0.73042667,0.041946217,-0.6815708,-367.7004,546.4685,1895.2506
13.667517,-0.51606846,0.81204736,0.37493548,0.41752362,-179.69922,446.09644,1898.0543
14.003072,2.0316541,1.2836508,-1.6059633,0.4383222,-324.1581,595.4768,1972.1174
14.184872,-2.6068583,0.84479064,-0.6341046,0.3889423,-279.56244,588.87146,1998.7058
14.724805,-2.3976164,0.65135765,-0.2785692,0.40321362,-264.87512,594.0623,2004.1761
15.160799,2.1371577,0.53265905,0.17804016,0.4134503,-228.98958,558.93677,2026.2551
15.502731,-1.2714473,-0.2038587,-0.42222935,0.4367381,-183.58673,584.8848,2074.4612
