12.173936,-0.028135667,0.72052,-0.009191825,0.6928022,-47.928024,65.862976,2191.3845
12.241875,1.1749154E-4,2.2023318,0.039375395,0.2775041,-54.195305,72.18378,2223.6797
12.394858,0.086519256,2.3827941,0.06399885,0.30900803,-74.026306,69.44797,2252.3247
12.1411,0.25069782,2.4634855,0.037506517,0.32801867,-96.88707,59.403625,2266.024
12.563701,-0.09601798,2.4425316,0.01731447,0.34132978,-181.10744,38.536575,2257.1301
13.59403,0.08244279,0.9825575,-0.0832897,-0.14438437,-310.99478,36.126633,2242.2966
13.989279,0.054657366,0.99425834,-0.048806887,0.07797956,-390.83066,30.11142,2213.628
13.499219,0.15922104,0.97253984,0.0014776022,0.169743,-495.17093,38.36238,2160.1548
13.355353,0.18004112,0.9156134,-0.0147452345,0.35919324,-528.7656,30.690369,2138.7205
13.392238,0.17970963,0.89399874,0.050098125,0.4073829,-565.13745,21.371689,2125.8723
12.995409,0.14641383,0.82825136,0.04516014,0.53900194,-619.379,24.941406,2054.5293
12.936495,0.117135495,0.7879164,0.032478776,0.60366553,-635.9168,23.340118,2015.1826
13.0468025,0.0868132,0.74373347,0.02859977,0.6621979,-636.8013,22.689484,1986.821
31.491064,0.23696198,-2.362942,-0.04747356,0.3105986,-476.04178,157.77536,2027.6909
29.4199,0.48170108,-0.46615934,0.22050595,0.42530537,-485.15567,130.01195,2043.2097
