12.914738,-0.033324298,0.8447592,0.50999564,0.4158869,100.35133,292.97235,2061.7483
12.971561,-0.072371066,0.81307936,0.40049544,0.4191097,143.59242,297.94968,2056.4348
13.461694,0.08077105,0.58547544,0.05277482,0.42990363,186.57608,302.46472,2051.9634
13.710199,-0.21897693,1.2351042,-0.48118016,0.43172604,315.3932,306.73438,2019.375
13.914908,0.05511649,0.94834375,-0.20492738,0.23582007,360.65646,247.83269,1958.1418
13.806104,0.049734253,0.94915426,-0.23814388,0.19980027,374.8378,231.79555,1961.762
13.542212,0.06435637,0.95537895,-0.19870165,0.20887065,403.52353,228.44037,1996.0266
13.373435,0.07583411,0.9530057,-0.16372602,0.24335814,407.39194,219.04465,2033.1786
13.403826,0.078450054,0.95776546,-0.1201765,0.24917582,417.88696,210.72502,2064.8318
13.418858,0.09912307,0.9685557,-0.06361555,0.21915177,456.2871,184.3824,2120.6921
13.541598,0.123610854,0.9662962,-0.09045683,0.20690474,475.8032,136.82065,2155.8184
13.620882,0.15569837,0.9539961,-0.11216732,0.23036467,522.2828,178.96092,2261.7332
13.571356,0.19103257,0.9212714,-0.22415242,0.25401047,528.0321,193.64133,2301.7832
13.11814,0.16813265,0.8199833,-0.22629705,0.49814492,497.05417,197.32268,2368.4626
13.916546,0.12504564,0.8068271,-0.15340665,0.55665076,464.26096,188.47017,2411.8994
13.948788,0.020196468,0.8034303,-0.052719977,0.59271616,440.5347,177.51904,2432.8235
13.4495535,-0.07400624,0.7478795,0.09152099,0.65331715,371.04266,163.72021,2482.2043
13.29074,-0.21125467,2.1348608,0.26125145,0.27545118,337.71332,165.94048,2498.0134
13.520513,-0.090125345,0.6965202,0.087920144,0.70640427,306.47263,162.77583,2513.251
13.148442,0.1667162,2.1654675,0.27876705,0.2760742,230.15218,144.55618,2538.9146
13.95963,0.11178126,2.363172,0.35691813,0.32555762,147.69766,139.40915,2536.3416
14.485911,0.17661044,1.9420147,0.71137404,0.3766533,81.11772,134.72658,2554.4092
14.98418,0.49456298,0.9291438,-0.17454554,0.43187866,53.08811,199.35597,2577.3894
15.314645,-0.046246868,-0.50056016,-0.7944393,0.44569594,-16.151062,208.4052,2569.9626
15.665932,-0.4866825,-1.1785737,-0.33892438,0.4320639,-73.72031,199.76492,2556.6687
15.865812,1.0749872,2.3228176,-0.70089203,0.40395367,-98.10424,206.9454,2558.1238
16.072731,0.6256468,2.3567715,-0.3343474,0.30781075,9.941147,256.81732,2517.172
16.167744,0.63408035,1.9531407,-0.22167599,0.26545528,16.627571,246.52444,2459.9973
16.346577,0.80930585,1.9960448,-0.10957404,0.27593848,-1.1567802,226.62294,2409.2302
15.819908,0.72633785,2.1350274,0.046120908,0.28263888,-93.71408,187.44685,2322.316
16.136673,0.5790251,2.2744288,0.029890267,0.29384717,-118.92507,186.09242,2265.3823
