23.924198,0.17592011,0.5060479,0.21497208,0.42686677,-310.77808,357.12418,2682.8901
21.894325,0.3345724,0.63361776,0.154019,0.4274582,-317.70483,366.11798,2659.091
21.325209,0.5148455,0.69984597,0.14729293,0.42700955,-319.79108,366.23688,2650.8323
20.4507,0.36101466,0.5751446,0.1993529,0.42680192,-315.3517,363.7383,2638.8635
19.798187,0.27135652,0.6180956,0.16517042,0.42731246,-315.837,359.67245,2626.6123
18.84207,0.14795218,0.4736666,0.12776591,0.42902368,-314.3551,360.3353,2592.0132
18.336435,0.23975913,0.65755105,0.07317949,0.42907295,-317.0387,357.8202,2562.705
18.17964,0.20426269,0.6814417,0.04251549,0.429532,-315.76407,363.21436,2542.744
17.604973,0.19202898,0.75126,0.025819857,0.42928615,-305.37167,357.4303,2501.1138
16.822512,0.09398269,0.47179466,-0.043926157,0.43268272,-297.66644,356.3632,2463.37
16.038343,0.40744168,0.81692195,-0.07247319,0.43089727,-293.10083,350.45505,2406.0989
15.534656,0.61716247,0.05535442,-0.13159928,0.43462697,-283.5719,364.82108,2355.9846
15.287107,0.4755971,-0.060759287,0.011985899,0.4319637,-265.56702,365.31818,2338.6077
14.912015,0.06950071,-0.7217678,3.6711115E-4,0.42960244,-249.77654,375.86142,2306.6519
14.893531,0.14713553,-0.95974666,0.05443247,0.42540208,-236.92169,367.2951,2298.1165
15.1355,0.15704276,-0.9968717,0.09984072,0.4237893,-231.4384,371.16583,2292.6191
14.287009,0.11656054,-1.0086366,-0.04323635,0.42702705,-196.87798,376.13763,2224.1785
14.734397,0.22582208,-2.3589215,0.049482733,0.36180907,-164.69897,348.73294,2181.8926
14.8734865,0.26159215,-2.389872,0.07554979,0.33127606,-159.94939,361.80432,2176.364
14.476506,0.3957013,-2.3276968,0.055102292,0.35851493,-133.25914,364.6888,2116.5217
14.253755,0.115790464,-2.3977714,0.16724373,0.33593267,-116.45911,353.2486,2114.7058
14.4153805,-0.029476851,-2.13867,0.06784678,0.26847917,-79.225815,362.90872,2084.3147
14.671219,-0.010773056,0.7040786,-0.027280131,-0.7095158,-56.757145,363.71735,2077.4485
14.729683,0.37253028,-2.1604242,0.020044198,0.27873906,8.228149,360.47852,2018.7136
14.431525,-0.08569826,0.73088324,0.010188674,-0.6770239,44.600693,331.2755,2018.7711
14.302737,-0.08473834,0.75634664,0.009984042,-0.6485824,61.47685,339.7349,2011.0118
14.041647,-0.047431197,0.83192796,-0.03658456,-0.5516406,92.985535,324.8018,2028.8059
13.668668,-0.075160496,0.72960526,0.023933398,-0.679304,174.21698,332.9561,1943.7877
13.403503,-0.12830375,2.1904833,0.00784837,0.27697593,237.57965,284.56476,1988.3564
13.36484,-0.54077727,-0.8814043,0.30867383,0.42147762,269.89932,321.29886,1952.6178
13.319033,-0.4496668,1.977036,0.27895394,0.38450828,316.19623,308.03778,1982.4866
13.159296,-0.59188783,1.8246877,0.14901984,0.39534774,327.55927,353.9875,1991.1624
12.957539,-0.26016626,1.92445,0.24235776,0.39256716,324.5317,383.1028,2029.8145
13.22694,-0.7421246,1.2398843,-0.22737773,0.4224641,329.72913,386.54636,2079.579
13.189952,-0.57505715,1.3981948,-0.058294058,0.41662246,365.06332,375.55942,2080.8706
12.847199,-0.48650026,1.1539413,-0.018625656,0.42189756,384.17706,369.3241,2099.6326
12.50605,-0.42334744,1.3222854,0.24437386,0.41219,426.99313,394.07153,2126.6167
12.362061,-0.5820556,1.2554975,-0.03131962,0.4192941,424.8953,366.8041,2170.453
12.872955,-0.4637135,0.7945932,4.603327E-4,0.42715085,444.8095,367.01572,2201.6182
13.582404,-0.3516677,0.44460756,-0.113183305,0.4332877,451.59348,381.63895,2227.4463
13.92818,-0.2584787,0.5634707,-0.03127519,0.4310673,449.84006,377.8528,2244.2136
13.857885,-0.3897941,0.42369628,0.1440222,0.42778045,448.09845,374.44864,2254.242
13.918633,-0.2532381,0.45872834,0.09703265,0.42907345,443.3928,393.3641,2269.546
13.898926,-0.10420411,0.4608867,0.088481165,0.4296328,436.80203,387.28174,2290.6252
13.604286,-0.16629423,0.24563393,-0.08993177,0.43428805,407.97495,369.85297,2315.0938
13.312506,0.13673423,0.9883905,-0.2739945,0.43283314,411.66318,328.65332,2364.6072
