20.769495,0.5530967,0.71616757,0.32401365,0.2760492,-274.16025,248.96385,1690.274
19.580917,0.74815315,0.8296519,1.8485632,0.270176,-347.87466,200.00388,2091.8286
18.597713,0.0024621408,-0.80319387,1.9243368,0.26367846,-398.08215,231.6905,2088.9473
17.841671,0.2789488,-0.067842916,2.0921526,0.26586702,-325.50623,174.75517,2008.7108
16.939789,2.2338073,1.4561037,-0.9845061,0.3721066,-110.54867,130.247,1652.731
16.319765,1.2477586,1.227082,-0.58966666,0.3133834,-202.84703,182.08821,1841.1141
15.314009,-0.07576034,-0.22967808,0.71336824,0.65773404,-219.6496,562.9771,2162.1772
14.955539,-0.3804554,-0.61773694,1.9232517,0.25703025,-181.03377,254.34857,2089.5334
14.780912,0.116513506,-0.25490737,0.69374526,0.6634488,-227.34685,247.85147,2174.621
14.472427,0.095677905,-0.29487267,0.6605075,0.68383163,-253.6175,187.83734,2168.6304
14.736443,0.012685732,-0.35901013,0.6392846,0.67990154,-223.00949,308.65833,2154.6533
14.635645,0.05906319,-0.3627258,0.6600622,0.6551789,-214.77715,321.1112,2166.567
14.605637,-0.5057844,-1.0092516,1.6690664,0.2519697,-167.48044,298.19754,2173.1658
14.700041,-0.2551401,-0.42812607,0.5552411,0.66582197,-232.1952,305.48148,2210.1802
14.906553,-0.23471546,-0.2615206,0.6628814,0.6611385,-174.15105,352.32843,2162.331
15.137792,-0.67203486,-0.6614072,1.7627649,0.2515197,-157.91588,348.4199,2153.8167
14.873525,-0.28006163,-0.26620856,0.6651651,0.6389474,-154.1894,363.91174,2157.703
14.424486,-0.01733732,-0.28868407,0.6569394,0.6962697,-141.45288,505.93628,2256.4602
14.163924,0.10992404,-0.18802905,0.65993845,0.719057,-126.92102,361.64606,2210.9475
14.738209,-0.40970275,-0.7118888,1.9084417,0.25999358,-128.5363,380.65417,2183.4424
14.831046,0.29711488,-0.16628978,2.0059755,0.25453287,-154.39713,386.7954,2196.4968
15.225109,0.39662102,0.264826,0.6636274,0.5763312,-113.71561,380.81674,2277.3823
15.316669,0.4554886,0.2407391,0.6835046,0.5171037,-90.528656,437.14276,2341.3345
15.060629,1.164064,0.5301745,1.6216136,0.26415572,-101.897575,423.4392,2373.9802
15.235713,1.0489495,0.28556427,1.7400059,0.25920862,-108.75503,414.57837,2395.4846
15.101339,0.07292729,-0.024098001,0.73049146,0.678589,-143.75908,416.5604,2387.1392
14.815559,0.27249306,0.16585398,0.76145005,0.5642993,-135.53893,421.91464,2448.56
15.222349,0.36614406,0.31504753,0.7037582,0.52096844,-183.22687,423.4427,2455.8047
14.832284,0.22423671,0.20648804,0.75991774,0.57411283,-189.0088,454.09198,2466.647
15.057492,0.14644337,0.18891555,0.75372493,0.6121795,-230.53018,401.40662,2449.2908
14.948191,0.122845836,0.23331842,0.73620236,0.6232795,-276.78122,435.65073,2420.0645
15.154684,0.16438511,0.29455253,0.70586437,0.62287384,-286.7637,391.1669,2424.881
