15.519401,-0.66918963,0.7251708,-0.05997275,0.15071791,-83.12364,291.69592,1814.7383
15.6437,-0.10796439,-0.64545166,0.7028228,0.27888334,-33.168495,11.939789,1844.4336
15.894279,-0.62535053,0.75549173,-0.11036254,0.16121112,-22.631248,294.98132,1807.8873
15.968728,-0.39076683,0.61299413,-0.52166003,0.4465537,41.803616,253.49695,1820.535
16.152182,0.6538728,-0.5385367,0.23196533,0.47814277,-96.106064,278.79944,2087.6477
15.525218,1.4935886,1.8168705,-2.3150826,0.414698,66.35976,230.55151,1984.9454
15.826971,0.7558033,-0.61488837,-0.029002165,-0.22323178,160.46089,291.34668,1923.272
15.920516,0.7219309,-0.632879,0.12475725,-0.25043067,159.63287,330.01392,1901.0225
16.04232,-0.4125227,0.5410455,0.5492566,-0.48519272,160.94531,182.22595,1841.981
16.217012,1.4839536,-1.2347957,-1.0916877,0.2882691,159.52808,261.70322,1851.4731
16.009573,1.5528233,-1.2713109,-1.0728672,0.2925543,176.18587,302.69888,1854.7302
15.634682,1.5428456,-1.1967013,-1.0824333,0.29040626,200.29327,309.75854,1896.8344
15.413233,1.2649612,-1.040134,-0.8999015,0.25660127,237.44324,308.599,1940.9536
15.519916,0.5840319,-0.49390867,-0.395491,0.50847596,243.51627,332.81738,1950.5006
15.225711,0.5847554,-0.49993664,-0.3613249,0.52684796,237.93547,330.95386,1952.5869
14.743646,0.577017,-0.5080267,-0.357442,0.53027856,236.77231,316.56052,1972.3531
14.39655,0.5986297,-0.5111536,-0.35505933,0.50427896,241.02615,300.9707,2002.6862
14.826115,0.6520838,-0.46509725,-0.40212828,0.44358099,234.64444,320.4552,2015.59
15.111881,0.6192468,-0.5541202,-0.21229105,0.5142147,241.45998,313.10287,2030.1635
15.293584,0.62514937,-0.56582975,-0.20457156,0.4971674,253.1306,311.66052,2065.7947
15.174067,0.59795,-0.5587403,-0.2550915,0.5149694,259.27243,315.1225,2094.546
15.080246,0.55792695,-0.52709675,-0.29268372,0.570283,283.34747,177.27374,2056.226
14.419628,0.5718176,-0.5480146,-0.26544917,0.5497649,249.25085,289.68848,2118.2344
14.674619,1.3936573,-1.3703314,-1.6762177,0.32923347,355.78583,246.98732,2182.5173
14.014493,-0.5430651,0.5657001,0.2783438,-0.5546065,291.68457,291.56787,2217.684
13.800602,-0.6073266,0.6343344,0.12146392,-0.46262363,286.00543,269.255,2210.8474
13.845755,-0.5845786,0.6556165,0.18632919,-0.4401321,330.0398,167.7208,2315.8623
14.41245,0.89361036,1.0267619,-0.98337173,0.31292206,348.44553,156.88245,2407.904
14.748621,-1.1670505,-0.024275336,-3.2337003,0.42977563,333.66708,216.67767,2330.677
14.969384,-0.15554804,1.3341138,-2.2747383,0.35627615,339.9006,210.21716,2339.1897
14.974577,-1.1217263,0.110826366,-3.1800652,0.42272854,355.44476,148.04489,2382.959
15.313365,0.093167976,-0.101056784,0.689866,0.71076864,327.70303,100.907745,2496.1636
15.160054,-0.10865392,0.13070638,0.7438131,0.6464148,364.9227,127.3486,2522.6345
14.954721,0.32560733,0.68855166,-0.6430923,-0.079427004,337.68597,199.7948,2376.4915
14.579316,-0.2867622,-0.60640705,0.73504543,-0.09872297,330.4211,173.23328,2427.5552
14.705535,0.25842947,0.54649276,-0.82651466,0.27478585,315.84967,152.26999,2465.8184
15.180655,0.3632417,0.768136,-1.4230444,0.3168218,288.19867,153.31287,2482.7175
