15.397968,-0.049290583,0.03809067,-3.4631548,0.43296435,-162.43285,287.38174,2200.6113
14.148196,-0.039928727,0.030856026,-3.4634736,0.43298018,-181.52373,308.94315,2257.5627
13.513354,-0.035936978,0.027771292,-3.46359,0.432986,-190.12022,320.6102,2301.832
13.277332,-0.032344103,0.024994802,-3.4636848,0.43299073,-211.7975,325.84372,2340.7349
12.78445,-0.029110305,0.022495799,-3.4637618,0.4329946,-239.74394,328.38235,2364.3147
12.354525,-0.026199723,0.020246567,-3.4638238,0.4329978,-275.58472,334.67264,2394.5698
12.114722,-0.023580093,0.018222172,-3.463875,0.4330004,-310.18344,326.26523,2416.585
11.890804,-0.021222334,0.016400147,-3.4639163,0.43300247,-339.1007,322.70468,2421.966
11.743101,-0.017190397,0.013284355,-3.463977,0.43300566,-180.88197,314.65692,2375.7761
11.730348,-0.015471464,0.011956002,-3.4639997,0.43300682,-173.02846,308.5501,2318.1475
12.382677,-0.012532014,0.009684459,-3.4640322,0.43300855,-186.18216,296.51886,2254.8877
13.397694,-0.0101510035,0.007844467,-3.4640543,0.43300977,-210.9333,299.36194,2223.0903
14.226758,-0.008222355,0.0063540502,-3.464069,0.4330106,-220.25049,297.4604,2200.5317
14.907757,-0.0066601313,0.0051468005,-3.4640791,0.4330112,-237.55635,288.89807,2179.3
15.3806925,-0.0053947205,0.00416892,-3.4640858,0.4330116,-245.36542,294.9649,2170.454
15.843346,-0.0043697334,0.0033768318,-3.464091,0.43301192,-258.6063,301.81036,2164.759
16.232964,-0.0035394884,0.0027352374,-3.4640937,0.4330121,-272.18454,301.74115,2157.1104
15.835332,-0.002866989,0.0022155445,-3.4640958,0.43301222,-300.04245,300.4344,2134.577
16.047775,-0.0023222633,0.0017945931,-3.464097,0.43301237,-329.78168,286.73114,2114.9666
15.507133,-0.0018810347,0.0014536214,-3.4640982,0.43301246,-387.13098,286.89423,2085.711
14.82173,-0.001692932,0.0013082597,-3.464099,0.43301255,-417.4992,284.2516,2067.3394
14.484143,-0.001523639,0.0011774342,-3.4640996,0.43301255,-433.42798,279.5381,2054.6755
14.299127,-0.0013712753,0.0010596912,-3.4641001,0.43301257,-445.8462,281.46716,2040.0781
13.688553,-0.0011107334,8.583502E-4,-3.4641001,0.43301257,-469.83575,304.37946,2016.4661
13.485668,-9.996603E-4,7.725152E-4,-3.4641006,0.43301263,-476.41074,312.32526,1992.6189
13.344388,-8.9969445E-4,6.952638E-4,-3.4641006,0.43301263,-474.88205,317.07526,1984.3534
12.763609,-7.287527E-4,5.631638E-4,-3.4641006,0.43301263,-481.79504,337.21478,1944.9968
12.712099,-6.5587764E-4,5.068475E-4,-3.4641008,0.43301266,-472.6656,337.7433,1927.9724
12.306925,-5.31261E-4,4.1054667E-4,-3.4641013,0.43301272,-440.28925,338.52667,1871.9047
12.231265,-4.7813496E-4,3.6949202E-4,-3.4641013,0.43301272,-419.42557,340.30865,1846.4861
12.271751,-4.3032152E-4,3.3254284E-4,-3.4641013,0.43301272,-403.82333,343.77643,1824.7472
12.16934,-3.8728942E-4,2.9928863E-4,-3.4641013,0.43301272,-376.6082,354.61786,1814.4618
11.200659,-3.1370448E-4,2.424238E-4,-3.4641013,0.43301272,-326.27423,383.45972,1786.2277
11.109867,-2.8233405E-4,2.1818143E-4,-3.4641013,0.43301272,-295.04785,388.63562,1771.1406
11.207623,-2.5410065E-4,1.9636334E-4,-3.4641013,0.43301272,-273.19116,389.17487,1752.2518
11.123782,-2.286906E-4,1.7672699E-4,-3.4641013,0.43301272,-251.23547,382.98163,1724.1178
10.863168,-1.852394E-4,1.4314889E-4,-3.4641013,0.43301272,-197.1673,376.49597,1666.1486
10.943868,-1.6671546E-4,1.2883401E-4,-3.4641013,0.43301272,-169.67467,369.43817,1640.0198
11.097049,-1.500439E-4,1.1595062E-4,-3.4641013,0.43301272,-139.80652,358.68427,1610.6985
11.235885,-1.2153557E-4,9.3920025E-5,-3.4641013,0.43301272,-74.19367,359.91693,1563.2218
12.061459,-9.844383E-5,7.607524E-5,-3.4641013,0.43301272,-38.298412,346.39728,1534.7655
12.259771,-8.859946E-5,6.8467714E-5,-3.4641013,0.43301272,-29.912258,340.02716,1531.3828
12.439686,-0.14384834,0.07594865,-3.4473777,0.43147588,7.9342012,364.35266,1590.2943
12.750608,-0.4663544,0.17716075,-3.4373078,0.43453875,71.74881,362.17065,1632.4937
13.014795,-0.5691806,0.17415038,-3.4326508,0.43701673,102.6003,359.21027,1645.5962
13.181577,-0.68734723,0.11797177,-3.4182167,0.44030753,154.95404,358.872,1674.0325
13.641155,-0.73260486,-0.1514678,-3.4070907,0.44389755,209.81812,364.8288,1701.6272
13.891533,-0.72654986,-0.3361644,-3.3902147,0.44479144,238.89215,368.89743,1748.0338
14.168945,-0.72501695,-0.47203547,-3.3714392,0.4443972,266.62988,372.88983,1788.0721
14.238533,-0.6681187,-0.53296584,-3.375461,0.4437145,274.77582,368.89832,1809.0306
13.980018,-0.5314373,-0.64072007,-3.3781173,0.44277313,300.8794,365.65573,1853.7266
13.967323,-0.3592479,-0.69935465,-3.384027,0.44230407,316.365,358.23315,1900.5115
