15.557543,0.5560638,0.8193632,0.114690855,-0.07926602,-240.9488,356.53784,1562.5228
15.398926,0.48895913,0.8639372,0.09036097,-0.079789355,-230.03284,355.29947,1589.8143
15.288166,2.1276703,1.8884138,-0.39458323,0.3611977,-110.145615,277.31055,1566.8649
15.576293,0.72128993,-0.600466,0.25107557,0.23694396,-127.23103,71.84845,1630.5999
15.839886,0.649036,0.698145,0.17962998,0.24306138,-54.959,407.36475,1536.9586
14.923818,0.48919034,-0.5387899,0.55866903,0.39785314,-99.54318,223.705,1890.5397
15.135805,0.8323142,0.36334085,-3.370777,0.44115734,-92.06104,206.29839,1886.7548
15.275994,-0.080073714,-0.22180863,0.6896506,0.68466866,-179.76129,480.8758,1917.194
15.292336,-0.06869302,-0.10465078,0.72235,0.6801028,-154.2869,543.0317,1995.0404
15.444455,-0.025586162,-0.123950705,0.7108349,0.6918781,-113.37573,443.2732,1961.006
15.599727,-0.070602655,-0.14057589,0.7032516,0.6933187,-104.07957,407.6735,1955.9833
15.736266,-0.08204082,-0.17022727,0.7059929,0.6825438,-107.82608,397.18872,1967.2142
15.878266,-0.2672059,-0.025152441,0.68792903,0.67433083,-100.116684,356.7386,1932.9277
16.085234,-0.09011133,-0.23607501,0.706958,0.66057473,-87.6573,398.69406,1923.5265
16.27229,-0.08453246,-0.65922576,1.934893,0.25653657,-66.31922,288.69556,1972.9259
16.424818,-0.0990581,-0.2430761,0.66863316,0.6957235,-68.254654,349.13153,2000.0273
16.4947,0.070695035,-0.17309509,0.67628384,0.712517,-67.424225,263.8337,2036.9309
16.554562,0.06688463,-0.083063,0.7071986,0.6989257,-54.904507,329.52765,2029.184
16.631474,0.037835073,0.0034621758,0.7121975,0.7009502,-49.64635,336.73462,1998.1045
16.681862,-0.1339695,0.18990624,0.70909846,0.665708,-41.483162,385.64233,2015.0721
16.522718,0.05047195,-0.13488069,2.0788264,0.2616249,-35.054832,389.9673,2027.6807
16.658903,-0.12700795,-0.07978589,2.0473988,0.25695226,-31.67838,360.96796,2024.3022
16.74193,-0.022562182,-0.2149681,2.0024102,0.25179842,-32.078987,385.23538,2059.0671
16.763248,-0.6918523,0.7014264,-0.16667834,-0.03949306,-26.47958,360.51077,2201.2827
16.723173,0.17744122,-0.39017472,2.0100467,0.25786453,-6.3513775,374.9937,2109.4795
16.768318,0.51797754,0.090615794,2.0417514,0.2642965,36.134727,436.0813,2126.116
16.86491,0.13551699,0.07428684,2.0641694,0.259384,28.346436,325.48257,2107.7107
16.873964,0.1510985,-0.023151275,2.0622337,0.2591221,26.972597,319.63556,2125.0796
16.618443,0.42303908,-0.014860885,0.7094536,0.5634649,156.3318,442.26505,2196.7788
16.298332,1.5049679,0.73820776,0.8635398,0.28571942,139.82368,417.18692,2207.2625
16.455772,0.07801609,0.042124584,0.026598671,0.28962034,193.02068,446.08032,2295.2434
16.589455,0.11502117,0.062307667,0.044057958,0.2880029,190.8633,445.08716,2342.2935
16.06974,0.5513416,0.42019778,0.20738745,0.26997602,171.34071,443.78394,2367.365
15.801532,1.0836942,0.836805,0.60705155,0.2690303,110.0047,427.47867,2407.8687
15.313296,1.1791381,0.9342916,0.40446803,0.28080663,146.34975,429.17944,2412.7014
14.945446,1.1467731,0.971443,0.44764122,0.27528566,134.92026,435.55298,2441.2822
14.200988,1.1672081,0.9710135,0.37412107,0.27964777,112.90618,437.0539,2487.289
14.153398,1.1227325,0.9527152,0.35097054,0.2775691,104.193855,447.88568,2504.268
14.616459,1.007763,0.89258474,0.28662714,0.27262866,85.338615,446.9084,2533.358
14.580278,1.0136977,0.91496444,0.28144407,0.27212965,72.77637,435.1675,2540.7092
14.487278,1.0521541,0.96642244,0.30972782,0.27206504,47.131992,426.871,2555.2395
14.906691,1.1479766,1.0243398,0.36486968,0.27636966,15.734236,425.44745,2559.3674
15.293774,0.56708163,0.7192841,0.2782039,0.2892252,-111.81024,399.04605,2591.6545
15.415464,0.57735574,0.7046331,0.26777482,0.31376606,-110.23631,396.54984,2590.473
15.209925,0.52610725,0.6440277,0.35058847,0.43072855,-159.65636,395.8117,2588.8337
15.363038,0.52253246,0.64524066,0.3324395,0.44733474,-161.71307,397.35715,2587.5928
15.681576,0.5412387,1.7991483,1.2273792,0.28672445,-217.65411,380.27222,2585.1494
15.781788,0.892136,1.59124,1.43486,0.29424375,-247.1419,395.76993,2580.6917
15.531426,1.9123994,0.245384,1.608107,0.32535058,-265.00244,390.3781,2576.2085
15.359568,2.2139082,0.9229548,1.2167315,0.34148133,-277.87927,396.29608,2596.255
15.69814,2.3428156,0.5890012,1.1853245,0.3462961,-337.60352,399.06128,2590.144
15.9971895,1.2866547,0.48281145,1.7926168,0.28235465,-560.5615,379.32074,2481.266
16.25025,0.92051023,-0.10211344,1.9571513,0.27212328,-576.499,402.2411,2505.9993
16.428682,0.85376847,-0.16281119,1.9468901,0.2675524,-597.8561,399.2735,2472.4365
