14.453587,1.431037,-1.3541905,-0.7468527,0.2681642,-384.19333,259.84763,2319.1143
14.399912,0.3297596,-1.4254906,-2.8179996,0.43938732,-272.4475,459.44467,2133.3018
13.767622,0.572932,0.7889121,-0.21274552,0.064077586,-48.40776,127.362305,1777.6738
13.623549,1.3094562,-0.7190122,-1.1823292,0.28775576,-145.60115,277.75766,1960.4307
13.620495,1.8980793,0.7512184,-2.506185,0.41003922,-248.72144,431.27148,2368.1724
13.354015,0.7740211,-0.63040334,-0.05891509,-0.0034680257,-25.537575,109.45065,1887.127
13.258154,0.72169167,-0.6893969,0.019111065,-0.05939492,3.1498127,201.18172,1903.182
13.185331,1.1585228,-0.89611703,-2.6393368,0.38653028,-9.415031,259.15002,1922.5327
13.520793,0.82748556,-0.6042962,-2.6755238,0.38434225,-32.714542,263.11176,1911.1029
13.2882395,0.9671502,-1.2980326,-1.9302461,0.33344606,155.6264,106.93005,1857.4719
13.480257,0.97365177,-1.0741137,-1.2491738,0.27337506,168.77394,106.377106,1888.252
13.569552,0.7903607,-0.3528882,-0.43857354,0.24177073,92.83816,242.31116,2130.4856
14.15441,-0.7790989,0.94449794,-3.1160748,0.43952978,158.29614,229.94952,2002.727
14.183489,-0.44788077,1.5567638,-1.9855052,0.33644196,213.7769,186.79779,1992.8212
13.98585,-0.40646335,1.4527801,-1.7326437,0.31350443,209.38268,244.79092,1987.6372
14.2519,-1.5026176,1.0066936,-2.4551933,0.38435894,243.022,285.61328,2017.2849
14.306248,-1.4742534,0.978645,-2.588329,0.3932895,250.3513,302.47083,2030.9448
14.012618,-1.4651337,0.6723549,-2.883621,0.4129778,245.04176,292.12717,2064.5562
13.870532,-1.3827801,0.63862765,-2.9534242,0.41540065,251.90924,279.89313,2078.713
13.739515,-1.3893209,0.579164,-2.9511294,0.41436464,255.36194,268.9057,2117.8293
13.63134,-1.3554356,0.30672485,-3.0357697,0.41813594,254.00366,279.89792,2117.0598
13.244979,-1.3170131,0.56524867,-2.9180803,0.4087529,265.797,296.25027,2160.419
13.036829,-1.3762437,0.5983343,-2.904662,0.4099253,259.7641,291.05313,2197.4187
13.619221,-1.5278156,0.47477603,-2.8504758,0.41000888,237.38211,298.0772,2204.6938
13.456969,-0.7511475,0.7737736,-3.2522335,0.43272388,215.33075,243.71582,2362.3313
13.931572,-1.1741811,0.58370274,-3.0727487,0.41781098,218.16794,211.27826,2318.1135
14.116302,-1.2337286,0.5826621,-3.0621789,0.41906422,206.34529,242.41348,2333.4233
13.873264,-1.3074111,0.261273,-3.0813398,0.42025474,208.84518,263.94263,2356.83
13.773059,-0.31302416,0.7676404,-1.106797,0.25603124,202.32744,249.20007,2360.4685
13.618616,0.45422953,1.4051809,-2.2429354,0.3643177,203.83855,263.2502,2398.6663
13.075086,-1.2125782,-0.49973357,-2.5354328,0.39187884,179.83234,258.22046,2455.2688
13.079699,1.3758498,1.4849839,-1.9750694,0.37730032,166.75607,298.71762,2542.0527
13.011838,0.635729,-0.463466,0.49860644,0.3639222,183.97487,229.37003,2392.6375
13.832443,1.46937,0.73423386,-2.5377076,0.39922065,109.21362,386.59827,2511.1904
13.986225,0.43458775,-0.4991154,0.6262743,-0.4120652,59.272858,314.09265,2487.1396
13.872746,-0.32862088,1.0003895,-1.4077522,0.28355932,201.09494,311.3488,2563.3699
14.201606,-1.0669501,1.1526645,-2.1044636,0.3476614,31.970093,285.29846,2489.875
14.07486,-1.3803258,0.873553,-1.9177284,0.34237662,-25.378242,271.4666,2391.575
13.605145,-0.5291131,0.7171068,-0.38735557,0.23611984,-12.624382,247.83392,2352.6953
14.181501,-0.5037728,0.70160806,-0.4325341,0.25859857,-11.684574,207.43597,2357.982
