14.588582,0.04550082,0.95176125,0.14584787,0.2660987,51.473457,-223.13333,2048.0513
14.8543415,0.05033221,0.94900554,0.15353486,0.27070677,52.06411,-220.69637,2060.4678
14.674898,0.11473378,0.8275547,0.15033491,0.52857256,63.78408,-193.2176,2052.9978
14.694393,-0.0041978955,0.9148637,0.0489888,0.40075785,40.022564,-188.3663,2141.6064
14.556275,-0.022915684,0.9607422,0.26818419,0.067280866,22.116318,-220.1016,2284.6345
14.43315,-0.023575924,0.9562514,0.20534436,0.20702925,16.834953,-168.69022,2249.842
14.440428,-0.030514421,0.90959287,0.03220839,0.41312513,5.7784977,-193.66095,2206.8323
13.963756,-0.007393695,0.9554338,-0.016251497,-0.2946651,47.093655,-219.67616,2264.4055
13.733308,-0.02214553,0.9296192,-0.036466595,-0.36604366,27.694542,-240.7378,2265.102
13.670754,0.012040052,0.81014925,-0.019949159,-0.58576024,6.5170593,-230.28607,2187.1672
13.480846,0.020611664,0.7777412,-0.009299958,-0.6281778,-17.00679,-272.2459,2204.8447
13.189647,0.03151951,0.75765675,-0.0041464968,-0.6518785,-18.057983,-262.57318,2201.762
13.004452,0.014323671,0.77504176,-0.025368681,-0.63123816,-41.412933,-227.8228,2199.4006
13.111422,0.022993807,0.9229777,0.19276322,0.3323037,-65.9501,-170.55368,2392.8047
13.217527,-0.75769895,0.38454852,0.048493728,0.42833334,-57.50499,-296.99286,2182.9985
12.045812,0.4250263,2.4770708,-0.33939934,0.32218015,-66.17511,-246.35248,2372.3079
11.873093,0.48028457,2.413363,0.10481485,0.31672314,-248.06094,-256.028,2419.1506
11.895361,-0.24598649,2.418627,-0.009210175,0.33764696,-328.1466,-210.55899,2310.7056
12.389297,-0.14351529,2.4337223,0.016059674,0.34244853,-348.4396,-228.78337,2345.8115
13.28245,0.049002822,1.2290909,0.3765522,0.4137254,-375.00647,-262.64697,2362.2712
13.64929,0.07914613,1.23557,0.37935492,0.4136479,-379.77158,-264.21912,2366.9949
13.984643,0.38019818,0.9837255,0.4357258,0.41694742,-400.29926,-239.90521,2394.806
14.297215,0.8174407,0.6624123,0.5915145,0.4152096,-423.32733,-238.62334,2442.5547
14.508993,0.8318755,0.11064435,0.5434765,0.41798446,-407.10678,-249.98444,2459.4993
14.680675,-1.0603548,0.42048442,0.8096982,0.4047003,-412.11743,-239.32759,2460.1177
15.170058,-1.0319836,0.5960612,0.76693106,0.4040917,-424.971,-228.40378,2452.6133
15.536944,-1.0245507,-0.07156457,0.4979042,0.41789106,-426.57697,-233.92499,2451.889
15.3478155,-0.3391721,-0.10701292,0.6882847,0.41583842,-428.45563,-237.10245,2453.2263
14.829207,-0.006959995,0.94712955,0.30805114,-0.08945173,-449.86807,-196.10733,2438.1423
14.505921,-0.037338313,0.9407561,0.3240998,-0.09242925,-453.7344,-176.86604,2441.5203
14.19384,-0.12603015,0.98864186,0.03408194,-0.07444528,-474.08072,-191.63838,2418.6501
13.84632,-0.11509708,0.9930633,0.024028022,-8.557956E-4,-499.12292,-211.70349,2377.0796
13.926191,-0.14352602,0.98937494,-0.00887528,-0.021418573,-516.6695,-218.00732,2362.1306
14.216129,-0.15058093,0.9874071,-0.03295949,-0.035586648,-526.92285,-226.39737,2340.652
14.513748,-0.15308025,0.98702806,-0.034131628,-0.034306936,-528.756,-222.97037,2336.6924
14.767215,-0.16979527,0.9837752,-0.056627207,-0.012226413,-553.69006,-221.35129,2290.8403
14.996856,-0.20655788,0.96976686,-0.12614307,-0.031207636,-595.8109,-267.77917,2221.536
15.350665,-0.19976932,0.97721064,-0.07165144,-0.0042028213,-616.703,-241.90623,2203.8418
15.640498,-1.0753663,-0.40095636,-0.02084072,0.43015528,-581.93054,-216.3227,2044.839
15.859394,0.36605904,-0.03202447,-0.25543308,0.43762386,-607.4374,-230.23549,2012.3629
15.54557,0.5050366,-0.80338335,-0.09009396,0.42875594,-590.4913,-204.02542,1950.7849
15.634948,0.3791984,-0.94824654,-0.066429205,0.42707914,-584.7286,-193.44482,1933.5829
15.360843,0.144477,-1.2231358,0.05494404,0.42116043,-585.3839,-183.33588,1886.9532
15.225958,0.3368856,-1.4956688,0.027082104,0.41428384,-585.5179,-203.62808,1904.0883
15.130268,-0.044981696,-1.3688052,0.070058204,0.4188625,-587.7323,-220.19446,1856.104
15.287564,0.026477318,-1.3388728,0.11694965,0.41798016,-581.4198,-195.08713,1828.3973
15.472985,0.060436834,-1.9833909,0.122708976,0.39636844,-568.592,-193.2196,1799.4536
15.624409,-0.24720934,-1.7808746,-0.050515175,0.41205224,-550.28577,-173.09613,1779.2178
15.743517,-0.09737014,-1.7045643,-0.013042135,0.41263962,-551.41266,-178.9093,1775.6787
15.902799,-0.20564143,-1.8127686,-0.01761064,0.4099032,-544.2885,-176.23413,1762.0625
15.808526,-0.22054881,-2.0567348,0.076396935,0.3969726,-544.61035,-178.82365,1772.808
15.932002,-0.038674686,0.727253,-0.07765403,0.68086505,-487.0147,-256.96094,1816.4229
16.019741,-0.027624458,0.7577528,-0.10694449,0.6431256,-461.93854,-252.22948,1805.712
15.633474,-0.48587036,1.1744695,-0.61904114,0.4335099,-462.81445,-227.04114,1683.574
15.157891,-1.2729037,-0.5948625,-1.2865359,0.44880956,-545.83484,-510.50626,1804.8839
15.139299,-0.73662347,-2.225949,0.21731818,0.2947065,-516.0839,-446.3565,1788.0797
15.148415,-1.3981766,0.52439755,-0.76258624,0.4367197,-509.78085,-427.38513,1738.8805
14.970523,-1.5559814,-0.75485814,-0.9476522,0.4419036,-456.95688,-381.06018,1658.022
15.025646,-2.542571,0.6518166,0.29046977,0.36990196,-422.30707,-339.83264,1681.3934
15.1653595,-2.784159,0.34797558,-0.09760011,0.3833985,-281.2667,-431.30157,1752.2623
15.424362,-1.7113904,-0.37730783,0.14162822,0.42091888,-281.81982,-452.73364,1930.5262
