12.901358,0.0,0.0,0.0,0.43301272,209.04301,7.5821686,2465.675
12.696896,0.0,0.0,0.0,0.43301272,168.28783,206.30957,2665.0242
12.716947,0.0,0.0,0.0,0.43301272,153.21063,175.56628,2661.3774
12.911617,0.0,0.0,0.0,0.43301272,145.52809,173.20755,2637.8118
12.806486,0.0,0.0,0.0,0.43301272,28.85701,96.0653,2336.763
12.918076,0.0,0.0,0.0,0.43301272,146.20204,59.659912,2700.6733
12.762659,0.0,0.0,0.0,0.43301272,199.3821,46.23352,2740.7805
12.024617,0.0,0.0,0.0,0.43301272,117.56739,38.72116,2682.178
11.821928,0.0,0.0,0.0,0.43301272,69.25375,21.676895,2647.0757
11.852813,0.0,0.0,0.0,0.43301272,91.583984,40.18286,2619.5364
11.735368,0.0,0.0,0.0,0.43301272,75.47638,149.80078,2654.6125
11.546621,0.0,0.0,0.0,0.43301272,1.2670215,253.77663,2618.334
11.664264,0.0,0.0,0.0,0.43301272,-11.40497,228.83511,2590.9817
11.728125,0.0,0.0,0.0,0.43301272,-152.13837,-43.387146,2357.194
11.573202,0.0,0.0,0.0,0.43301272,-221.53716,-97.44122,2382.3152
11.544186,0.0,0.0,0.0,0.43301272,-244.81755,-27.135742,2338.9312
11.928796,0.0,0.0,0.0,0.43301272,-253.71509,-28.786072,2316.7256
11.955556,0.0,0.0,0.0,0.43301272,-259.13715,-31.226562,2309.0842
12.031719,0.0,0.0,0.0,0.43301272,-256.58832,-37.46808,2306.9622
11.725215,0.0,0.0,0.0,0.43301272,-239.33684,-11.729279,2303.132
11.861048,0.0,0.0,0.0,0.43301272,-233.81985,-37.475494,2316.0269
12.033909,0.0,0.0,0.0,0.43301272,-219.12433,-15.715271,2298.9492
12.239414,0.0,0.0,0.0,0.43301272,-247.56381,-11.759857,2305.5906
12.352718,0.0,0.0,0.0,0.43301272,-308.23828,-18.509613,2307.0227
12.45144,0.0,0.0,0.0,0.43301272,-339.08536,-22.339935,2322.5974
12.633073,0.0,0.0,0.0,0.43301272,-379.9974,1.4502258,2299.2861
12.836229,0.0,0.0,0.0,0.43301272,-335.20837,35.766144,2290.528
12.798944,0.0,0.0,0.0,0.43301272,-272.028,-27.584595,2325.3213
12.626139,0.0,0.0,0.0,0.43301272,-262.72037,-30.422852,2362.3518
12.866791,0.0,0.0,0.0,0.43301272,-232.52663,-12.160706,2398.3726
11.941039,0.0,0.0,0.0,0.43301272,-273.6003,5.0802307,2367.505
11.660304,0.0,0.0,0.0,0.43301272,-283.1349,-8.6154175,2318.4375
11.406103,0.0,0.0,0.0,0.43301272,-278.70203,24.571991,2294.4192
11.252974,0.0,0.0,0.0,0.43301272,-266.317,29.697662,2305.0347
11.124174,0.0,0.0,0.0,0.43301272,-250.49834,22.213226,2316.1604
11.303246,0.0,0.0,0.0,0.43301272,-237.23026,3.8678894,2308.8647
11.499725,0.0,0.0,0.0,0.43301272,-229.87128,5.9339294,2291.8264
11.516767,0.0,0.0,0.0,0.43301272,-238.13934,26.900787,2296.2173
11.720624,0.0,0.0,0.0,0.43301272,-237.69714,19.799225,2295.692
11.587611,0.0,0.0,0.0,0.43301272,-241.62718,19.91925,2291.552
12.094515,0.0,0.0,0.0,0.43301272,-260.69934,34.1297,2319.873
12.1562,0.0,0.0,0.0,0.43301272,-341.64545,-3.3545837,2504.1943
12.217401,0.0,0.0,0.0,0.43301272,-295.3039,15.810272,2292.2812
12.78003,0.0,0.0,0.0,0.43301272,-301.61548,-27.610443,2238.6375
13.168456,0.0,0.0,0.0,0.43301272,-295.91812,62.6315,2385.3699
13.037006,0.0,0.0,0.0,0.43301272,-304.25815,62.92508,2402.0583
12.675023,0.0,0.0,0.0,0.43301272,-361.264,75.550964,2492.3022
