13.1267395,0.0,0.0,0.0,0.43301272,-191.11406,21.439484,2334.3374
13.110312,0.0,0.0,0.0,0.43301272,-188.97247,138.275,2323.5264
13.049765,0.0,0.0,0.0,0.43301272,-148.9278,93.61148,2267.7617
13.472315,0.0,0.0,0.0,0.43301272,-123.77954,34.12393,2286.729
13.7495165,0.0,0.0,0.0,0.43301272,153.07593,100.00125,2030.2018
13.130002,0.0,0.0,0.0,0.43301272,39.385483,-60.558228,1992.1298
12.964543,0.0,0.0,0.0,0.43301272,161.57343,39.92737,2041.895
13.065726,0.0,0.0,0.0,0.43301272,52.04715,77.964035,2064.893
12.923827,0.0,0.0,0.0,0.43301272,30.15036,136.36679,2089.851
12.525065,0.0,0.0,0.0,0.43301272,-211.79982,26.30754,2289.6296
12.441071,0.0,0.0,0.0,0.43301272,-212.57564,5.791931,2295.514
12.307918,0.0,0.0,0.0,0.43301272,-211.37668,-35.272095,2295.755
12.01656,0.0,0.0,0.0,0.43301272,-187.66193,-31.971832,2312.9932
11.757671,0.0,0.0,0.0,0.43301272,-178.38388,-22.771698,2309.612
11.725847,0.0,0.0,0.0,0.43301272,-101.573326,51.481995,2214.8406
11.693438,0.0,0.0,0.0,0.43301272,-162.62857,-53.577545,2337.133
11.89183,0.0,0.0,0.0,0.43301272,-148.79843,-46.99594,2333.754
11.8166275,0.0,0.0,0.0,0.43301272,-141.31946,-32.499817,2327.1455
11.675394,0.0,0.0,0.0,0.43301272,-142.50465,7.8236084,2295.7327
11.95214,0.0,0.0,0.0,0.43301272,-40.66221,-3.6243591,2312.4805
12.067762,0.0,0.0,0.0,0.43301272,61.92212,-26.691467,2165.618
12.404711,0.0,0.0,0.0,0.43301272,54.089348,-42.197144,2161.519
12.289454,0.0,0.0,0.0,0.43301272,-24.21138,-29.607758,2199.4126
11.966021,0.0,0.0,0.0,0.43301272,31.61383,104.96846,2302.8545
12.473141,0.0,0.0,0.0,0.43301272,46.028145,142.27924,2287.657
12.362878,0.0,0.0,0.0,0.43301272,25.241676,7.6283264,2342.8718
12.576429,0.0,0.0,0.0,0.43301272,104.555756,-15.930695,2453.2437
12.632442,0.0,0.0,0.0,0.43301272,31.860424,141.337,2468.01
12.619262,0.0,0.0,0.0,0.43301272,15.057209,120.387955,2481.6992
12.60533,0.0,0.0,0.0,0.43301272,15.849036,110.8976,2511.7085
12.453276,0.0,0.0,0.0,0.43301272,-4.050661,101.097855,2553.742
12.185395,0.0,0.0,0.0,0.43301272,8.110681,173.14204,2582.4932
11.888689,0.0,0.0,0.0,0.43301272,-33.60998,81.70578,2631.8533
11.947043,0.0,0.0,0.0,0.43301272,-62.661404,80.00206,2662.5195
11.970077,0.0,0.0,0.0,0.43301272,-86.57051,70.85106,2682.604
12.344996,0.0,0.0,0.0,0.43301272,-134.24333,43.525955,2723.7036
12.75074,0.0,0.0,0.0,0.43301272,-166.04031,26.816437,2760.8652
13.602674,0.0,0.0,0.0,0.43301272,-427.55817,-79.08298,2673.0833
14.0594015,0.0,0.0,0.0,0.43301272,-452.8893,-100.60687,2624.29
14.0440235,0.0,0.0,0.0,0.43301272,-473.61353,-65.73749,2618.67
13.603872,0.0,0.0,0.0,0.43301272,-460.3974,-89.29944,2633.6057
13.004168,0.0,0.0,0.0,0.43301272,-500.18353,-78.73349,2629.801
12.802654,0.0,0.0,0.0,0.43301272,-512.08875,-98.625946,2602.7324
12.819357,0.0,0.0,0.0,0.43301272,-536.62146,-103.18396,2581.2297
