14.453587,0.0,0.0,0.0,0.43301272,-178.65524,90.75659,1768.7944
14.399912,0.0,0.0,0.0,0.43301272,-258.86572,-108.5614,1948.2338
13.767622,0.0,0.0,0.0,0.43301272,-193.75034,-67.53795,1891.3187
13.623549,0.0,0.0,0.0,0.43301272,-141.89032,85.41791,1749.3472
13.620495,0.0,0.0,0.0,0.43301272,-126.391754,35.469482,1743.7612
13.354015,0.0,0.0,0.0,0.43301272,-174.76152,233.27977,1839.2612
13.258154,0.0,0.0,0.0,0.43301272,-110.92793,-39.323227,1837.8848
13.185331,0.0,0.0,0.0,0.43301272,-70.422,-115.50165,1763.013
13.520793,0.0,0.0,0.0,0.43301272,38.10276,-9.117828,1880.8641
13.2882395,0.0,0.0,0.0,0.43301272,-43.497234,-163.46756,2088.4094
13.480257,0.0,0.0,0.0,0.43301272,-160.91959,-125.20175,2054.843
13.569552,0.0,0.0,0.0,0.43301272,25.13124,37.119293,1935.9902
14.15441,0.0,0.0,0.0,0.43301272,122.75275,16.909027,1999.421
14.183489,0.0,0.0,0.0,0.43301272,33.781464,-25.169464,2075.4185
13.98585,0.0,0.0,0.0,0.43301272,-181.18657,69.54825,2370.1843
14.2519,0.0,0.0,0.0,0.43301272,-169.39049,28.822235,2221.2659
14.306248,0.0,0.0,0.0,0.43301272,-167.61684,11.067932,2195.3696
14.012618,0.0,0.0,0.0,0.43301272,-115.26865,-115.9144,2072.178
13.870532,0.0,0.0,0.0,0.43301272,-153.08598,-23.25055,2171.185
13.739515,0.0,0.0,0.0,0.43301272,-139.87358,-33.391296,2178.6162
13.63134,0.0,0.0,0.0,0.43301272,-152.82063,-4.4134216,2194.794
13.244979,0.0,0.0,0.0,0.43301272,-152.92726,-22.86557,2216.9224
13.036829,0.0,0.0,0.0,0.43301272,-155.95763,-24.908356,2239.375
13.619221,0.0,0.0,0.0,0.43301272,-172.98538,-15.131714,2275.363
13.456969,0.0,0.0,0.0,0.43301272,-162.45587,-39.915833,2283.4958
13.931572,0.0,0.0,0.0,0.43301272,-133.79701,16.86589,2311.8499
14.116302,0.0,0.0,0.0,0.43301272,-181.47314,2.032196,2322.7314
13.873264,0.0,0.0,0.0,0.43301272,-148.74016,-0.899292,2373.0728
13.773059,0.0,0.0,0.0,0.43301272,-184.98148,-7.6639404,2287.114
13.618616,0.0,0.0,0.0,0.43301272,-181.15399,-22.92752,2267.2117
13.075086,0.0,0.0,0.0,0.43301272,-158.91602,35.03105,2270.4543
13.079699,0.0,0.0,0.0,0.43301272,10.823769,-62.372803,2252.605
13.011838,0.0,0.0,0.0,0.43301272,-68.54241,-15.6605835,2310.1675
13.832443,0.0,0.0,0.0,0.43301272,-95.09241,-78.68823,2375.2263
13.986225,0.0,0.0,0.0,0.43301272,-44.259552,114.16147,2706.283
13.872746,0.0,0.0,0.0,0.43301272,-78.87023,146.8269,2677.7703
14.201606,0.0,0.0,0.0,0.43301272,-10.7391815,155.28351,2685.6626
14.07486,0.0,0.0,0.0,0.43301272,-16.389984,237.36768,2671.4146
13.605145,0.0,0.0,0.0,0.43301272,-29.124481,172.50253,2713.7864
14.181501,0.0,0.0,0.0,0.43301272,-38.267998,110.49097,2766.8916
