12.204737,0.0,0.0,0.0,0.43301272,-68.68625,-133.85216,2299.2756
12.664133,0.0,0.0,0.0,0.43301272,-72.59885,-193.59265,2311.928
12.643554,0.0,0.0,0.0,0.43301272,-156.52866,-77.03946,2369.5933
12.896987,0.0,0.0,0.0,0.43301272,-89.30631,-85.87372,2298.1672
12.824811,0.0,0.0,0.0,0.43301272,-182.53583,-69.74768,2356.1963
12.888151,0.0,0.0,0.0,0.43301272,-231.61504,-50.9187,2343.1182
13.30435,0.0,0.0,0.0,0.43301272,-231.7735,-53.082397,2342.855
13.406079,0.0,0.0,0.0,0.43301272,-228.88835,-59.043427,2345.4932
13.012635,0.0,0.0,0.0,0.43301272,-184.65872,-78.77841,2351.321
13.0135,0.0,0.0,0.0,0.43301272,-166.66838,-57.0018,2333.234
13.225654,0.0,0.0,0.0,0.43301272,-196.87762,-118.70746,2322.9062
13.155793,0.0,0.0,0.0,0.43301272,-165.27066,-45.227203,2333.966
13.054768,0.0,0.0,0.0,0.43301272,-217.73698,-42.86209,2339.4998
12.544616,0.0,0.0,0.0,0.43301272,-237.78326,-52.999054,2362.5461
12.482484,0.0,0.0,0.0,0.43301272,-245.716,-19.371216,2362.3557
12.516173,0.0,0.0,0.0,0.43301272,-279.91492,-26.977448,2337.788
12.413078,0.0,0.0,0.0,0.43301272,-295.6817,-4.321045,2331.1062
11.945648,0.0,0.0,0.0,0.43301272,-293.62326,-11.375946,2328.3984
11.950184,0.0,0.0,0.0,0.43301272,-278.8525,2.624817,2351.9897
12.067724,0.0,0.0,0.0,0.43301272,-279.80258,-24.791687,2361.1982
11.851654,0.0,0.0,0.0,0.43301272,-421.15063,-21.660767,2278.9468
11.990619,0.0,0.0,0.0,0.43301272,-262.30182,16.330475,2383.1008
11.942847,0.0,0.0,0.0,0.43301272,-261.11667,31.786072,2371.8223
12.337063,0.0,0.0,0.0,0.43301272,-264.6723,18.29184,2358.1704
12.315795,0.0,0.0,0.0,0.43301272,-266.44797,33.647614,2308.8076
12.576162,0.0,0.0,0.0,0.43301272,-268.38608,23.595093,2308.3257
12.46338,0.0,0.0,0.0,0.43301272,-261.05478,-4.2213135,2275.1064
12.416721,0.0,0.0,0.0,0.43301272,-251.72362,-6.378601,2270.2664
12.477427,0.0,0.0,0.0,0.43301272,-242.29166,8.114288,2261.1548
12.365246,0.0,0.0,0.0,0.43301272,-231.55313,8.140747,2253.1743
12.731478,0.0,0.0,0.0,0.43301272,-222.00656,8.504425,2250.8013
12.614827,0.0,0.0,0.0,0.43301272,-218.24413,6.097351,2226.4792
12.170868,0.0,0.0,0.0,0.43301272,-219.87598,4.408478,2215.837
11.640672,0.0,0.0,0.0,0.43301272,-254.81894,61.655518,2171.3447
11.697407,0.0,0.0,0.0,0.43301272,-232.47205,19.093658,2201.32
12.252661,0.0,0.0,0.0,0.43301272,-248.42435,4.9970703,2204.0457
11.957508,0.0,0.0,0.0,0.43301272,-279.67676,58.270416,2129.3962
11.73924,0.0,0.0,0.0,0.43301272,-288.43884,109.079926,2112.217
11.687117,0.0,0.0,0.0,0.43301272,-413.50513,125.039215,2478.3188
11.696804,0.0,0.0,0.0,0.43301272,-402.21127,96.85646,2470.194
11.839688,0.0,0.0,0.0,0.43301272,-390.49078,108.71152,2469.069
12.004182,0.0,0.0,0.0,0.43301272,-420.0547,92.22485,2507.4302
11.839994,0.0,0.0,0.0,0.43301272,-408.22974,75.74515,2493.7969
11.874885,0.0,0.0,0.0,0.43301272,-397.90082,71.8837,2491.3735
12.02311,0.0,0.0,0.0,0.43301272,-388.9244,66.25763,2496.9739
11.802916,0.0,0.0,0.0,0.43301272,-366.30994,78.321365,2509.6335
12.013708,0.0,0.0,0.0,0.43301272,-354.97876,93.01347,2522.9807
12.576382,0.0,0.0,0.0,0.43301272,-240.275,193.19617,2380.6067
12.619879,0.0,0.0,0.0,0.43301272,-325.59753,178.18634,2460.4263
12.723841,0.0,0.0,0.0,0.43301272,-303.72995,188.06055,2482.9758
12.423193,0.0,0.0,0.0,0.43301272,-280.53534,182.18953,2479.408
