14.613769,0.0,0.0,0.0,0.43301272,-455.9553,44.883728,2165.8533
14.434855,0.0,0.0,0.0,0.43301272,-455.72168,54.34674,2151.7534
14.373125,0.0,0.0,0.0,0.43301272,-454.5416,62.086426,2138.1558
13.73371,0.0,0.0,0.0,0.43301272,-448.8775,50.23578,2118.8655
14.361282,0.0,0.0,0.0,0.43301272,-458.8515,41.879395,2092.4924
14.959555,0.0,0.0,0.0,0.43301272,-461.24734,38.19519,2072.5522
15.433991,0.0,0.0,0.0,0.43301272,-467.7879,49.770752,2046.6132
15.816461,0.0,0.0,0.0,0.43301272,-471.88156,58.33545,2010.28
16.151432,0.0,0.0,0.0,0.43301272,-487.10995,82.23596,1964.0922
16.28791,0.0,0.0,0.0,0.43301272,-486.58972,82.05292,1952.5161
16.57772,0.0,0.0,0.0,0.43301272,-488.23727,99.00061,1915.2145
15.5592575,0.0,0.0,0.0,0.43301272,-476.68628,108.25946,1875.2509
15.823839,0.0,0.0,0.0,0.43301272,-457.892,113.686584,1847.6033
16.136889,0.0,0.0,0.0,0.43301272,-438.85236,121.240234,1831.412
16.372202,0.0,0.0,0.0,0.43301272,-414.25793,120.93024,1817.1367
16.561844,0.0,0.0,0.0,0.43301272,-387.26486,113.67963,1796.851
16.405493,0.0,0.0,0.0,0.43301272,-369.41315,112.67584,1795.6406
15.88047,0.0,0.0,0.0,0.43301272,-345.1642,113.72504,1799.8345
15.53491,0.0,0.0,0.0,0.43301272,-320.56888,112.211975,1799.3091
15.901061,0.0,0.0,0.0,0.43301272,-299.09998,107.69751,1792.3945
16.210896,0.0,0.0,0.0,0.43301272,-275.49347,108.130066,1777.5641
16.451544,0.0,0.0,0.0,0.43301272,-257.25925,122.191284,1752.8954
16.67238,0.0,0.0,0.0,0.43301272,-232.40375,129.97113,1730.4353
16.828466,0.0,0.0,0.0,0.43301272,-174.67932,123.44714,1708.6183
16.872307,0.0,0.0,0.0,0.43301272,-150.793,120.20911,1698.0278
15.913599,0.0,0.0,0.0,0.43301272,-42.83074,88.83124,1636.7717
15.488343,0.0,0.0,0.0,0.43301272,-16.242651,78.44061,1621.7052
15.378789,0.0,0.0,0.0,0.43301272,57.572685,100.10089,1666.3273
15.792211,0.0,0.0,0.0,0.43301272,115.41547,89.15872,1662.3042
16.155102,0.0,0.0,0.0,0.43301272,138.19373,95.18356,1665.8654
16.386932,0.0,0.0,0.0,0.43301272,141.85828,105.46594,1679.1775
16.596788,0.0,0.0,0.0,0.43301272,199.62721,91.46857,1738.7732
16.78443,0.0,0.0,0.0,0.43301272,234.06805,82.88138,1802.6678
16.786629,0.0,0.0,0.0,0.43301272,268.97525,88.799164,1874.9988
16.48342,0.0,0.0,0.0,0.43301272,284.08466,87.31209,1909.9424
15.490603,0.0,0.0,0.0,0.43301272,306.24115,89.04202,1980.444
15.237038,0.0,0.0,0.0,0.43301272,307.95657,95.77304,2003.1292
15.109708,0.0,0.0,0.0,0.43301272,311.45575,104.94208,2018.0645
14.340119,0.0,0.0,0.0,0.43301272,332.99344,83.821594,2073.518
14.22136,0.0,0.0,0.0,0.43301272,339.90512,71.74196,2109.2336
14.140448,0.0,0.0,0.0,0.43301272,344.76172,60.477005,2138.4487
13.4226885,0.0,0.0,0.0,0.43301272,358.12442,64.30023,2231.3108
13.486056,0.0,0.0,0.0,0.43301272,362.22916,64.94092,2284.3228
13.36906,0.0,0.0,0.0,0.43301272,366.75122,92.32474,2307.0479
13.027632,0.0,0.0,0.0,0.43301272,363.10986,88.43872,2329.4404
13.665034,0.0,0.0,0.0,0.43301272,328.19864,79.169586,2341.9333
14.436968,0.0,0.0,0.0,0.43301272,256.18683,59.78607,2348.3813
14.79345,0.0,0.0,0.0,0.43301272,230.64844,55.359222,2339.0952
14.1522255,0.0,0.0,0.0,0.43301272,164.40106,46.88083,2343.6177
14.090383,0.0,0.0,0.0,0.43301272,136.94444,38.58017,2350.399
13.695533,0.0,0.0,0.0,0.43301272,84.93947,37.206207,2364.6213
14.094456,0.0,0.0,0.0,0.43301272,62.87883,41.945496,2365.6467
