11.95425,0.0,0.0,0.0,0.43301272,-87.589905,-84.481125,2312.8486
11.85408,0.0,0.0,0.0,0.43301272,-121.84119,-97.36609,2412.88
11.994447,0.0,0.0,0.0,0.43301272,-69.82252,13.1091,2239.7388
12.154248,0.0,0.0,0.0,0.43301272,197.71893,7.8581696,1896.6447
12.432364,0.0,0.0,0.0,0.43301272,231.3818,-52.81317,1955.5884
12.719012,0.0,0.0,0.0,0.43301272,140.04446,14.378296,1982.0183
12.355141,0.0,0.0,0.0,0.43301272,-31.492943,29.99939,1980.9255
12.474613,0.0,0.0,0.0,0.43301272,-158.84593,170.54414,2200.9878
13.06086,0.0,0.0,0.0,0.43301272,-59.388535,23.03038,2256.9902
13.274398,0.0,0.0,0.0,0.43301272,-79.916214,23.191559,2227.0789
12.508472,0.0,0.0,0.0,0.43301272,37.291634,55.503555,2243.3982
12.581567,0.0,0.0,0.0,0.43301272,-10.191107,-27.601746,2386.8306
12.616903,0.0,0.0,0.0,0.43301272,-15.996522,32.96364,2382.4805
13.028316,0.0,0.0,0.0,0.43301272,3.177351,-32.13965,2375.4932
13.839685,0.0,0.0,0.0,0.43301272,-3.6461725,120.791595,2435.0183
14.523471,0.0,0.0,0.0,0.43301272,-0.36679506,138.60431,2433.038
14.940663,0.0,0.0,0.0,0.43301272,-1.9455757,-2.0140991,2242.9724
14.770514,0.0,0.0,0.0,0.43301272,423.02817,10.495575,2285.7246
14.493069,0.0,0.0,0.0,0.43301272,-4.0819054,-8.120056,2227.5605
14.473774,0.0,0.0,0.0,0.43301272,243.91931,19.706573,2504.9126
13.837828,0.0,0.0,0.0,0.43301272,94.27797,34.509674,2310.1086
13.856397,0.0,0.0,0.0,0.43301272,-22.172852,62.88315,2286.4773
13.26032,0.0,0.0,0.0,0.43301272,132.23286,204.85147,2340.685
13.132821,0.0,0.0,0.0,0.43301272,-18.983715,-16.61676,2346.7888
13.114374,0.0,0.0,0.0,0.43301272,-33.791702,-2.2434082,2337.7485
13.362414,0.0,0.0,0.0,0.43301272,117.024956,41.95195,2448.9993
13.476034,0.0,0.0,0.0,0.43301272,186.98166,141.88417,2640.6802
13.457975,0.0,0.0,0.0,0.43301272,-31.907623,-35.35614,2313.7522
13.370931,0.0,0.0,0.0,0.43301272,123.17991,320.2033,2798.295
13.107765,0.0,0.0,0.0,0.43301272,156.75093,319.90143,2806.1436
13.428419,0.0,0.0,0.0,0.43301272,137.7804,268.87903,2796.6707
13.553485,0.0,0.0,0.0,0.43301272,134.16599,219.51904,2790.0354
13.565724,0.0,0.0,0.0,0.43301272,117.373604,187.37354,2800.5178
13.444171,0.0,0.0,0.0,0.43301272,109.48132,153.81248,2808.8347
13.173755,0.0,0.0,0.0,0.43301272,84.946335,117.72012,2822.019
13.295455,0.0,0.0,0.0,0.43301272,70.21529,94.45154,2836.2156
12.903353,0.0,0.0,0.0,0.43301272,39.138226,144.5107,2862.272
13.0794,0.0,0.0,0.0,0.43301272,31.47697,146.36488,2870.6067
13.186075,0.0,0.0,0.0,0.43301272,23.3877,94.97873,2892.9104
13.858734,0.0,0.0,0.0,0.43301272,-7.2656937,57.12178,2908.7004
14.018959,0.0,0.0,0.0,0.43301272,-8.114449,35.347687,2922.3713
13.854954,0.0,0.0,0.0,0.43301272,-15.558376,22.96576,2927.8271
13.847439,0.0,0.0,0.0,0.43301272,-38.90088,16.794098,2923.4026
13.319273,0.0,0.0,0.0,0.43301272,-74.53048,2.5101013,2922.9275
13.293066,0.0,0.0,0.0,0.43301272,-270.67377,-78.059845,2676.196
13.315694,0.0,0.0,0.0,0.43301272,-329.59927,2.5132751,2771.9229
12.865866,0.0,0.0,0.0,0.43301272,-289.30527,-3.926239,2710.0295
12.885221,0.0,0.0,0.0,0.43301272,-269.8723,-10.048553,2729.5132
12.919262,0.0,0.0,0.0,0.43301272,-258.01227,-1.8995667,2739.7646
12.344624,0.0,0.0,0.0,0.43301272,-423.77356,-45.57956,2539.7605
12.4326935,0.0,0.0,0.0,0.43301272,-405.9063,-56.609344,2565.0972
12.478014,0.0,0.0,0.0,0.43301272,-445.70764,-46.126526,2519.5144
12.746775,0.0,0.0,0.0,0.43301272,-458.54605,-27.28006,2547.9153
12.859995,0.0,0.0,0.0,0.43301272,-466.76508,-28.35727,2495.9631
12.508034,0.0,0.0,0.0,0.43301272,-547.40924,1.971405,2398.3916
12.511472,0.0,0.0,0.0,0.43301272,-552.199,-3.1457825,2383.5537
12.634413,0.0,0.0,0.0,0.43301272,-577.5637,-10.494965,2361.3215
12.331327,0.0,0.0,0.0,0.43301272,-606.1772,-12.14502,2308.6907
12.412219,0.0,0.0,0.0,0.43301272,-618.3861,-6.4205017,2310.2183
12.462114,0.0,0.0,0.0,0.43301272,-618.9052,-7.7731323,2291.35
12.091012,0.0,0.0,0.0,0.43301272,-615.3822,-0.86917114,2272.127
12.418586,0.0,0.0,0.0,0.43301272,-606.7789,0.24493408,2251.2883
12.17259,0.0,0.0,0.0,0.43301272,-596.1658,6.50473,2197.743
12.39474,0.0,0.0,0.0,0.43301272,-582.1278,18.27951,2150.6985
12.668732,0.0,0.0,0.0,0.43301272,-574.71295,7.9934387,2131.7651
12.78176,0.0,0.0,0.0,0.43301272,-559.12244,17.543213,2096.0625
12.723892,0.0,0.0,0.0,0.43301272,-541.905,7.614685,2076.8884
12.627827,0.0,0.0,0.0,0.43301272,-491.6259,10.01767,2048.106
12.647278,0.0,0.0,0.0,0.43301272,-473.72202,11.319946,2019.3928
12.742638,0.0,0.0,0.0,0.43301272,-456.5915,29.13916,2010.2452
12.405379,0.0,0.0,0.0,0.43301272,-422.83096,36.85373,1974.5146
12.40395,0.0,0.0,0.0,0.43301272,-422.08823,37.783325,1968.1781
13.258733,0.0,0.0,0.0,0.43301272,-399.49915,42.62274,1932.8214
13.7989645,0.0,0.0,0.0,0.43301272,-387.28326,43.841522,1919.69
13.802164,0.0,0.0,0.0,0.43301272,-358.04996,22.040283,1889.191
13.630345,0.0,0.0,0.0,0.43301272,-325.95364,12.760437,1883.1631
13.176723,0.0,0.0,0.0,0.43301272,-271.71927,28.612427,1826.1027
13.233008,0.0,0.0,0.0,0.43301272,-248.35785,47.693573,1792.0558
12.696498,0.0,0.0,0.0,0.43301272,-223.33902,82.134125,1742.8044
13.111099,0.0,0.0,0.0,0.43301272,-186.9195,42.971283,1733.3861
13.96196,0.0,0.0,0.0,0.43301272,-175.94585,19.391235,1740.5979
