13.501085,-5.1004326E-11,-8.926099E-11,0.7071073,0.70710623,-443.56577,612.10406,1974.3188
13.76794,-3.2642774E-11,-5.712704E-11,0.7071073,0.70710623,-401.72266,621.9801,1950.8932
13.653956,-2.6114229E-11,-4.5701637E-11,0.7071073,0.70710623,-383.17715,626.4452,1937.646
14.006186,-1.6713107E-11,-2.924906E-11,0.7071073,0.70710623,-354.32684,638.40125,1914.1677
14.253141,-1.0696392E-11,-1.8719406E-11,0.7071073,0.70710623,-331.75296,643.75555,1898.2837
14.316877,-8.557115E-12,-1.4975523E-11,0.7071073,0.70710623,-322.69617,650.06586,1888.7731
14.85177,-5.4765545E-12,-9.584337E-12,0.7071073,0.70710623,-304.6076,658.75305,1883.4956
15.370069,-3.5049958E-12,-6.1339774E-12,0.7071073,0.70710623,-271.755,656.64777,1891.262
15.263018,-2.243198E-12,-3.9257464E-12,0.7071073,0.70710623,-231.88782,649.62646,1878.0559
15.124275,-1.7945589E-12,-3.1405976E-12,0.7071073,0.70710623,-211.22346,650.68066,1858.5217
14.780361,-1.1485179E-12,-2.0099831E-12,0.7071073,0.70710623,-171.09189,656.1648,1814.8707
15.306899,-7.350519E-13,-1.2863894E-12,0.7071073,0.70710623,-132.09335,658.45386,1760.4906
15.716627,-4.7043337E-13,-8.2328946E-13,0.7071073,0.70710623,-37.38,636.78357,1678.4071
16.124594,-3.0107755E-13,-5.269054E-13,0.7071073,0.70710623,35.083916,622.29895,1659.5757
16.00481,-1.9268968E-13,-3.372195E-13,0.7071073,0.70710623,58.911396,608.58636,1638.9911
16.160074,-1.5415178E-13,-2.6977563E-13,0.7071073,0.70710623,58.45486,605.422,1643.2616
15.249894,0.43823335,0.48978177,0.54840875,0.51702356,74.314026,597.12683,1687.8965
14.86111,0.57959306,0.6490903,0.407455,0.27700916,112.42837,591.2201,1746.6211
14.635375,0.6049135,0.67949504,0.36374375,0.20014189,128.6127,587.0584,1773.84
14.218494,0.60925347,0.7822169,0.11138059,-0.06738915,155.14006,576.8221,1826.2703
14.050654,0.6099886,0.7845167,0.07984402,-0.07792624,170.92732,579.5623,1852.9242
13.669277,0.60745466,0.78598064,0.09807826,-0.06011548,188.55786,580.1266,1882.0903
13.445156,0.5977101,0.79442984,0.10140546,-0.036617216,204.1101,572.5935,1921.2383
13.616517,0.5938378,0.79604155,0.11410791,-0.025570221,213.87314,564.4513,1939.7235
13.321008,0.61116916,0.7774915,0.1478712,0.010643273,247.67905,544.9212,1986.9702
13.189873,0.6105165,0.77327126,0.16937286,0.025180873,268.4151,531.3661,2019.5424
12.792584,0.6059162,0.76347417,0.20988071,0.07695978,312.23804,529.39813,2088.3796
12.749295,0.6186205,0.77538925,0.12452126,0.023971127,333.03775,543.23236,2126.888
12.837149,0.59271556,0.7889678,0.14369687,0.07462735,343.52545,552.71326,2159.4082
12.229612,0.44814554,0.7488848,0.39758345,0.2833099,347.66095,549.0448,2207.5613
12.181432,0.3254664,0.69216955,0.53562784,0.35787675,344.38684,542.0716,2233.8364
11.942856,0.24694987,0.6281865,0.6163935,0.4055322,333.401,539.3718,2258.6309
11.747213,0.20482579,0.5210319,0.6667903,0.49189717,313.26495,536.6593,2284.215
11.57768,0.167646,0.42645463,0.69598746,0.55284065,289.82892,529.9698,2307.2234
11.322232,0.1360765,0.34614867,0.71189725,0.59570664,262.83203,524.16595,2335.8972
12.012388,0.0884171,0.22491364,0.7228563,0.64736015,211.0065,541.40283,2353.556
13.108178,0.05693732,0.14483602,0.72237676,0.67376,152.40517,570.6962,2363.7092
13.975091,0.036531985,0.09292932,0.7189968,0.6878032,121.48076,579.2199,2369.3872
14.231416,0.029244017,0.07439031,0.7172192,0.6922483,106.685715,583.7672,2369.116
14.106767,0.018728567,0.04764131,0.7141305,0.6981384,68.09624,587.8749,2374.8105
14.69275,0.01198952,0.030498674,0.7118274,0.7015896,35.88865,588.7212,2372.3438
15.170876,0.0076741753,0.019521397,0.71022004,0.7036671,22.140968,584.5681,2388.0554
