19.80648,1.307303,0.7275217,-2.9776094,0.44903928,-202.7429,463.63504,2180.6626
18.93713,0.7288104,-0.5000215,-0.23606336,-0.40384147,-188.87863,539.36414,2198.7573
18.479342,0.7500934,-0.5000282,-0.23025236,-0.366491,-177.82768,533.5057,2201.221
17.726036,-0.46569926,-1.0263122,-3.1295447,0.44815066,-197.46759,550.1516,2200.0989
16.957348,0.58187294,1.1116201,-2.736,0.45298043,-177.66884,513.3871,2210.5022
16.305073,0.042507704,0.82887393,-0.1186764,-0.54504764,-167.98148,546.3881,2218.9497
15.9199295,0.19561484,0.8450612,-0.06811382,-0.49291673,40.497612,413.26556,1958.204
15.599435,0.6612364,-0.50498766,-0.37896812,0.40513822,-38.27107,461.3374,2023.9294
15.249458,-1.4523305,-2.2658784,-1.5876034,0.39625487,-23.604027,281.7035,1871.4789
14.937569,1.4684391,-1.087562,-1.9198179,0.34523225,25.499577,471.85516,2053.9182
14.527334,1.444038,-1.2274126,-1.844606,0.34054905,23.050337,554.25116,2068.0127
14.422521,1.3588786,-1.3005704,-2.0495121,0.3540148,40.10211,544.9003,2062.3044
14.407829,1.5939162,-1.4458144,-2.0867705,0.37484357,87.232056,431.74136,2037.3627
14.063657,1.4493558,-1.6606196,-2.029957,0.37688425,91.785164,511.56146,2042.4808
13.695128,1.531208,-1.4803346,-2.0349243,0.3682122,107.59215,559.71783,2076.4434
13.396066,1.561131,-1.493678,-1.9198306,0.36135235,138.22829,551.6954,2093.8188
13.326194,1.560007,-1.4648151,-1.959449,0.36282876,158.9728,561.7737,2102.765
12.3952675,1.5891544,-1.7690208,-1.6086781,0.3640369,204.32387,539.0159,2105.793
12.211838,1.4958738,-1.7427248,-1.6021042,0.35087034,219.76006,526.6123,2116.2031
11.979397,1.5643317,-1.5881008,-1.5262841,0.33786494,226.31929,537.4086,2146.9556
11.928683,1.4542626,-1.675829,-1.3814027,0.3268524,230.5833,553.3082,2155.7063
11.774272,-2.1699235,-0.028641744,-2.3498964,0.4033555,252.86395,469.50494,2155.4055
12.347773,-1.5573152,0.46342185,-2.8873472,0.41439503,245.07446,542.6187,2220.5232
12.245191,-1.5123632,0.46798387,-2.9186604,0.41526657,243.14178,533.92224,2228.838
12.211707,-1.3510637,-0.70183593,-3.0587559,0.42714107,236.73795,503.08258,2246.7139
12.031012,-1.1327775,-0.44624895,-3.2409368,0.43314242,227.28888,540.67206,2291.4734
11.933941,-1.0001298,0.041273233,-3.300667,0.43124706,216.65788,555.31604,2294.1716
11.855916,-1.2665584,-0.033899676,-3.2207181,0.43428695,191.6359,564.06177,2298.117
11.668827,-1.4135759,-0.8631433,-2.86613,0.41705093,197.77692,465.15546,2311.6628
11.870194,-1.4001988,-0.15654364,-3.083803,0.42425838,178.78743,501.69806,2340.105
11.649374,-0.90874165,-1.6552869,-2.4701576,0.39359173,167.5611,461.22943,2350.0034
11.736979,-1.8080771,0.4631223,-0.6366393,0.28933078,-104.8636,619.02893,2356.7214
11.721769,-2.354614,0.21009693,-2.1158354,0.43105495,-106.5516,613.5363,2363.2822
11.759558,-0.39035866,0.2004706,-3.4423323,0.43399066,108.986305,532.16833,2442.1382
12.084128,-2.2099972,-0.9482624,-2.3547416,0.42096004,6.011119,599.3659,2400.4119
12.196569,0.7842158,-0.6157296,-0.053437296,-0.05501875,-17.197523,585.48395,2400.6458
12.337212,0.19724798,0.7543329,-0.41970384,-0.46467596,-42.509487,585.95886,2398.5115
12.023735,-1.4298927,1.0913682,-2.6350093,0.39881986,-11.280462,503.43762,2382.5674
12.043498,0.50487494,0.3594703,0.75886667,0.2000094,-86.63161,549.50244,2416.0374
12.569785,-1.9155766,0.65666574,-2.411155,0.39494705,-111.627785,545.11084,2417.2417
13.059183,-0.65266544,0.7248711,0.15436375,0.1573579,-137.55125,589.2114,2451.8857
12.70281,0.7226301,-0.689414,0.032100953,-0.038517084,-131.05495,569.48254,2441.3728
12.636879,0.73653364,-0.66178995,0.084006906,-0.111780934,-142.18411,561.50964,2443.3772
