12.577531,-0.320337,2.07882,-1.9920318,0.3621199,-79.83174,566.0141,2581.8706
12.574837,0.6377399,-0.4435083,-0.5283957,0.34261668,-71.44032,584.2414,2437.49
12.919656,-0.511891,0.53286576,-0.37421355,0.56034446,-82.74351,577.9442,2380.0588
13.067085,-1.222663,1.1483102,-0.867365,0.25322998,-104.83007,567.4183,2352.9604
13.363437,0.5726843,-0.5359166,0.32258338,-0.52987367,-123.904655,561.9558,2346.3203
13.313719,0.5853446,-0.5199498,0.31349114,-0.537352,-130.95607,557.07526,2346.361
12.879115,-1.4498485,1.1798753,-1.18769,0.2917146,-153.26395,551.83325,2363.944
12.751979,-1.4840266,1.1974324,-1.2039688,0.2951971,-174.08485,552.2363,2380.3875
12.713374,-1.5763586,1.2463696,-1.2636123,0.30590165,-183.12865,560.9214,2395.2258
12.140666,-1.5730641,1.2887418,-1.2435781,0.30556592,-223.03767,562.8426,2419.018
12.617391,-1.542988,1.3071125,-1.1868736,0.300536,-225.33127,573.4843,2429.3643
12.588434,-1.6629978,1.3972578,-1.911926,0.3619378,-227.84981,584.1785,2442.744
12.881141,-1.6703746,1.3841196,-1.6333305,0.3412416,-186.27719,578.146,2451.07
12.591931,-1.6504961,1.3245479,-2.2857766,0.39075366,-230.70227,586.1875,2434.886
12.486761,-1.6318351,1.2849114,-2.3420005,0.39228347,-237.61972,591.2682,2425.7751
12.499442,-1.6466144,1.3010675,-2.2218359,0.38206705,-235.09906,592.1152,2424.729
12.134796,-1.6741989,1.2106669,-2.2569897,0.38253513,-252.63803,596.7855,2386.9019
12.019028,-1.5935353,1.3308762,-2.151482,0.37393376,-260.97818,594.5908,2365.0327
11.801699,-1.1489594,1.0522118,-2.9453125,0.4198059,-239.42935,600.72034,2385.619
11.821139,-1.3988957,1.2044561,-2.590648,0.39771235,-244.34966,594.7436,2361.2297
11.932415,-1.4003403,1.053732,-2.7306423,0.40577906,-244.18932,599.8562,2345.5088
11.975807,-1.363615,1.3048279,-2.439996,0.38578674,-255.8655,601.054,2323.9429
11.922016,-1.4873089,1.1457646,-2.5524294,0.39607263,-261.81528,606.0987,2319.5662
11.685644,-1.5413454,1.0407073,-2.4461787,0.3859311,-260.67538,609.8343,2331.1396
11.41403,-1.4185408,0.9880012,-2.6036265,0.39251116,-261.34537,611.3499,2325.7417
11.685066,-0.73931783,-0.10092834,-3.4101856,0.43865034,-260.81406,602.3627,2331.9856
11.375854,-0.6292394,-0.10061343,-3.4376683,0.44053212,-286.9268,613.90186,2283.3374
11.321301,-0.4628789,-0.34487242,-3.441224,0.43735832,-292.3371,613.2882,2270.5024
11.496579,-0.38721776,-0.47710416,-3.43334,0.43765947,-305.2126,613.57214,2273.1062
11.875114,-0.1885922,-0.6824769,-3.3921406,0.4340325,-323.38022,621.3441,2245.605
11.93462,-1.0675833,0.14155984,-3.1990764,0.42291006,-325.65115,619.77466,2226.1235
12.364488,-0.45900065,-1.4958364,-2.7708929,0.40077892,-343.05652,624.68774,2208.2583
12.733906,-0.40236273,-1.4577212,-2.8644457,0.40625745,-353.48596,631.2454,2205.642
12.983133,0.7193318,-1.0482638,-3.0647588,0.41474986,-369.87186,637.1408,2218.6914
13.640434,-0.04790865,-1.1283487,-3.185648,0.42256823,-359.01282,631.84204,2201.2654
13.516226,0.17762528,-1.1748921,-3.151572,0.4213568,-381.202,625.67834,2200.1235
13.249078,-0.68005097,0.7066612,-0.15164822,-0.12313938,-338.43393,583.3231,2120.9402
13.686229,-0.57703614,0.77750635,-0.09414402,-0.23162468,-289.46198,570.0792,2100.2278
14.00046,-0.57196677,0.7850717,-0.1332722,-0.19686253,-279.2154,574.0683,2121.3591
13.41856,-0.59259033,0.7767725,0.08070542,-0.19735162,-308.85803,614.5053,2258.5054
13.338671,-1.0083833,-1.3969421,-1.1361668,0.32070208,-186.93967,375.17258,1900.6506
13.7408695,-0.8832587,-1.4520508,-0.97444826,0.3031465,-161.21161,352.92136,1936.3889
13.736571,-0.591727,0.7781735,0.12653808,-0.16820571,-267.82404,572.9385,2241.9229
13.571786,-0.6287778,0.65259206,0.3942727,0.1526798,-168.21872,323.3006,1895.5859
13.705918,0.63321793,-0.46625447,-0.43605584,0.43760374,-273.27383,371.99188,1919.7806
14.028379,0.7205323,-1.4510119,-1.2529777,0.27381477,-249.43657,555.16345,2221.5789
14.487211,-1.1707788,-1.4590378,-1.9851129,0.3706755,-240.76816,570.7816,2219.2747
14.433089,-0.55594295,0.6710366,0.14639755,0.46819347,0.40641022,410.13037,2006.3505
