13.515269,0.33820248,-1.4931661,-2.1987925,0.3516966,-331.07028,607.3321,2250.8308
13.885453,0.35292536,-1.5345502,-1.8799893,0.32742694,-299.4663,605.8247,2240.0525
14.494244,0.49892056,-1.5602173,-1.5829426,0.30344397,-285.20554,611.86426,2240.0134
14.334024,0.54096055,-1.5417546,-1.5104316,0.29690823,-273.19397,621.761,2238.7986
14.424963,0.16194905,1.4187194,-2.9053402,0.405845,-65.05836,360.43408,1997.2869
14.4305105,-0.33811453,0.6171356,0.48707268,-0.5172836,-183.27475,664.0112,2214.2927
13.861443,0.71554714,-0.62610924,-0.24790646,-0.18580034,-188.51547,545.38715,2273.8005
14.222729,0.7296165,-0.60515064,-0.31144127,-0.066758655,-142.95221,568.91235,2220.6306
13.536725,-1.2816559,-1.4188485,-2.6245077,0.408493,-131.99242,364.84985,1823.9521
13.316741,0.09394574,0.23481743,-3.4574175,0.44861788,-134.55176,496.86835,1925.9403
13.252067,0.20582041,0.17300734,-3.4632566,0.4482001,-113.90254,503.90097,1924.621
13.370516,0.59993577,-0.0024358132,-3.408457,0.44794655,-67.23557,527.1423,1937.2906
13.027086,0.6874791,-0.4042455,-0.32639435,-0.5073703,-21.233353,392.81247,2207.9836
12.700201,0.25343114,0.7748875,0.45406398,-0.3593715,-77.59758,489.50125,2244.0903
12.103271,1.6401193,-1.1453111,-2.4968607,0.40138423,57.3687,589.6239,1932.9216
11.886257,1.4948353,-1.0958087,-2.5909712,0.39820966,79.32459,604.2696,1932.5642
11.458372,1.5031422,-1.1674159,-2.4531212,0.38840955,128.27534,601.3179,1949.2681
11.271437,1.5595179,-1.29246,-2.3605087,0.38899237,135.58961,613.67596,1948.9032
11.081303,1.5913358,-1.3081979,-2.2481804,0.38116097,143.54822,632.23334,1954.3839
10.951919,1.4594506,-1.6830839,-1.9971621,0.3771068,148.17203,647.2531,1956.292
10.695505,1.5373374,-1.4636307,-1.9758819,0.36271906,166.69696,607.3707,1991.2728
10.609525,1.5491551,-1.4772862,-1.9323484,0.36067,172.37724,607.6552,2004.2455
10.429641,1.45868,-1.3650136,-1.9948139,0.3558568,178.56438,616.1432,2053.7974
10.396952,1.5618861,-1.5839669,-1.9795398,0.373563,168.06573,558.9098,2053.1558
10.1386385,1.589132,-1.4343066,-1.9629443,0.3632534,166.99336,589.73804,2097.8809
10.027777,1.4202278,-1.5380923,-1.7460091,0.34226176,171.06761,587.1507,2123.579
10.262723,0.7382238,-0.64797837,-0.14421706,0.1197963,176.10307,594.52124,2182.631
10.595615,0.68860525,-0.570677,-0.122218214,0.4303641,227.8139,526.9187,2141.5837
11.770026,0.7291644,-0.61379695,-0.04413497,0.29937363,170.83714,585.2786,2177.2812
12.77686,0.7515409,-0.61539054,-0.017968295,0.23697662,169.18942,571.464,2213.5083
12.562796,0.7364879,-0.6318739,-0.0037342133,0.24146828,176.55016,570.5615,2222.1082
12.340809,0.7275211,-0.65028775,0.01755738,0.21801499,191.33812,561.2417,2249.7407
12.0631485,0.7546358,-0.6518629,-0.0042256736,0.07471147,202.1826,552.928,2343.446
11.933366,-1.4802892,0.9035534,-2.6033685,0.393324,203.52315,547.1337,2359.321
12.263042,-1.4516402,0.82674456,-2.712975,0.3998248,201.23148,542.5802,2400.9338
11.802756,0.7539879,-0.64008117,0.14645903,0.01865415,209.78967,539.7613,2419.4253
12.366756,-1.5124671,0.28685355,-2.8744957,0.44600886,0.93241024,650.4882,2425.871
12.42074,0.13622145,0.799063,-3.238916,0.45035326,117.139946,568.9821,2601.2214
12.396572,-1.1550549,-0.2584587,-3.262387,0.43488902,211.0834,454.13794,2557.5059
12.229305,-0.2678066,-0.7860183,-3.2633214,0.4497143,66.89231,577.21277,2461.812
12.282093,0.80948657,-0.56362486,-0.07136026,-0.14821005,54.470222,545.7433,2681.8438
12.319167,-0.81688154,0.2584623,-3.2325184,0.45112282,3.0863876,583.5049,2518.6348
12.160621,0.7865198,-0.59893394,-0.054775964,-0.14022933,10.564909,547.4244,2608.2083
12.311129,0.74683243,-0.57287776,-0.2674351,0.20622993,-44.46895,544.06555,2413.8584
12.325247,-0.6461544,0.67996114,0.29559916,-0.180993,-35.42732,491.1513,2392.053
