13.483272,0.0,0.0,0.0,0.43301272,123.46597,-686.62885,2239.969
13.497816,0.0,0.0,0.0,0.43301272,130.62292,-706.1959,2226.2212
13.884673,0.0,0.0,0.0,0.43301272,133.16257,-713.6752,2221.149
14.2399435,0.0,0.0,0.0,0.43301272,133.95673,-701.0976,2225.887
14.221811,0.0,0.0,0.0,0.43301272,129.39867,-670.4039,2231.5632
14.799941,0.0,0.0,0.0,0.43301272,131.56795,-685.7091,2225.1975
14.812669,0.0,0.0,0.0,0.43301272,107.82959,-703.629,2224.4502
15.041508,0.0,0.0,0.0,0.43301272,105.98669,-688.6852,2230.5837
15.035774,0.0,0.0,0.0,0.43301272,67.69853,-628.114,2263.5125
15.496528,0.0,0.0,0.0,0.43301272,-78.58843,-634.0837,2261.739
15.297052,0.0,0.0,0.0,0.43301272,-106.29117,-624.7377,2259.356
14.807423,0.0,0.0,0.0,0.43301272,-268.65363,-630.9608,2237.48
14.92356,0.0,0.0,0.0,0.43301272,-120.87972,-663.01056,2353.5786
14.757238,0.0,0.0,0.0,0.43301272,-181.39288,-671.7195,2335.8364
14.66485,0.0,0.0,0.0,0.43301272,-173.90494,-659.1061,2340.2495
15.125263,0.0,0.0,0.0,0.43301272,-198.32991,-659.7635,2317.5752
15.131345,0.0,0.0,0.0,0.43301272,-217.9899,-654.39575,2350.7305
14.577121,0.0,0.0,0.0,0.43301272,-232.70941,-657.5342,2302.952
14.847277,0.0,0.0,0.0,0.43301272,-298.02283,-665.5022,2280.219
14.902779,0.0,0.0,0.0,0.43301272,-310.6205,-667.5603,2252.2751
14.477316,0.0,0.0,0.0,0.43301272,-392.38007,-699.3898,2205.0083
14.177418,0.0,0.0,0.0,0.43301272,-405.0898,-661.3544,2182.2427
13.797971,0.0,0.0,0.0,0.43301272,-391.07806,-666.7663,2197.2048
13.523557,0.0,0.0,0.0,0.43301272,-388.7915,-666.9807,2196.4302
14.144301,0.0,0.0,0.0,0.43301272,-394.40677,-665.71075,2193.9321
14.726874,0.0,0.0,0.0,0.43301272,-417.9995,-665.6245,2162.8254
15.215574,0.0,0.0,0.0,0.43301272,-417.12143,-662.5149,2158.3188
15.394166,0.0,0.0,0.0,0.43301272,-418.95593,-672.0737,2145.8618
15.57651,0.0,0.0,0.0,0.43301272,-421.14655,-684.2693,2164.7307
15.723144,0.0,0.0,0.0,0.43301272,-426.67554,-691.2161,2137.5103
15.871782,0.0,0.0,0.0,0.43301272,-427.4091,-687.1135,2122.1768
15.9804945,0.0,0.0,0.0,0.43301272,-420.9781,-679.6003,2092.996
16.21918,0.0,0.0,0.0,0.43301272,-438.47952,-667.735,2067.0547
16.399902,0.0,0.0,0.0,0.43301272,-446.61807,-624.70605,2007.8091
16.481674,0.0,0.0,0.0,0.43301272,-462.27948,-636.80884,1907.071
15.722665,0.0,0.0,0.0,0.43301272,-453.4151,-637.30585,1892.993
15.195969,0.0,0.0,0.0,0.43301272,-435.33627,-554.23694,1826.9205
14.853396,0.0,0.0,0.0,0.43301272,-430.72934,-574.579,1820.2538
14.36332,0.0,0.0,0.0,0.43301272,-412.63657,-589.6091,1840.2507
14.558001,0.0,0.0,0.0,0.43301272,-432.89426,-622.2097,1824.7365
14.834304,0.0,0.0,0.0,0.43301272,-413.03793,-575.31055,1770.6168
14.702848,0.0,0.0,0.0,0.43301272,-375.8965,-581.4377,1786.0815
14.516775,0.0,0.0,0.0,0.43301272,-380.8242,-686.8959,1747.3561
14.591834,0.0,0.0,0.0,0.43301272,-404.4463,-616.2893,1795.6215
14.778522,0.0,0.0,0.0,0.43301272,-423.29034,-611.5721,1751.6385
14.979149,0.0,0.0,0.0,0.43301272,-374.6577,-642.3063,1777.5559
15.208363,0.0,0.0,0.0,0.43301272,-349.65933,-632.92365,2043.2168
15.052035,0.0,0.0,0.0,0.43301272,-312.27115,-658.05646,2004.3011
15.021327,0.0,0.0,0.0,0.43301272,-321.884,-646.298,2015.4885
15.372143,0.0,0.0,0.0,0.43301272,-162.23627,-675.52936,1795.8667
15.561834,0.0,0.0,0.0,0.43301272,-181.3726,-686.68695,1707.3317
15.433435,0.0,0.0,0.0,0.43301272,-164.21358,-691.1477,1702.3472
15.5669,0.0,0.0,0.0,0.43301272,-175.06453,-748.9468,1710.852
15.12333,0.0,0.0,0.0,0.43301272,-166.4893,-714.14954,1708.3499
14.868654,0.0,0.0,0.0,0.43301272,-142.83842,-722.6793,1779.4502
14.723753,0.0,0.0,0.0,0.43301272,-117.88385,-652.67236,1768.6106
14.451206,0.0,0.0,0.0,0.43301272,-149.82892,-684.5345,1839.7517
14.2285185,0.0,0.0,0.0,0.43301272,-99.54085,-619.0183,1850.834
13.594219,0.0,0.0,0.0,0.43301272,-138.48036,-687.98047,1822.7075
13.575457,0.0,0.0,0.0,0.43301272,-87.63617,-663.0273,1777.6322
13.465471,0.0,0.0,0.0,0.43301272,-70.38381,-689.5509,1811.6926
13.021828,0.0,0.0,0.0,0.43301272,45.030876,-668.77356,1768.3735
13.077847,0.0,0.0,0.0,0.43301272,50.08,-644.67395,1816.7993
