15.557543,-0.2746551,2.3746674,0.12891883,0.34134158,-214.46767,342.66577,1784.7045
15.398926,-1.3565747,1.6959149,-0.7376574,0.40703523,-225.52777,369.58423,1861.4895
15.288166,1.1542829,0.08045931,-0.19220373,0.43302184,-197.1405,384.31586,1691.5723
15.576293,0.7884515,-2.1916678,0.011572098,0.36300942,-123.02543,353.2483,1704.2004
15.839886,0.20972228,1.1647724,0.079501495,0.42300266,-116.60649,441.33203,1714.1926
14.923818,1.1695973,1.4057895,0.9052355,0.39130628,8.709309,391.45242,1637.049
15.135805,0.92205054,1.5710781,0.22724202,0.41152695,-0.785491,381.0935,1656.3004
15.275994,-1.8179104,-1.6222557,0.3825422,0.32051873,-70.380135,582.9165,1827.6719
15.292336,-0.66415983,1.5540534,-0.37684384,0.41853696,20.796932,512.8663,1696.2124
15.444455,-0.78860563,1.9212583,-0.3444616,0.40107867,29.816843,540.64746,1703.3386
15.599727,-2.0887916,1.1278174,-0.14366622,0.39374214,53.143486,587.2287,1770.7697
15.736266,-0.38015845,1.6323252,-0.8620034,0.4282353,49.539886,534.4573,1768.618
15.878266,-1.3782958,1.3872312,-0.56530607,0.41588703,53.874393,577.04333,1738.5886
16.085234,-1.4257323,1.5486544,-0.300012,0.40233505,76.3269,620.27216,1753.7703
16.27229,-1.4553999,1.6352924,-0.35011828,0.39831668,83.45114,546.6883,1829.1665
16.424818,-0.9877402,1.4869175,-0.58536655,0.4202258,95.42496,595.02216,1873.0634
16.4947,-1.6482085,0.44288138,-0.3383034,0.4269757,96.64684,536.04364,1938.0598
16.554562,-1.5000991,0.93530464,-0.36697477,0.42167813,108.25687,594.02686,1913.3088
16.631474,-1.6946058,1.0570055,-0.35429218,0.414611,115.55468,598.0774,1941.5808
16.681862,-1.7108446,0.9494483,-0.16445762,0.41271308,128.92168,607.50507,1943.6212
16.522718,-1.6490952,0.8684743,-0.018293038,0.41235098,137.265,620.2554,1937.7278
16.658903,-2.0960648,0.57575095,-0.10078412,0.4106702,145.5984,623.72394,1957.778
16.74193,-2.4220572,0.538924,-0.12496166,0.40138105,156.80278,671.43585,1993.9553
16.763248,-2.2229233,0.30303186,-0.21888089,0.4153811,151.51271,651.54895,2013.6185
16.723173,-2.3635995,-0.09685833,-0.11648081,0.41431126,155.97453,641.0226,2057.2754
16.768318,-2.3584957,-0.2377716,-0.119481266,0.41555536,154.22311,652.3229,2086.093
16.86491,-2.319875,-0.684569,-0.50186485,0.4251696,174.1638,620.0409,2138.4866
16.873964,-2.0543714,-0.82423466,-0.40986398,0.42734534,171.90346,579.4025,2151.5383
16.618443,-2.8722196,-0.19528352,-0.5145002,0.40496236,172.48044,679.45264,2213.7773
16.298332,-1.583704,0.5261534,-0.43879646,0.2593603,268.5239,684.07666,2333.1047
16.455772,-0.20317851,0.8300751,-0.15429285,0.49586913,172.91048,692.3452,2318.4036
16.589455,-0.11343638,0.8271194,0.16033597,0.52658826,161.01247,684.3929,2324.7808
16.06974,-0.26672864,0.7757236,-0.09170534,0.56453204,166.47389,647.1753,2355.0396
15.801532,-0.28725877,0.6337108,-0.105310075,0.71049356,142.0713,645.39813,2353.521
15.313296,-0.30196893,0.722042,-0.07973189,0.6173417,144.12062,634.54456,2354.183
14.945446,-0.3075859,0.7099215,-0.053828485,0.6312708,128.97247,638.0718,2354.468
14.200988,-0.4996669,0.6830744,-0.05591742,0.5297293,85.60788,632.6149,2355.509
14.153398,-0.5259561,0.66447407,-0.1730459,0.50189304,62.728065,652.5629,2365.8826
14.616459,-0.35594743,0.7659092,0.048497748,0.5332261,20.320244,652.5704,2363.0283
14.580278,-0.29396147,0.7801405,0.10988725,0.54119295,0.8191397,643.77356,2361.9773
14.487278,-0.34554192,0.7581955,-0.08264473,0.54672444,-27.914371,637.8871,2356.6362
14.906691,-0.35004276,0.7436089,-0.05484179,0.56701493,-57.702095,651.5909,2349.8738
15.293774,-0.34672013,0.7446439,0.014380413,0.5701591,-93.717415,654.54565,2364.3828
15.415464,-0.3011941,0.7450845,0.043941118,0.5934628,-101.49584,656.26746,2366.0547
15.209925,-0.2936435,0.61884266,0.038104106,0.727567,-118.80012,657.5907,2364.315
15.363038,-0.3260662,0.61849064,0.035396997,0.7140697,-137.52852,658.72723,2360.0225
15.681576,-0.6619021,1.862234,0.45505425,0.25890097,-184.29092,651.0802,2363.5964
15.781788,-0.7659672,1.7950231,0.46429813,0.25559375,-220.38528,654.4696,2361.009
15.531426,-0.73870146,1.7950927,0.45570725,0.25364912,-241.3824,662.59985,2365.1238
15.359568,-0.841113,2.153724,-0.08328956,0.37131622,-379.4713,666.35406,2366.9187
15.69814,-1.0892905,1.837532,-0.04969693,0.38903508,-409.11884,681.4458,2365.2559
15.9971895,-0.97017586,1.6641408,0.12952523,0.3959267,-421.99368,679.6623,2349.9006
16.25025,-2.5313964,0.99232674,-1.1501591,0.38503188,-442.0344,690.08093,2353.7705
16.428682,-1.6232723,1.2096441,-0.05266942,0.40398416,-454.31348,687.70154,2333.109
