11.584931,1.045626,0.72577834,-0.12905575,0.4312939,357.17087,692.2317,2707.2969
11.521267,0.8933385,0.73296297,-0.16217935,0.43253264,358.3619,693.48645,2696.9878
11.713074,0.9489193,0.54382473,-0.23133081,0.4346549,359.46585,693.81976,2691.6162
11.614515,0.6772619,0.6398205,-0.17787206,0.43403664,355.85065,692.72107,2675.7964
11.480009,0.69607985,0.577017,-0.21229467,0.43500173,357.13776,694.37115,2678.1538
11.4367075,0.18977366,0.6622855,-0.22177553,0.43508628,355.08417,704.6295,2641.961
11.766455,-0.29609135,0.38700402,-0.13285033,0.43420947,344.15308,703.10516,2591.46
11.630739,-0.66613996,0.6415128,-0.15791899,0.43099517,340.75226,692.78687,2539.9126
11.487898,-0.8880566,0.72207564,-0.19557017,0.4291876,340.39423,685.55145,2511.5518
11.366808,-1.2209496,0.63703537,-0.09451373,0.42485937,330.2744,664.4525,2477.9321
11.582464,-1.4856677,0.7262101,-0.104814894,0.4202128,325.7405,648.2229,2428.8442
11.715818,-1.6733325,0.73438257,-0.13696413,0.4176504,323.11942,634.90015,2400.5562
12.089297,-2.0216553,0.69681674,-0.2395942,0.41331422,320.81268,583.1026,2359.1455
12.00421,-2.3356981,0.7498924,-0.19006754,0.4000954,311.50464,540.57715,2320.6453
12.276552,-2.3870974,0.75499874,-0.18189429,0.3972473,311.2436,523.7882,2308.227
12.159027,-2.5352554,0.8343487,-0.25155213,0.38554537,302.82617,489.38788,2281.1934
11.952162,-2.460762,0.8363658,-0.3159224,0.3934058,308.66486,512.9454,2270.709
11.9274025,-2.4109292,0.868789,-0.32235333,0.39507815,308.0059,509.24817,2277.1094
11.961907,-2.4012594,0.77021724,-0.25507906,0.39808306,309.29355,511.79865,2283.6035
12.104531,-1.0579573,0.9113188,-0.2684872,0.4262325,324.81094,586.9533,2379.8674
12.340568,-1.5889581,0.81782246,-0.31667644,0.42151427,317.6255,587.3579,2344.6511
12.469072,-1.729563,0.84450656,-0.3469068,0.41899163,317.00662,585.7365,2347.251
12.38008,-1.1993718,0.7267977,-0.2855665,0.4278738,324.31165,641.7528,2415.861
12.442811,-1.0351012,0.8264647,-0.17491072,0.4258972,317.42978,665.0206,2448.7964
12.390071,-0.5878248,0.683469,-0.22697963,0.43242395,335.16644,689.80554,2522.5295
11.635635,0.8234877,0.7748566,-0.29527575,0.43505627,355.0462,691.74225,2643.7737
11.81327,0.3469028,0.7206153,-0.24859671,0.43522736,349.05447,694.2169,2641.432
12.021553,0.61241347,0.63689435,-0.29973263,0.43652225,354.68924,693.32465,2669.0793
12.242519,0.67268866,0.5660801,-0.18530981,0.4345881,350.21698,698.90564,2680.9985
12.317873,0.7154314,0.60591114,-0.13966683,0.43337333,349.36783,701.1103,2689.7263
