16.463308,0.4578336,0.33642247,-0.13455147,0.43489873,-24.207247,812.1625,2279.9043
16.547092,0.56352603,0.29486948,-0.10597083,0.43419755,-26.795242,817.89343,2295.4714
16.602362,0.6415986,0.32021615,-0.05054744,0.43280694,-30.640633,825.6457,2309.2612
16.630203,0.6488123,0.32146528,0.0013550705,0.43170032,-34.178013,826.7133,2315.8823
16.676271,0.7648915,0.28386465,0.12534589,0.42865625,-35.971573,826.92035,2322.1562
16.713089,0.7777463,0.30431917,0.09578885,0.42923477,-36.40983,826.0666,2325.281
16.695724,0.78152126,0.32913044,0.08594767,0.4293977,-36.584435,824.40234,2326.9722
16.01669,0.71489924,0.3576441,0.06363805,0.4300753,-37.190308,823.4006,2323.4055
16.122004,0.69611466,0.35641402,0.03666877,0.430724,-36.65672,822.09424,2319.9402
16.11332,0.2657783,0.39141753,-0.02817296,0.4327717,-35.49191,827.49274,2286.3586
15.82683,-0.19629721,0.37914523,-0.36216682,0.43885168,-15.870382,834.9031,2247.4136
15.372665,-1.2123287,0.38693646,-0.2051352,0.43009233,-26.915956,820.89496,2130.4807
15.544805,-1.180563,0.3626074,-0.14801353,0.4294404,-29.391792,822.2568,2129.0051
15.548223,-1.0368125,0.37293088,-0.1346607,0.4303281,-31.471504,822.68896,2128.6062
15.701703,-0.95010775,0.41603822,-0.10552124,0.43004817,-34.478165,822.22363,2131.2917
15.402511,-0.99713004,0.32622454,-0.13856685,0.43108422,-37.207436,816.86743,2110.058
15.706541,-0.8469527,0.5423525,-0.1749271,0.4310967,-44.387325,813.9665,2078.8755
15.886445,-0.7159595,0.51322937,-0.18491447,0.432449,-42.719147,810.3677,2080.0984
16.047174,-1.6402793,0.38830084,-0.47826013,0.4304099,-28.689056,750.4159,1977.8866
16.11346,-1.5810219,0.5238825,-0.31988865,0.42652425,-40.874893,742.8266,1979.8329
15.7297125,-2.4858778,0.49334395,-0.08428077,0.39866993,-61.854614,657.83203,1912.6361
15.824572,-2.4178002,0.48896614,-0.03828547,0.40040776,-59.95083,655.2255,1906.3983
15.750172,-2.3038561,0.44039094,0.010637973,0.40444058,-59.467827,651.9966,1899.5513
15.235304,-2.3824134,0.3452628,0.035517897,0.4031067,-56.555096,643.6153,1891.4536
14.725694,-2.4480588,0.27161995,0.031030552,0.40239975,-55.02625,637.2567,1881.7139
14.433507,-2.4432528,0.21517812,0.07045402,0.40250772,-55.711704,639.1907,1883.894
14.057947,-2.4325206,0.230488,0.06748663,0.4026962,-56.058895,642.3817,1887.0074
13.639181,-2.1738179,0.31863302,-0.04421344,0.41208127,-48.662357,672.6323,1920.8475
13.464998,-0.34499067,0.39511248,-0.049093194,0.43230698,-40.531868,806.84863,2055.2249
13.474947,-0.8265907,0.39471948,-0.08361723,0.43064544,-41.08179,797.81445,2033.9949
13.23948,-0.9604718,0.44580063,-0.09472647,0.42948192,-40.73519,798.9705,2039.1321
13.2792635,-1.0895102,0.37976193,-0.06850657,0.42843813,-40.771656,802.192,2045.2104
13.957388,-0.34400398,0.4937332,-0.25523946,0.43576875,-20.463184,883.9408,2112.3804
14.539268,-0.66954523,0.41319406,-0.08072385,0.4314035,-37.765472,870.4343,2103.6604
14.987701,-0.8996317,0.42325032,-0.09258341,0.43009487,-36.2415,846.9833,2105.1697
14.69408,-0.6237942,0.47270274,-0.1558737,0.43273643,-26.356907,836.85895,2138.5652
14.918222,-0.2555835,0.4897331,-0.023944262,0.43146598,-32.916344,850.48486,2174.284
15.127802,6.8838126E-4,0.44752622,0.029087128,0.4311787,-34.860607,857.4851,2195.561
15.298449,0.39267594,0.48318595,-0.01734541,0.4320592,-29.048761,835.45886,2243.533
15.428068,0.7505534,0.40601036,0.05127966,0.43009755,-33.22234,830.706,2270.6863
15.559396,0.65045327,0.57303286,0.12776954,0.42802712,-36.87281,832.5152,2281.0334
15.833806,0.70582145,0.45524776,0.14537187,0.42800438,-39.776184,830.9251,2294.3696
16.068256,0.88328695,0.46504462,0.20252109,0.4259865,-40.62978,828.0149,2304.6794
16.24006,0.84035563,0.49008265,0.28538567,0.42410412,-39.936638,827.2397,2310.6194
16.40465,0.80650383,0.52908754,0.21201871,0.42582873,-38.47025,826.6685,2311.079
