12.946892,0.0058595324,0.98754966,0.15716514,-0.0032390822,185.00806,-322.56128,2631.38
12.919125,0.00805052,0.98779005,0.1554848,-0.0055169957,184.47002,-321.7983,2633.4116
12.739722,0.0069819028,0.9885195,0.15051417,-0.011213967,183.29639,-326.16068,2634.7275
12.764281,0.0053995214,0.98820215,0.15287001,-0.0076210764,185.4323,-327.829,2635.8867
12.707612,5.5032794E-4,0.9873583,0.15643759,-0.025507519,176.04291,-352.16443,2639.518
12.318404,0.005043464,0.98379266,0.1792155,0.002879987,183.62065,-370.84573,2633.9521
12.488756,0.006738197,0.9822357,0.18712004,0.012398375,179.46783,-363.35162,2648.6824
12.237431,0.0076624583,0.9823968,0.18653092,0.006637116,184.32317,-374.10797,2653.5154
12.181212,0.009158779,0.982871,0.1835441,0.013865166,184.33871,-379.85977,2648.1174
12.262272,0.010308913,0.9819763,0.1878367,0.018267175,184.37712,-384.0302,2655.1353
12.098812,0.009822769,0.98039913,0.19513987,0.025328457,183.11737,-387.34497,2644.652
12.226533,0.011540541,0.9797872,0.19800915,0.026005656,183.84978,-389.04108,2651.6384
12.615371,0.013198662,0.9805641,0.19255975,0.03522066,184.20367,-400.20032,2637.0457
12.970282,0.010535473,0.98023754,0.19558372,0.027752666,179.75652,-402.79938,2632.0015
12.840406,0.009002467,0.98138934,0.19073671,0.020337211,182.61055,-398.69333,2627.0828
12.775652,0.00901836,0.9819772,0.18856083,0.009172705,182.55035,-383.84155,2626.4292
12.749772,0.005482883,0.9829338,0.18386649,-0.0020053938,184.15459,-376.3071,2636.0415
12.508243,0.005882241,0.98505086,0.17130524,-0.017167851,186.53297,-355.09882,2622.4397
13.026336,0.004028495,0.9866101,0.16258413,-0.012275295,181.07999,-341.75116,2631.2224
13.103777,0.0025596814,0.9874321,0.15763739,-0.011032156,178.74583,-337.03323,2631.6226
13.000188,8.3496457E-4,0.98777145,0.15550292,-0.011217062,179.42265,-332.5518,2630.6426
12.608727,0.004787677,0.9885184,0.15056503,-0.011774263,182.53706,-330.62405,2620.1885
