11.831693,0.0,0.0,0.0,0.43301272,16.01905,-51.42372,2500.5295
11.640281,0.0,0.0,0.0,0.43301272,17.462784,-51.126465,2499.4883
11.958445,0.0,0.0,0.0,0.43301272,17.07674,-50.82704,2506.7466
11.768715,0.0,0.0,0.0,0.43301272,29.814774,-64.651535,2524.2085
11.705866,0.0,0.0,0.0,0.43301272,32.137146,-67.27794,2526.5552
12.160246,0.0,0.0,0.0,0.43301272,36.62714,-72.55774,2525.69
12.3536005,0.0,0.0,0.0,0.43301272,38.387592,-77.21243,2523.587
12.396407,0.0,0.0,0.0,0.43301272,40.247986,-80.562164,2522.999
12.436131,0.0,0.0,0.0,0.43301272,39.3083,-102.47113,2521.5325
12.934352,0.0,0.0,0.0,0.43301272,38.455704,-118.217545,2538.4673
13.343868,0.0,0.0,0.0,0.43301272,31.886526,-127.90384,2571.5884
13.395997,0.0,0.0,0.0,0.43301272,32.660267,-129.35231,2590.0076
13.264439,0.0,0.0,0.0,0.43301272,39.645676,-125.82791,2620.956
13.579531,0.0,0.0,0.0,0.43301272,43.462177,-125.97568,2627.1267
13.690329,0.0,0.0,0.0,0.43301272,38.40564,-128.40166,2621.4255
13.521016,0.0,0.0,0.0,0.43301272,35.531425,-128.0358,2583.615
13.1954365,0.0,0.0,0.0,0.43301272,37.170876,-126.16806,2563.6643
13.151944,0.0,0.0,0.0,0.43301272,38.16944,-125.015015,2552.8276
12.986605,0.0,0.0,0.0,0.43301272,36.83835,-118.478455,2545.1848
12.495705,0.0,0.0,0.0,0.43301272,32.405758,-91.935715,2513.764
12.834037,0.0,0.0,0.0,0.43301272,29.913713,-86.35591,2507.3242
12.738751,0.0,0.0,0.0,0.43301272,24.503868,-72.49684,2500.1096
12.474848,0.0,0.0,0.0,0.43301272,24.23244,-61.008316,2490.7112
12.210256,0.0,0.0,0.0,0.43301272,26.316774,-54.956406,2489.8115
