12.3430195,0.0,0.0,0.0,0.43301272,601.6525,-36.51764,2488.8225
12.21075,0.0,0.0,0.0,0.43301272,601.85785,-31.352112,2489.3777
12.036282,0.0,0.0,0.0,0.43301272,596.6133,-18.886581,2482.9014
12.0238495,0.0,0.0,0.0,0.43301272,595.986,-17.365753,2482.2751
12.340065,0.0,0.0,0.0,0.43301272,589.52234,-29.904251,2493.49
12.661477,0.0,0.0,0.0,0.43301272,590.4867,-45.668884,2520.4558
12.761488,0.0,0.0,0.0,0.43301272,588.30615,-55.990814,2524.4302
12.95181,0.0,0.0,0.0,0.43301272,587.836,-67.612076,2519.403
13.0521145,0.0,0.0,0.0,0.43301272,589.91394,-91.13634,2528.772
13.167551,0.0,0.0,0.0,0.43301272,583.4973,-85.778946,2537.0623
13.061686,0.0,0.0,0.0,0.43301272,573.0749,-100.62427,2536.07
12.978347,0.0,0.0,0.0,0.43301272,572.32965,-96.124664,2529.1023
13.292104,0.0,0.0,0.0,0.43301272,548.08496,-89.744675,2516.782
13.606146,0.0,0.0,0.0,0.43301272,558.82367,-63.18814,2558.6243
13.481216,0.0,0.0,0.0,0.43301272,562.4272,-70.91379,2593.2822
13.650732,0.0,0.0,0.0,0.43301272,567.5939,-78.28653,2619.6077
12.9455185,0.0,0.0,0.0,0.43301272,571.5097,-82.15373,2626.9734
13.063394,0.0,0.0,0.0,0.43301272,573.4846,-58.063385,2602.8923
13.195619,0.0,0.0,0.0,0.43301272,580.1061,-76.069534,2598.638
13.279257,0.0,0.0,0.0,0.43301272,608.8303,21.61438,2588.5579
12.956755,0.0,0.0,0.0,0.43301272,569.38586,-70.171005,2534.1458
12.895797,0.0,0.0,0.0,0.43301272,562.48615,-76.25807,2518.212
13.110356,0.0,0.0,0.0,0.43301272,566.19257,-91.89931,2506.482
13.014727,0.0,0.0,0.0,0.43301272,566.80145,-87.031555,2503.5706
12.945951,0.0,0.0,0.0,0.43301272,577.7322,-81.16583,2520.5264
13.002767,0.0,0.0,0.0,0.43301272,583.93524,-80.53502,2514.5498
13.197598,0.0,0.0,0.0,0.43301272,586.09216,-79.089935,2511.5352
13.141003,0.0,0.0,0.0,0.43301272,587.5351,-73.75896,2506.2175
12.927494,0.0,0.0,0.0,0.43301272,605.12683,-59.70317,2516.0232
