16.24006,-1.3428867,0.14248037,-3.1541991,0.4411897,125.24711,559.29944,2217.8745
16.40465,-1.3608905,0.14148282,-3.1451795,0.44102034,122.65919,565.59033,2221.679
16.527977,-1.2785683,0.14035603,-3.1791995,0.44253996,122.44065,569.03076,2228.3555
16.57111,-1.3156927,0.58520645,-3.0687234,0.43598387,127.193825,566.1955,2234.6355
16.611881,-1.2080733,0.35963356,-3.175785,0.44118196,125.97586,570.6058,2233.8335
16.64701,-1.234264,0.25838774,-3.1832335,0.4419353,124.98582,571.394,2232.337
16.659302,-1.2766886,0.09818884,-3.183831,0.4429426,123.44282,569.67676,2223.2427
16.643154,-1.3693168,0.022297887,-3.1551244,0.44147637,123.00094,575.61475,2211.4905
16.691502,-1.4545711,0.14349271,-3.1015925,0.43913275,120.54403,577.0452,2202.6033
15.748719,-1.5827692,-0.1653038,-3.0577452,0.4376967,120.75013,564.01105,2157.6343
15.32473,-1.619711,-0.112370946,-3.037235,0.43581632,120.1602,561.10583,2148.395
15.083162,-1.5970995,-0.00795,-3.0462456,0.43546885,119.178116,563.2754,2144.7568
14.552644,-1.765753,0.31153107,-2.8759184,0.42683867,113.89258,564.6068,2119.9077
14.764731,-1.8795191,0.15066269,-2.81521,0.42529967,109.3783,558.77716,2092.6973
14.652705,-1.955686,0.10045085,-2.7514386,0.42315492,107.31502,554.73047,2079.2026
