11.584931,-0.41390085,0.27354157,2.1711817,0.29763988,192.49681,459.4014,2666.026
11.521267,-0.3991318,0.28845066,2.170876,0.29761925,192.96318,459.27863,2667.4514
11.713074,-0.34435877,0.39005953,2.1421857,0.28954372,188.82452,476.34003,2654.4778
11.614515,-0.42146108,0.3139761,2.1516886,0.29192337,190.51917,468.25543,2659.9565
11.480009,-0.47157893,0.27648702,2.1512008,0.29255953,189.93048,466.08936,2657.4048
11.4367075,-0.5184727,0.22893265,2.148879,0.29199868,188.67662,466.61368,2659.2676
11.766455,-0.6417104,0.45173463,2.0492413,0.28522843,185.59569,458.51105,2630.1438
11.630739,-0.70070434,0.47950277,2.0067892,0.28101438,183.58731,460.64246,2616.3367
11.487898,-0.74587154,0.46551436,1.983186,0.27811676,181.52243,462.11523,2607.606
11.366808,-0.8399308,0.4708213,1.9226888,0.2734755,180.85362,460.6027,2588.765
11.582464,-0.90567553,0.49816167,1.8483106,0.26742196,178.71115,454.47247,2563.8682
11.715818,-0.870409,0.5548172,1.8318807,0.26559964,175.94418,445.7329,2552.389
12.089297,-0.9754758,0.454823,1.8256338,0.26690325,169.44437,426.35504,2526.5857
12.00421,-1.1014066,0.49872327,1.7269483,0.2648158,165.90096,420.1773,2510.0012
12.276552,-1.0805895,0.521998,1.721218,0.26358017,165.95325,402.35675,2511.7192
12.159027,-1.098408,0.50386417,1.7082866,0.26250935,163.68645,396.60046,2504.944
11.952162,-1.0843207,0.5242101,1.6984036,0.2611543,162.63493,395.3744,2501.1306
11.9274025,-1.0792713,0.53957707,1.67291,0.2584492,162.89098,392.76978,2496.1562
11.961907,-1.0749387,0.5489725,1.6864024,0.26012996,163.16476,388.59824,2493.3518
12.104531,-1.0476822,0.5732737,1.7120814,0.26246357,163.05302,390.26276,2494.0999
12.340568,-0.9223228,0.60650635,1.7619168,0.26199156,155.04562,397.5528,2497.3047
12.469072,-0.79814434,0.5958555,1.86054,0.2677004,151.74457,404.42877,2512.6638
12.38008,-0.7920987,0.46922854,1.9692371,0.27879825,161.15347,424.07947,2537.1042
12.442811,-0.84661794,0.21840043,2.048878,0.28745505,161.70999,435.85223,2564.5442
12.390071,-0.7439258,0.2703159,2.0796225,0.28977075,172.0544,449.7569,2597.1255
11.635635,-0.59473157,0.24447429,2.1370013,0.29512423,175.27208,453.04068,2622.311
11.81327,-0.39379233,0.128797,2.1933403,0.29728034,181.55391,465.8121,2651.408
12.021553,-0.32684135,0.20740154,2.192859,0.296998,184.30487,466.00073,2657.1064
12.242519,-0.34822237,0.19600873,2.1921768,0.29741278,187.56976,465.75433,2659.8188
12.317873,-0.35316542,0.17177233,2.1945243,0.29744163,189.5859,466.3016,2666.7146
