17.044968,-1.4870466,1.3025116,-2.5318909,0.40798482,65.94087,623.4625,2296.019
17.113068,-1.545049,1.2219694,-2.556309,0.4094067,64.138504,622.86005,2284.223
17.173512,-1.6731553,1.104478,-2.5402098,0.40935478,64.0345,605.5746,2258.7788
16.828989,-1.682314,0.92958575,-2.667364,0.41682252,64.96816,593.0069,2227.6414
16.761919,-1.7357663,0.75107145,-2.7257524,0.418634,69.14004,575.34094,2197.8577
16.589088,-1.8909653,0.6199296,-2.6328692,0.4137087,75.97953,565.9996,2168.9023
16.736666,-1.9517282,0.28747118,-2.6999667,0.41853192,83.96363,542.2552,2137.212
16.781372,-1.9726378,0.19615647,-2.701289,0.41920957,86.51789,534.3499,2128.6646
16.823454,-2.0427384,0.066320464,-2.642248,0.4175847,88.86902,515.32587,2111.714
16.932816,-2.05689,-0.0649092,-2.627809,0.4172528,90.49127,499.7463,2095.28
17.014874,-2.0915177,-0.16092406,-2.5792468,0.41586316,91.16201,483.69208,2080.341
17.13674,-2.1274989,-0.15869473,-2.4952836,0.41162592,90.96934,473.7245,2067.759
16.449799,-2.1741574,-0.046433184,-2.3977892,0.4067036,88.7595,476.14825,2064.1626
15.8286705,-2.160992,0.010856736,-2.4257112,0.4075361,88.02706,483.8792,2070.85
15.461015,-2.150232,0.0836379,-2.4491498,0.40833944,85.658104,494.09918,2078.562
15.280384,-2.1326656,0.112434246,-2.5005224,0.41123614,85.04476,501.83923,2089.4417
14.737913,-2.0203226,0.38056627,-2.5856555,0.4130961,81.30875,528.47974,2118.0078
14.827928,-1.8877635,0.6477902,-2.6268451,0.4139012,77.57953,551.1112,2156.9236
15.326676,-1.7092043,0.7622799,-2.7381852,0.41777384,77.64967,567.15204,2190.122
15.262955,-1.6667233,0.8349299,-2.7343194,0.41748786,75.7333,571.9583,2216.139
15.433573,-1.664391,0.9151006,-2.6854343,0.41491777,75.39109,574.8695,2229.0684
15.019597,-1.5636771,1.0255929,-2.6977139,0.41572323,73.12646,593.4166,2257.4314
14.818393,-1.5586289,1.0802653,-2.6624367,0.41442642,71.21284,596.71655,2268.266
15.047475,-1.470007,1.1647936,-2.668668,0.41509914,69.483505,606.97534,2289.0452
