12.946892,0.35522342,0.5803288,-0.035803553,0.43194363,318.99396,498.02057,2662.1982
12.919125,0.43511868,0.5839916,-0.057692964,0.43232238,318.62332,498.04428,2664.2676
12.739722,0.33717546,0.6183378,-0.08112273,0.43264464,317.7583,493.87683,2650.853
12.764281,0.18315084,0.6035918,-0.080277696,0.43268743,319.02847,492.5999,2634.7483
12.707612,0.060292907,0.7462449,-0.12588096,0.43231538,313.0039,463.2518,2618.377
12.318404,-0.3779259,0.6122907,-0.056282084,0.43072134,318.07437,445.37424,2560.1985
12.488756,-0.6069961,0.566561,-0.0712056,0.43029493,315.46265,446.96005,2537.8254
12.237431,-1.3201894,0.5971991,-0.1042926,0.42444128,308.78717,410.79944,2484.17
12.181212,-1.6086435,0.5444349,-0.123054855,0.42163548,309.0243,391.04138,2462.1428
12.262272,-1.9388655,0.5075515,-0.13728501,0.41660386,307.72717,366.78415,2440.7466
12.098812,-2.2488596,0.45652097,-0.14350137,0.41002887,305.55487,334.27008,2407.1157
12.226533,-2.3616338,0.43330172,-0.118175454,0.406265,302.02393,320.93555,2395.7925
12.615371,-2.446164,0.3861875,-0.15139756,0.40519476,308.49136,299.45032,2390.9324
12.970282,-2.260265,0.45691404,-0.18603672,0.41075832,305.9184,315.68915,2401.2927
12.840406,-2.129034,0.5034893,-0.1733849,0.41312334,304.04654,332.0482,2408.3547
12.775652,-1.6201108,0.5870238,-0.14342026,0.42127168,301.44763,382.10263,2441.622
12.749772,-1.3966665,0.66261107,-0.116396226,0.42279154,298.96515,403.7056,2464.2576
12.508243,-0.55128056,0.7541826,-0.032909837,0.4278408,301.0822,453.91986,2531.0962
13.026336,-0.22840135,0.71596926,-0.010430948,0.42937467,304.52454,476.81476,2580.1726
13.103777,-0.067696765,0.69349736,-0.014131377,0.4301792,303.40546,483.78262,2598.8037
13.000188,0.09685585,0.67923266,-0.041499782,0.43121853,305.41568,488.74194,2613.7188
12.608727,0.59987575,0.63962847,-0.076581895,0.432154,311.3413,486.8944,2647.6519
