12.369096,-0.22784434,-0.3841645,0.14471741,0.42908943,384.77243,60.4037,2573.7441
12.110848,-0.14496155,-0.31153175,0.27282077,0.42643026,381.46832,47.443375,2579.7295
12.149899,-0.2612343,-0.29089925,0.25156188,0.42695665,390.64404,56.205994,2578.4744
12.382747,-0.26072457,-0.30133644,0.15373465,0.4291659,394.012,65.738525,2578.9744
12.142056,-0.081049345,-0.32373145,0.05199568,0.43133682,402.6069,57.541702,2579.968
12.304641,-0.10056746,-0.3797265,0.04820237,0.43120146,403.89545,42.676407,2603.7512
12.298976,0.043241803,-0.38952044,0.014268488,0.4317344,402.20697,32.338577,2609.1948
12.112656,0.11406256,-0.39387804,0.033333477,0.43118745,401.5548,27.582016,2616.6814
12.503709,0.16653402,-0.40481532,0.038990088,0.43089718,401.11713,8.7052,2632.885
12.965706,0.34387878,-0.40353522,0.026597153,0.43066502,402.1889,0.9550934,2650.9563
13.377498,0.49094597,-0.38725185,0.039878614,0.42991084,401.34933,-6.8894653,2654.2483
13.539856,0.50841564,-0.37567312,0.0376206,0.42995727,401.85507,-4.696869,2652.6096
13.566757,0.45610484,-0.34448737,-0.00197127,0.43121055,405.92438,6.1804504,2644.1184
13.633169,0.34057656,-0.34653464,-0.012571753,0.43183237,403.6412,7.8377533,2633.086
13.242828,0.09077457,-0.31058508,0.034409583,0.43159175,403.55072,29.917252,2619.0105
13.169348,0.019385282,-0.3572416,0.024311844,0.43170446,404.95993,40.104523,2619.7778
13.079291,0.0290782,-0.32093188,0.012627449,0.43209338,399.33957,45.105423,2619.0369
12.870473,-0.006332336,-0.39324096,0.06894636,0.43061104,399.01874,57.36345,2614.0076
13.134646,-0.0046514827,-0.40192917,0.071208626,0.4305172,398.02457,67.966385,2587.2522
13.3223715,-0.15876232,-0.39370185,0.089648366,0.43026596,398.4392,77.19791,2587.0386
