15.302223,0.11783749,0.51560915,-0.10263835,0.4336531,-140.42807,104.78084,2256.7107
14.743624,0.08040063,0.5209683,-0.1055078,0.43364295,-141.26443,106.20918,2258.0361
14.736265,0.07296113,0.5078454,-0.095602416,0.43351364,-141.05615,108.20915,2259.0312
14.938399,0.07226858,0.3827684,-0.09488284,0.4341436,-141.2411,109.96298,2254.429
14.728484,0.061174653,0.4074988,-0.09182677,0.43396086,-141.445,110.18582,2254.9102
14.9310875,0.04371469,0.34653655,-0.08704929,0.4341167,-141.46852,110.79875,2253.0403
15.270259,0.018825382,0.45144773,-0.08929345,0.43364275,-140.00337,109.7146,2255.7056
15.244651,0.027349297,0.51111686,-0.08149801,0.43315095,-140.27011,110.07175,2257.708
14.933448,0.023840863,0.51852936,-0.075983346,0.43298742,-141.12238,116.34418,2256.9011
14.796165,0.025626546,0.5981381,-0.06976593,0.43232256,-140.84512,115.22992,2258.2612
14.767166,0.014066669,0.58476967,-0.05335936,0.43206078,-143.97269,114.00575,2256.6667
14.375347,-0.048726574,0.20946531,-0.06679512,0.4340856,-145.7745,98.615616,2239.3572
13.962296,0.03439023,0.38787216,-0.09781002,0.43414828,-144.33635,90.36995,2241.4167
14.015101,0.015044627,0.43959293,-0.07225423,0.43335506,-144.53944,94.9899,2241.058
14.041584,0.020268952,0.38837987,-0.012797456,0.43238866,-148.03993,96.36549,2236.817
13.865195,-0.042389657,0.34703222,-0.028143713,0.43282026,-147.79031,90.75815,2231.2864
13.759603,-0.042942334,0.2798819,-0.021588294,0.4329473,-147.31978,85.74994,2227.811
13.476265,-0.030518256,0.29867843,-0.014990188,0.43275595,-147.62207,86.481445,2229.339
13.155628,-0.002057167,0.4354402,0.037942246,0.43105167,-154.85121,114.55574,2240.8013
12.948082,-0.032815445,0.41521555,0.006083905,0.4317926,-151.79059,102.08736,2237.7454
12.894385,0.0016065823,0.2957197,-0.082575485,0.43418366,-144.27267,107.98744,2245.6533
13.290033,-0.049224187,0.24990904,-0.05030849,0.433632,-146.10027,105.061356,2242.083
13.310232,0.03243154,0.3306592,-0.06874246,0.43379965,-143.64388,103.73587,2247.9927
13.227089,0.040766962,0.23368506,-0.07330951,0.4342145,-143.97838,122.15184,2251.607
13.183672,0.018271921,0.29121244,-0.07777229,0.43411586,-141.60085,119.538574,2254.2373
13.101611,0.008806364,0.28160867,-0.06098794,0.4338003,-141.33624,125.89748,2257.8853
12.85098,0.020074492,0.2809041,-0.06312049,0.43385458,-141.84155,122.32324,2257.6912
12.623469,0.041834798,0.3527525,-0.07235081,0.43379223,-141.7466,121.52199,2260.4668
12.536993,0.08503978,0.4608297,-0.06921988,0.43325415,-142.42288,124.356384,2264.939
12.258249,0.1811607,0.4692729,-0.12835418,0.43445972,-138.83154,109.29941,2266.2842
