12.972922,0.56256855,1.2324054,-3.0502791,0.41762215,533.19476,301.46405,2674.1917
13.31107,0.44912994,1.1164584,-3.1385934,0.42045128,527.6798,297.44556,2659.1746
13.051833,0.11089157,0.7162693,-3.374628,0.43182108,513.6821,271.2505,2626.6726
13.173384,-0.22010851,0.8289193,-3.3103428,0.42765686,519.3445,232.42438,2618.4028
13.318595,0.3522204,0.91551733,-0.16821527,-0.09732608,335.7175,389.29178,2245.266
13.64956,0.5240924,0.63727045,-0.56489766,-0.010210797,545.7716,-0.38430786,2617.9653
13.603506,0.12780528,0.94062644,-0.20978975,0.23425606,389.85944,210.59604,2278.6414
13.5534115,0.05469762,0.8488329,-0.29065678,-0.4381888,357.27292,119.74858,2286.9963
13.61089,0.10182641,0.9116809,0.0012888337,-0.39808,312.6549,322.65622,2227.0112
13.637399,0.051541906,0.052205697,-0.028628632,0.2504854,494.3293,176.42317,2622.7488
13.7916355,-0.22792062,0.5544767,-3.4155197,0.4346588,507.58618,188.53177,2662.0342
13.717718,-0.06612938,0.7455058,-3.3650143,0.43150103,507.79056,239.9161,2639.0273
13.400425,0.04791103,0.8046189,-3.3520555,0.43172243,510.239,274.55295,2636.3713
13.735587,0.36500236,0.68095064,-3.3786764,0.43392232,510.85086,260.04254,2650.8262
13.336628,0.43137997,0.6625469,-3.367308,0.4326061,519.3671,266.2127,2611.479
