12.355861,0.5044341,-0.32391134,1.9878604,0.26076743,584.9213,252.27347,2631.4531
12.434678,0.61010736,-0.36156484,1.950842,0.26068345,586.9274,252.11725,2635.322
12.257502,0.6144029,-0.29724678,1.9552679,0.2596688,582.94244,216.7998,2622.0542
12.119439,0.6478364,-0.33216518,1.9338928,0.25907457,585.837,234.3345,2635.7366
12.488604,0.18392467,-0.17193642,0.6570809,0.7105309,583.01105,237.97424,2631.416
12.662167,0.35252178,-0.12755874,2.1109118,0.2716293,598.2354,252.03735,2619.4258
13.0665,0.19000614,-0.063574314,2.1028376,0.2660953,593.4685,243.9685,2628.4033
13.188587,0.13917266,-0.062273152,2.085339,0.26264793,588.61285,244.27808,2626.061
12.74331,-0.15679318,0.86189115,0.070058204,0.4771282,642.35986,468.46866,2237.4126
12.6041765,-0.35479692,0.87842757,-0.0478717,0.31653193,585.96136,269.8663,2273.9019
12.679926,0.6673775,-0.4545126,0.5150241,0.2877077,644.68524,192.99893,2406.0881
12.777027,-0.40725866,0.6673821,-0.43409848,-0.44754893,483.24585,60.137802,2657.8945
12.828505,-0.5442613,0.6270534,-0.21950032,-0.51225334,632.70245,95.96096,2966.9634
12.835829,-0.4998436,0.62900186,-0.1784889,-0.56802696,636.5653,156.34007,2869.8162
12.739567,-0.81567216,-1.8196716,-1.5156217,0.33589286,588.8557,132.7026,2699.8914
12.518177,-1.147195,-0.57896584,-1.643927,0.35572278,643.42816,217.55122,2820.7795
12.388104,0.57903457,-0.49039304,0.47484654,0.4458188,633.785,129.00696,2787.3474
12.466521,0.008051007,0.012403491,0.7168804,0.6970393,567.6876,231.03671,2640.3484
12.496622,0.35318387,-0.19631143,2.000397,0.25538623,582.19653,260.60764,2674.932
12.304914,0.5358494,-0.15739991,2.005537,0.2609361,590.71735,257.86765,2666.8743
12.160887,0.6132455,-0.28821617,1.949133,0.25855625,594.4529,272.58023,2680.7383
12.14442,0.6130477,-0.1660872,2.0200217,0.26625824,594.32,268.27722,2630.6191
12.213954,0.5850099,-0.2101056,2.0129235,0.26482862,595.86127,282.45312,2638.392
