7.296987,0.13894247,0.4092776,0.18434383,0.42807513,355.4461,-316.19394,2411.2563
7.459972,0.108050965,0.4755118,0.10633147,0.42946208,358.853,-317.1565,2405.3318
7.6885257,0.5156146,0.80709827,0.286195,0.42280364,359.0615,-324.8239,2425.9507
7.7750697,-1.4740956,1.6722332,0.45322517,0.35793626,350.91803,-330.48657,2459.4895
7.6115866,-0.14287417,1.9364148,0.48167095,0.38402644,352.73657,-329.15845,2440.5088
7.4132843,0.062198665,1.9014913,0.14290375,0.4008278,350.40308,-326.23593,2414.0645
7.3162127,0.011264779,1.8474473,0.1948821,0.40101045,353.2376,-323.2561,2409.5437
7.2804136,0.20340984,1.7538086,0.16378045,0.40687013,355.70667,-326.47824,2414.765
6.9857025,-1.3331177,1.4562069,0.12998813,0.39636588,357.73434,-325.24277,2411.498
7.2110696,-0.7207248,1.6137844,0.14450142,0.40246937,358.82828,-318.23065,2407.234
