9.596091,-0.001181222,0.88839513,0.02101488,0.45859692,362.15356,-319.11053,2396.7463
9.573525,0.003433303,0.8939753,0.032019958,0.44695756,361.4999,-328.43784,2400.1035
9.593907,-0.01836212,0.89081687,-0.008901494,0.45390403,361.76105,-325.31396,2408.3184
9.566732,-0.008370855,0.8943465,0.007664359,0.4472311,362.09088,-326.94452,2404.1265
9.532703,-0.006879703,0.8879827,0.0146735795,0.45959115,354.9519,-351.8819,2417.902
9.5209255,-0.02513957,0.8753794,0.09255312,0.47382787,344.59674,-368.6357,2464.1736
9.75223,-0.0074220863,0.8922082,0.09181255,0.44213092,349.53348,-363.83487,2431.1335
9.956602,-0.0011799792,0.8939276,0.084516004,0.44016936,354.7912,-361.2692,2437.3225
10.188241,0.0032080184,0.8918988,0.07458854,0.44603002,356.40512,-354.15625,2425.6829
9.922914,0.0052395924,0.89385337,0.04316476,0.4462459,362.8295,-336.21094,2416.7004
9.921391,0.013557815,0.89083767,0.0271535,0.45330694,368.8157,-330.40472,2410.3057
9.973685,0.014775645,0.88405335,0.017866947,0.46681058,368.6093,-336.7503,2409.7993
9.979755,0.016630346,0.8940057,0.03417981,0.44644025,365.54166,-337.1395,2413.1426
9.941292,0.014668523,0.88442975,0.054175284,0.46328604,361.59317,-313.97772,2413.846
