13.876943,-0.27773055,0.45017806,-0.33258244,0.43771133,423.3184,-334.03723,2561.4446
13.696026,-0.28859892,0.42015,-0.3299055,0.4378086,422.95044,-332.4788,2559.696
13.776194,-0.25736234,0.4989291,-0.31886607,0.43720883,420.7439,-330.9602,2559.7314
13.500271,-0.16974005,0.59129363,-0.23306817,0.43518668,411.8036,-344.41718,2569.1006
13.3680105,-0.121641695,-0.5675242,-0.3425329,0.4379417,435.20288,-367.55347,2569.8325
13.483046,0.072073214,0.15959564,-0.33930987,0.43946204,427.31982,-378.293,2597.5398
13.169308,0.12598583,0.49868435,-0.34497803,0.43839434,429.08865,-362.84082,2593.3647
12.670168,0.12661114,-0.6094678,-0.36869094,0.43769437,466.99643,-389.28964,2604.028
12.468525,0.04644114,-0.17909227,-0.3231276,0.43908384,433.55692,-327.24033,2618.6206
12.310897,0.011958974,0.024603318,-0.32801208,0.43938234,431.67416,-315.07147,2619.1655
12.445366,0.041700225,0.93735474,-0.30806267,0.43386674,421.0072,-312.5105,2591.923
12.34938,-0.17979373,0.40348613,-0.25211465,0.4367361,410.4041,-310.09668,2570.666
12.543526,-0.2425779,0.1940794,-0.24583161,0.43734702,411.4834,-326.73895,2573.9075
12.636933,-0.21619003,0.24875776,-0.18842664,0.43612668,404.88507,-359.6914,2573.017
12.880916,-0.26044616,0.24696739,-0.2153288,0.43655556,406.2506,-354.2012,2562.8457
