13.879362,-0.07140105,0.7886439,0.078020126,-0.6056858,233.3433,-228.10666,2635.9497
13.856897,-0.07091413,0.78570485,0.074544035,-0.6099854,224.65016,-226.07289,2637.9343
13.9167385,-0.074376,0.7868643,0.07488313,-0.60803396,230.50052,-224.63237,2644.9756
14.28558,-0.079643235,0.7794611,0.08212197,-0.61591667,232.12054,-224.97902,2656.0605
14.389807,-0.07932838,0.77450705,0.08576348,-0.62168354,235.4374,-230.84969,2662.6814
14.1854315,-0.08641109,0.7642327,0.10066745,-0.6311478,241.87668,-233.02359,2673.559
14.485329,-0.08872341,0.7623742,0.106535606,-0.63211066,238.68849,-232.26645,2661.6133
13.94087,-0.095575504,0.7621937,0.11550617,-0.6297495,232.33154,-223.97836,2652.4543
13.53942,-0.10087355,0.750372,0.1214271,-0.6418892,238.62146,-277.21637,2657.359
13.748249,-0.12892875,0.7367995,0.13101193,-0.65064555,221.57678,-382.27365,2653.6238
13.434866,-0.14472353,0.7395049,0.14854491,-0.64040774,232.90668,-406.5143,2652.4312
13.396498,-0.15047564,0.74507916,0.15959042,-0.629877,225.36873,-426.99854,2653.7441
13.019677,-0.14342453,0.76805824,0.1656001,-0.6017412,240.46454,-443.82635,2620.8164
13.068863,-0.14821227,0.7612221,0.16464956,-0.6094788,228.8428,-420.40512,2614.9556
13.041275,-0.13732561,0.76940584,0.16203135,-0.60241354,222.22284,-367.43744,2624.289
12.705522,-0.10321201,0.78559095,0.11993678,-0.59817165,227.49463,-305.4255,2630.705
13.024009,-0.09146111,0.77895015,0.09876256,-0.6124682,235.75897,-255.84088,2643.9033
12.971679,-0.082448564,0.7790651,0.09259393,-0.6145618,236.97005,-241.0682,2634.9678
13.273697,-0.07472739,0.78574264,0.08308375,-0.6083762,241.43472,-233.8799,2641.1282
13.764085,-0.067433745,0.7791911,0.072448306,-0.6189226,238.82729,-232.16168,2636.3728
13.846239,-0.07068089,0.7795305,0.07756247,-0.6175114,236.79456,-231.72466,2638.3418
