12.156434,-0.30230498,0.40726838,-3.4217818,0.43257275,895.81696,541.4913,2506.5254
11.986986,-0.17826016,0.5158225,-3.392673,0.4295409,895.4134,544.06274,2503.3394
11.927293,-0.43383753,0.41024634,-3.3992243,0.43152398,890.7933,549.9547,2487.3188
12.069935,-0.9631992,0.31525803,-3.302042,0.4331494,884.5564,551.2178,2466.0786
12.009736,-1.6910859,0.20018424,-2.940853,0.42575824,851.22644,472.93616,2401.596
12.03614,-1.7696656,0.5758194,-2.5749402,0.3993769,849.84094,388.5429,2366.0212
12.725872,0.6096315,1.1266543,-1.7402165,0.33890966,865.6191,235.48032,2424.3975
12.366041,-0.2039004,-0.8986015,-3.3259492,0.44039932,884.7978,-67.655754,2423.3994
12.168315,-0.12472994,1.4318087,-2.401133,0.36657497,831.8182,74.71549,2450.04
12.438555,0.20309198,0.8904687,-0.058614187,0.40296832,847.831,317.48685,2417.4634
13.240072,-1.3619117,-0.01985184,-3.179741,0.4358242,849.79407,454.14255,2437.6313
13.780867,-1.0611941,-0.023059355,-3.3088298,0.43655723,877.98895,528.0093,2448.5522
14.144998,-0.98494047,0.03309641,-3.3304713,0.43571842,884.7781,540.0781,2457.6252
14.313231,-1.0568371,-0.38056213,-3.2932072,0.43665242,890.43243,550.1538,2468.8303
14.161085,-0.99781567,-0.25895196,-3.3275313,0.4376088,884.28107,564.60565,2464.3503
