13.942787,0.008987291,0.08326013,-3.4770117,0.43491864,496.87677,486.96918,2578.1394
13.5441,0.007164846,0.06637659,-3.4749455,0.434555,497.29254,480.5746,2570.0662
13.795061,0.0045622145,0.042265292,-3.4715161,0.43401593,486.75964,465.98853,2536.6843
13.643294,0.0036430657,0.03375011,-3.4701676,0.43381986,481.35922,452.58746,2527.029
13.643795,0.0029101379,0.026960108,-3.469041,0.4336614,476.8448,429.142,2507.3599
13.80076,0.0018584853,0.017217396,-3.4673421,0.43343055,484.64795,332.66547,2509.852
14.009,0.0011877819,0.011003866,-3.4662082,0.43328124,482.24176,283.8969,2542.3967
14.6827,7.595026E-4,0.007036194,-3.4654632,0.43318498,459.0553,248.35545,2540.9368
14.676396,4.858031E-4,0.0045005856,-3.4649782,0.43312314,461.3465,223.17749,2526.788
14.205497,3.8856332E-4,0.0035997347,-3.4648044,0.43310112,469.01675,271.8496,2515.264
13.978265,3.1079998E-4,0.0028793176,-3.464665,0.43308344,470.13043,322.36575,2513.2207
13.534084,2.4860748E-4,0.002303153,-3.4645526,0.43306932,478.2176,369.0891,2541.0881
13.23816,1.9886518E-4,0.0018423299,-3.464463,0.433058,488.24207,395.85062,2564.7268
13.41894,1.2725453E-4,0.0011789136,-3.4643335,0.43304172,492.64435,463.47784,2597.7842
13.424844,1.0179819E-4,9.4308046E-4,-3.4642873,0.4330359,495.92865,473.15015,2611.8584
