14.771107,-0.49676648,-0.25271788,-3.4275453,0.43420437,499.39087,533.86847,2566.1294
14.285495,-0.40606257,-0.10812138,-3.467512,0.43783784,502.38452,531.1332,2574.4421
13.862895,-0.31588697,0.03294301,-3.4791102,0.43803087,503.96014,531.7828,2581.1436
14.098301,-0.26939148,-0.043524493,-3.4716554,0.43563607,505.66348,528.3563,2594.5825
14.591645,-0.7206522,0.2162791,-3.3848631,0.43413916,503.66406,519.2938,2581.5105
14.782995,-1.0556519,0.49528632,-3.190953,0.4247,500.1541,518.35266,2569.873
14.556346,-1.4329112,0.81971073,-2.753876,0.40240386,490.28223,500.7958,2546.4038
14.615644,-1.4344786,0.5344432,-2.9508598,0.4156694,480.22034,494.70386,2526.2483
14.440128,-1.7405734,0.65134394,-2.4460695,0.38941908,463.29855,430.36044,2504.5205
14.035721,-0.36123267,0.65982276,0.5378645,0.3805871,451.72247,386.21506,2480.059
13.654175,-0.33745244,0.66906697,0.52045435,0.4093928,456.26135,365.01892,2504.38
13.819357,0.05983656,0.82048935,-0.11666594,0.55642235,454.6438,361.73047,2506.3447
14.09833,0.05627026,0.82754534,-0.079502665,0.5528849,450.3201,356.08795,2500.2683
14.378013,0.10177768,0.82283,-0.15827344,0.5362289,447.27567,352.21292,2490.87
14.859209,-1.670052,0.26696092,-1.7070568,0.35004887,446.58862,378.68234,2472.496
15.252419,-1.1459582,-0.58042854,-3.2208662,0.4344436,454.16223,460.4024,2490.0276
15.540486,-1.5247086,0.37260613,-2.7926543,0.40527064,462.90457,503.01724,2498.4875
15.077156,-1.4647691,0.39991617,-2.8851736,0.41007313,460.14185,520.4884,2505.3638
15.223025,-0.337176,-0.47226048,-3.4326673,0.43603396,476.33905,545.80707,2563.836
15.543563,-0.3856626,-0.10563817,-3.4778388,0.4408628,479.5971,551.13007,2582.5073
