13.165949,0.0,0.0,0.0,0.43301272,811.554,-790.2455,2499.0244
13.790317,0.0,0.0,0.0,0.43301272,808.2066,-786.9463,2495.809
13.3571415,0.0,0.0,0.0,0.43301272,810.9163,-807.4754,2512.5188
13.981861,0.0,0.0,0.0,0.43301272,821.1738,-805.6852,2523.7944
14.347012,0.0,0.0,0.0,0.43301272,808.41974,-792.7626,2497.7966
14.498583,0.0,0.0,0.0,0.43301272,811.0024,-730.5513,2736.3718
14.479621,0.0,0.0,0.0,0.43301272,903.4414,-565.6135,2435.9612
14.322311,0.0,0.0,0.0,0.43301272,831.8371,-611.968,2550.4563
13.969797,0.0,0.0,0.0,0.43301272,777.27826,-764.55927,2830.0396
13.698619,0.0,0.0,0.0,0.43301272,797.8955,-841.10583,2465.7527
13.66073,0.0,0.0,0.0,0.43301272,786.28546,-762.97546,2561.4556
13.571606,0.0,0.0,0.0,0.43301272,784.3505,-794.9598,2583.8506
13.290207,0.0,0.0,0.0,0.43301272,786.34753,-799.2823,2567.922
13.067213,0.0,0.0,0.0,0.43301272,793.21765,-798.8375,2562.4832
13.067723,0.0,0.0,0.0,0.43301272,800.4925,-804.5375,2560.3198
13.079568,0.0,0.0,0.0,0.43301272,802.2207,-797.86505,2549.8618
