14.75441,0.0,0.0,0.0,0.43301272,380.95587,-791.9189,2592.6091
14.468914,0.0,0.0,0.0,0.43301272,379.91965,-798.2059,2596.7375
14.839502,0.0,0.0,0.0,0.43301272,377.91943,-804.6339,2590.4546
15.064821,0.0,0.0,0.0,0.43301272,407.22394,-761.2787,2584.52
15.149479,0.0,0.0,0.0,0.43301272,487.82153,-632.79034,2571.594
15.343135,0.0,0.0,0.0,0.43301272,378.24017,-891.9348,2576.0457
15.332188,0.0,0.0,0.0,0.43301272,435.27478,-721.64703,2602.9902
15.43549,0.0,0.0,0.0,0.43301272,385.17474,-777.61,2655.1777
14.88296,0.0,0.0,0.0,0.43301272,374.79053,-803.14014,2605.7415
14.538698,0.0,0.0,0.0,0.43301272,384.99066,-771.8418,2595.014
14.718281,0.0,0.0,0.0,0.43301272,382.98322,-778.92474,2592.8748
14.894136,0.0,0.0,0.0,0.43301272,384.02945,-784.9094,2603.395
15.055534,0.0,0.0,0.0,0.43301272,383.97867,-793.7891,2603.0715
15.247613,0.0,0.0,0.0,0.43301272,384.88913,-773.03723,2594.3313
