13.919582,-0.06592709,-2.0779266,-0.12364809,0.40056878,452.8796,226.55391,2624.4353
14.4795265,-0.12654306,-2.0476007,-0.13274673,0.40292215,453.61682,226.09506,2624.6877
14.794772,-0.12701388,-2.0300698,-0.14802304,0.40417436,456.22128,225.9828,2638.9595
14.986272,-0.082218766,-2.001851,-0.1751713,0.4057903,458.18542,227.37546,2654.2996
15.343008,0.019587917,-2.147615,-0.24257272,0.39915213,464.20706,221.16461,2686.8718
15.374346,0.23109391,-2.2092063,-0.40865794,0.3965871,474.05536,240.42157,2744.0708
15.56611,0.30252114,-2.2743268,-0.452511,0.3913274,470.53146,268.9397,2755.0454
15.786592,0.3561862,-2.2805858,-0.4564536,0.38957733,473.95618,262.02466,2761.9595
15.875135,0.4694639,-2.2706406,-0.52544904,0.38931033,472.26236,254.92432,2763.327
15.941892,0.56808907,-2.253009,-0.56535894,0.38903627,468.00256,239.61902,2759.5056
14.840257,0.46761116,-2.2007194,-0.45609492,0.39348343,451.88745,191.13419,2709.9448
15.039781,0.19768608,-2.063197,-0.2356415,0.4012743,436.45245,171.669,2658.2793
15.354278,0.25143766,-2.0562105,-0.2069796,0.4000752,434.79358,207.77318,2668.6997
15.437713,0.2687617,-2.0416362,-0.17039238,0.39956486,429.249,217.28441,2659.2954
