13.704778,0.6219209,-0.16278048,1.9939296,0.26271304,66.44201,257.2973,2218.8257
13.524406,0.6237044,-0.15845272,2.0146847,0.26577255,66.73075,256.14148,2216.912
12.798538,0.63387954,-0.15510121,2.009741,0.26541618,64.68423,258.28378,2215.2246
12.829936,0.6252124,-0.12588835,2.0213485,0.2663525,63.342255,260.14185,2214.1118
12.965154,0.6444076,-0.12657762,2.013923,0.2660805,62.669827,259.07178,2213.0544
13.147298,0.6182054,-0.13601583,2.009874,0.26447544,61.733368,256.05316,2206.5308
14.06642,0.61565834,-0.1383119,2.0152626,0.26520038,62.042465,257.08646,2204.3352
15.203856,0.65943986,-0.08252641,2.0239527,0.2677341,61.247097,262.26907,2201.8643
15.738374,0.6255185,-0.050804775,2.0202618,0.2654105,53.30612,270.0715,2204.4797
16.202885,0.57790947,-0.09669422,2.014093,0.26299247,47.75625,272.07452,2204.3723
16.537195,0.5309902,-0.09674211,2.0400946,0.2650763,47.274475,271.4732,2199.5803
16.785582,0.61587656,-0.03531169,2.0518973,0.2697625,57.577568,266.36224,2195.615
17.005444,0.6343804,-0.0051204967,2.071291,0.27367675,58.908764,257.5621,2191.6606
17.237299,0.6527407,0.008874456,2.0643516,0.27325138,58.373634,262.853,2191.1301
15.69027,0.6098313,-0.023446577,2.0658567,0.27173373,60.83344,267.1828,2189.6655
15.768954,0.7546664,0.12376831,2.0070348,0.26925504,60.138027,256.39758,2185.482
15.974184,0.76762,0.18753228,2.0101645,0.2708568,60.017956,220.63199,2181.635
15.584072,0.5123776,0.13573125,2.0764,0.26970556,61.975716,205.91597,2192.0688
15.431168,0.37959126,0.20042682,2.0803041,0.26707262,61.86898,213.49591,2196.6917
14.624507,0.06599938,0.033488695,0.71258295,0.6976734,82.64042,168.82266,2208.1091
14.50027,0.06408442,0.017390579,0.73162884,0.6784615,92.00319,150.70258,2212.8423
14.21441,0.07056337,0.009575604,0.7427904,0.66572636,100.642845,139.56897,2217.014
13.61977,0.071050964,-0.013959111,0.7606337,0.6451304,106.11093,124.26286,2222.0015
13.56585,0.06873274,-0.024408208,0.76460445,0.6403592,106.51339,116.564804,2223.1384
13.605789,0.06389902,-0.030733433,0.7674407,0.63718694,107.040054,115.321915,2221.5332
13.212842,0.05295073,-0.04466259,0.7683348,0.6362886,104.42791,115.78041,2220.3945
13.645145,0.057522655,-0.02404884,0.7515642,0.656707,103.7179,129.01025,2215.4644
14.488804,0.058857705,-0.009450335,0.7381667,0.67197955,100.12122,139.14899,2207.4407
14.469299,0.063034855,-0.0122105125,0.73595464,0.6739794,97.62448,141.29965,2203.7314
13.690228,0.06259927,-0.015999425,0.7422104,0.667045,96.21967,149.3699,2191.973
13.584951,0.20497559,-0.13369775,1.9915832,0.2508336,70.94083,227.51964,2206.5657
13.490037,0.27130324,-0.165229,2.0466669,0.25972474,61.060688,206.08066,2196.9795
13.126765,0.36409515,-0.24428615,2.0676181,0.2666672,60.647007,213.15985,2193.6064
13.224916,0.40489596,-0.23485063,2.0926147,0.272156,60.513077,222.81564,2194.234
12.911979,0.499608,-0.19196385,2.0899858,0.2740825,61.910038,248.62253,2200.3523
13.897417,0.5536115,-0.1839619,2.085375,0.2753503,61.23781,253.0368,2200.4482
