13.523341,-0.60014,-0.557465,0.048043393,0.42998463,297.71796,-351.34933,2463.5547
13.146569,-0.53057986,-0.6123635,0.027924204,0.4302329,298.06622,-355.2599,2464.3003
13.242313,-0.6050484,-0.54181045,0.044756625,0.43012494,296.64673,-355.2865,2467.5864
13.962164,-0.52407825,-0.5305316,0.015077453,0.43097273,297.17624,-357.1291,2468.3909
13.281883,-0.4680377,-0.6451866,0.024157586,0.4301796,294.47662,-357.20844,2470.0532
13.582437,-0.4579355,-0.57395196,0.052127987,0.43003216,292.3679,-355.1723,2467.638
13.466982,-0.4298666,-0.41314778,0.043512914,0.4310257,293.09854,-355.93982,2465.599
13.742714,-0.41685528,-0.79819924,0.054811195,0.42833474,290.03488,-366.5595,2477.016
13.125118,-0.13149172,-0.5988483,0.12746583,0.428217,279.8304,-360.47528,2502.3064
13.3637085,-0.20034827,-0.7505112,0.07198588,0.42828915,283.60828,-368.5707,2496.6821
13.386243,-0.117889434,-0.32132146,-0.15969159,0.43569124,314.8956,-396.07074,2532.2542
13.700318,-0.2450031,-0.4915391,-0.12271196,0.43424222,309.29465,-394.28915,2529.3174
13.255335,-0.07533352,-0.19977322,-0.1112479,0.43506756,304.83047,-383.22586,2530.291
13.126106,-0.09475731,-0.22938012,-0.058257353,0.43393537,301.41278,-378.85477,2532.3357
13.089228,-0.054231238,-0.45406434,-0.07342504,0.43334663,303.26483,-366.87067,2514.5227
12.913469,-0.08389211,-0.24591503,-0.084094636,0.43441436,300.57312,-377.49374,2508.07
12.510709,-0.48791555,-0.62740034,0.031918027,0.43010828,292.84,-357.78583,2478.0847
12.529741,-0.43967775,-0.8791952,0.042702124,0.42781848,293.9569,-346.2963,2479.561
12.5365505,-0.41997746,-0.4698944,0.09923859,0.42958844,287.54877,-359.7704,2463.9783
12.3348,-0.4481803,-0.62105626,-0.025117343,0.43140414,305.99133,-344.80945,2460.1829
12.588341,-0.41741607,-0.5067164,-0.012076578,0.43180957,302.812,-342.44034,2460.0967
12.637266,-0.34623417,-0.45616084,0.0065311687,0.43172243,299.8674,-346.81104,2475.274
12.361789,-0.55790967,-0.4194509,0.16258644,0.42814267,291.942,-355.49496,2486.1604
