12.966929,-0.38781357,0.7285837,-0.008560228,0.42851147,290.40842,-357.72827,2474.3481
12.8129635,-0.26027262,0.8635704,0.08916157,0.42536768,280.635,-364.56128,2478.3738
12.709878,-0.26925665,0.8315674,0.08216361,0.425882,282.51395,-357.21396,2474.7163
12.924001,-0.342181,0.7944001,0.0634011,0.4264028,284.52737,-354.3325,2475.4824
12.785389,-0.55985045,0.5877074,0.018656882,0.42844033,287.301,-357.94482,2478.9902
12.678066,-0.47365192,0.6760888,0.0109090805,0.428203,289.01938,-356.44058,2473.7139
12.429041,-0.45975307,0.70192766,-0.026517117,0.42881706,293.30994,-352.95236,2464.2974
12.406873,-0.42360562,0.7593479,-0.013276041,0.42808944,291.79483,-341.53265,2462.57
13.094329,-0.39615378,0.8967954,0.0104341125,0.42600384,286.67102,-332.91296,2456.1575
13.285754,-0.41800156,0.9522672,0.0028907869,0.42525947,288.0616,-340.7669,2458.6648
13.4053955,-0.46153107,0.754101,-0.0017173914,0.42769077,290.3133,-340.55328,2463.366
13.438049,-0.6403905,0.91572404,-0.11784373,0.42690757,290.5028,-349.72626,2468.2173
13.865622,-0.3965339,0.98302823,-0.054819006,0.42621773,292.07895,-352.7475,2468.7856
14.433974,-0.40181896,0.8816902,-0.04759294,0.4274512,291.57083,-358.55548,2473.1277
14.873094,-0.36987606,0.9891486,-0.062561594,0.4264564,290.5094,-356.79492,2467.8987
15.058681,-0.36028343,1.0582328,-0.101826,0.42630374,291.51724,-352.57367,2466.7654
15.120103,-0.25932696,1.0626985,-0.12697616,0.42735374,297.78677,-364.94037,2485.0176
15.326622,-0.23786652,1.0432773,-0.13173425,0.42786214,297.95715,-363.94592,2484.247
15.186979,-0.45094007,0.9469039,-0.12285646,0.4278743,299.74335,-362.2649,2494.0234
15.001713,-0.24280766,0.8609454,-0.10549201,0.42974114,298.78326,-364.1008,2502.9072
14.759937,-0.05755954,0.7061714,0.010162012,0.42956904,289.8436,-368.66608,2533.4902
14.528612,0.056089494,0.7766445,0.039223097,0.42853183,289.44046,-370.83667,2553.0737
14.3866415,0.06044184,0.7963928,0.008454147,0.42901453,293.8078,-368.13593,2552.5825
13.3237915,-0.24272859,1.0166098,0.020652153,0.42490333,294.1852,-345.94617,2528.9915
13.34951,-0.1861039,0.76986253,-0.037143357,0.4295519,296.04816,-349.91217,2542.8193
13.491479,-0.12428323,0.9130634,0.10182794,0.4250303,280.3209,-335.9934,2528.3313
13.277172,-0.09795774,0.4198429,0.033942904,0.43106604,285.8152,-362.3789,2523.6711
13.11961,-0.21506682,0.86725813,-0.08523865,0.42935902,295.14722,-373.45248,2510.3513
13.436233,-0.29137748,0.8600839,-0.15394156,0.43053463,303.70712,-371.11487,2500.2278
13.719716,-0.30385208,0.90586334,-0.16869557,0.43020642,304.60983,-373.4054,2494.5903
13.872783,-0.32251522,0.49868602,0.009563855,0.43046775,294.17896,-388.4525,2484.4736
13.797888,-0.36367714,0.7836477,-0.005346428,0.42794654,290.88644,-374.01624,2471.635
13.889023,-0.499681,0.72568154,-0.0060953917,0.42789415,292.4137,-374.6112,2477.094
13.984005,-0.46120337,0.7024407,0.010967617,0.42798972,288.37314,-372.2514,2478.6797
13.795918,-0.46187806,0.6398803,0.037564162,0.4280464,285.97357,-372.35876,2478.8308
