14.771558,-0.21789376,-1.0133405,0.18058312,0.42285553,490.0291,-373.8228,2446.5742
14.650243,-0.20564018,-1.069474,0.16376555,0.42244664,491.58008,-377.11218,2446.5994
14.327241,-0.23354508,-1.1174574,0.16315156,0.4218061,492.50903,-370.7326,2443.7087
14.191301,-0.29991803,-1.1940709,0.20410638,0.4197069,492.52542,-366.94287,2443.55
14.585055,-0.27651298,-1.1978207,0.20853628,0.419483,490.23282,-374.2478,2442.6465
14.924674,-0.23578177,-1.0785315,0.17818479,0.42203003,489.59854,-377.8854,2443.9106
14.87928,-0.24850975,-0.94705594,0.1865221,0.42362142,488.82263,-379.23114,2443.9045
15.105122,-0.24815877,-1.2438059,0.19055462,0.4190628,489.73868,-371.8872,2440.4958
14.966263,-0.2590563,-1.1064627,0.19941825,0.42114115,489.13095,-373.30795,2445.1763
14.997848,-0.2601656,-1.2225653,0.22354685,0.41863674,488.8061,-366.50165,2447.8447
15.139351,-0.26272658,-1.0749857,0.22185759,0.4210637,489.84006,-366.17444,2453.3826
14.751916,-0.2550355,-1.085958,0.22056194,0.42091912,488.62753,-366.54755,2450.148
14.470389,-0.3571455,-0.86288613,0.195254,0.42447856,488.47516,-366.28116,2433.1047
14.287559,-0.27625397,-0.898715,0.13532297,0.425431,495.6558,-373.79382,2446.8914
14.346482,-0.22220054,-0.83194435,0.11756829,0.42649776,496.6347,-370.88812,2452.9375
14.573534,-0.21960387,-0.8784339,0.07306034,0.42700666,504.68463,-339.74796,2461.7708
15.041706,-0.2536064,-0.6568154,0.08284221,0.4288723,501.16446,-360.73645,2465.2246
15.351404,-0.26052612,-1.0279596,0.13760999,0.423758,495.94345,-375.08395,2452.8833
15.707127,-0.2410079,-0.8201339,0.117319204,0.42664585,498.5007,-360.75464,2460.838
15.8185835,-0.22725706,-0.74312377,0.11888001,0.4273321,496.27505,-361.045,2458.318
16.055218,-0.21077035,-0.8381674,0.09024954,0.42703834,501.39243,-349.9855,2461.1084
15.535505,-0.23587899,-0.8459836,0.107502475,0.42659727,500.6403,-351.1289,2456.7373
15.335562,-0.29484457,-0.88760585,0.11827497,0.42596644,499.7768,-347.4381,2448.0112
14.928803,-0.27471805,-0.8974845,0.117740266,0.42584887,499.77286,-347.1172,2450.2495
14.495464,-0.19757485,-0.7872244,0.094705746,0.4274335,496.49878,-347.20392,2449.9614
14.115748,-0.28389716,-0.57591313,0.15885292,0.4277463,490.6314,-363.7355,2447.4766
13.977591,-0.31673476,-0.73579913,0.16590603,0.42637485,494.26077,-355.02594,2444.811
13.985645,-0.30272073,-0.7645888,0.15913165,0.42626894,497.16824,-359.58636,2459.5325
13.951562,-0.35883212,-0.6909925,0.16227806,0.42683378,494.7691,-362.18912,2447.4805
13.545929,-0.33019337,-0.7995517,0.19087265,0.4252121,491.05972,-359.08682,2444.2205
13.506881,-0.34445494,-0.8204521,0.19741368,0.42485827,489.05392,-353.19885,2438.9421
13.453557,-0.33414656,-0.7276983,0.18996777,0.4258897,487.8658,-368.9077,2439.53
