15.94558,0.0016321881,0.8188121,0.1611766,0.55096847,258.8608,-390.85107,2173.4636
15.585654,0.01864969,0.8214539,0.16520639,0.5455022,267.98303,-389.2035,2188.3076
15.592104,0.04515208,0.8208779,0.15576714,0.54759246,282.84238,-409.20715,2186.1445
15.947264,0.05790666,0.8269004,0.16591832,0.5341849,277.16495,-395.8556,2194.6785
16.222725,-0.0052423957,0.96100265,0.19073077,0.20017056,280.59103,-389.76773,2200.2417
16.003052,-0.0045554875,0.962229,0.1918876,0.19306365,279.30203,-390.6101,2202.785
15.466368,-0.007922494,0.96040297,0.18824752,0.20524679,269.3422,-400.5567,2201.8142
15.028927,-0.008165156,0.95862734,0.18417484,0.21690217,273.26337,-403.98816,2202.38
14.81628,-0.063505106,0.95679283,0.15415569,0.23822396,262.454,-410.83087,2179.0364
14.427428,-0.035992756,0.9517529,0.17232852,0.25134408,278.22125,-409.95364,2195.9697
14.897065,-0.0511833,0.94912344,0.14638187,0.27407557,269.71066,-401.9143,2181.2922
15.462009,-0.026714735,0.9411092,0.1785122,0.28589055,277.35458,-416.95258,2215.424
15.840511,0.02542828,0.9048321,0.23307233,0.35540056,284.62988,-397.09918,2240.0803
16.276999,0.048079338,0.88925743,0.2147179,0.4010061,282.11008,-363.68756,2253.8267
16.577599,0.054029513,0.8916601,0.19804515,0.40348622,287.57822,-344.6214,2244.2024
16.712349,0.05472954,0.8909574,0.194092,0.4068511,286.23242,-317.24362,2253.645
17.037487,0.057505216,0.8810764,0.1728795,0.43647483,285.62323,-254.80167,2262.5999
16.696241,0.0574911,0.879162,0.16576786,0.44304618,285.29733,-244.4711,2260.45
16.87271,0.0569534,0.8760063,0.15495498,0.45316464,285.09018,-220.68954,2262.068
16.490103,0.057156287,0.8735329,0.16018279,0.45608652,282.03073,-221.30476,2262.1094
16.20592,0.057789113,0.873752,0.15927838,0.45590377,282.15857,-227.73972,2267.27
15.014255,0.05478797,0.87782365,0.15643638,0.4493903,282.36993,-231.15176,2257.379
14.745933,0.050164394,0.88205737,0.15172228,0.4432141,281.80878,-236.40898,2252.1653
14.298025,0.04518218,0.89310837,0.151608,0.42110696,284.0099,-268.98938,2229.734
14.150419,0.047986932,0.8995076,0.15467592,0.40578172,289.52594,-288.1516,2227.5718
14.13332,0.048596717,0.9009619,0.16610053,0.3978902,284.12976,-306.50708,2222.7246
13.611264,0.039954882,0.9086785,0.16395763,0.38187033,266.89484,-356.97772,2194.5142
13.6329,0.03519483,0.91406614,0.17588909,0.36374086,276.95026,-386.89496,2178.2732
14.033172,-0.022428859,0.9237795,0.16399413,0.34530324,271.14685,-416.1478,2151.6445
14.759711,-0.06534197,0.6952566,0.18418346,0.6916828,225.55875,-407.8746,2132.7217
15.640113,-0.0187083,0.9002143,0.23304659,0.36736017,261.18222,-414.61395,2179.4734
16.113249,-0.05203311,0.85943645,0.23002928,0.45359454,238.2626,-413.93207,2173.4226
