14.060288,0.0,0.0,0.0,0.43301272,583.4957,-94.82579,2414.3528
14.103409,0.0,0.0,0.0,0.43301272,581.9842,-99.35559,2413.6733
13.5235,0.0,0.0,0.0,0.43301272,583.97534,-89.71364,2422.6755
13.430941,0.0,0.0,0.0,0.43301272,586.96484,-89.63533,2429.149
13.522315,0.0,0.0,0.0,0.43301272,587.4687,-92.898895,2426.557
13.338971,0.0,0.0,0.0,0.43301272,587.94434,-85.79237,2430.4392
12.934659,0.0,0.0,0.0,0.43301272,586.8862,-84.73282,2428.2593
12.595541,0.0,0.0,0.0,0.43301272,588.4584,-100.90982,2433.4976
12.385144,0.0,0.0,0.0,0.43301272,587.47174,-104.93631,2430.3606
12.358088,0.0,0.0,0.0,0.43301272,588.295,-100.5235,2433.4167
13.000747,0.0,0.0,0.0,0.43301272,590.852,-104.43436,2442.875
12.879698,0.0,0.0,0.0,0.43301272,513.60443,-185.41977,2386.9958
12.987616,0.0,0.0,0.0,0.43301272,496.6824,-211.61572,2393.232
13.366635,0.0,0.0,0.0,0.43301272,511.66672,-91.34206,2412.005
14.034943,0.0,0.0,0.0,0.43301272,577.5941,-184.93526,2424.4878
14.248015,0.0,0.0,0.0,0.43301272,540.3146,-173.02634,2403.8057
13.137656,0.0,0.0,0.0,0.43301272,573.8632,-148.10106,2420.9875
13.692698,0.0,0.0,0.0,0.43301272,588.9655,-126.40274,2426.7095
13.703676,0.0,0.0,0.0,0.43301272,586.9529,-120.64877,2421.893
13.75182,0.0,0.0,0.0,0.43301272,564.7528,-155.57169,2409.9805
13.869948,0.0,0.0,0.0,0.43301272,581.4608,-112.13193,2413.3784
