15.590569,0.0,0.0,0.0,0.43301272,437.26672,41.927277,2088.661
15.762857,0.0,0.0,0.0,0.43301272,428.78198,41.269623,2097.057
15.152446,0.0,0.0,0.0,0.43301272,418.4185,38.969604,2098.4712
14.728279,0.0,0.0,0.0,0.43301272,402.8305,29.722885,2105.3704
14.585627,0.0,0.0,0.0,0.43301272,413.68307,28.906342,2108.5977
14.298253,0.0,0.0,0.0,0.43301272,410.56915,46.26555,2096.6792
14.588357,0.0,0.0,0.0,0.43301272,402.0575,45.222305,2099.0747
14.337099,0.0,0.0,0.0,0.43301272,406.7702,38.037582,2083.0217
14.227047,0.0,0.0,0.0,0.43301272,402.14948,35.696426,2082.6707
14.469153,0.0,0.0,0.0,0.43301272,410.63223,32.64836,2093.2002
15.079513,0.0,0.0,0.0,0.43301272,408.20273,22.762238,2086.71
15.376509,0.0,0.0,0.0,0.43301272,401.7789,34.917435,2094.7466
15.079524,0.0,0.0,0.0,0.43301272,404.3575,37.72943,2093.7554
14.819542,0.0,0.0,0.0,0.43301272,405.16843,25.616516,2092.4329
14.649452,0.0,0.0,0.0,0.43301272,405.02567,27.047913,2086.0632
14.48157,0.0,0.0,0.0,0.43301272,408.40604,36.113586,2075.0288
14.088635,0.0,0.0,0.0,0.43301272,399.92963,28.942291,2066.34
14.032898,0.0,0.0,0.0,0.43301272,402.78265,26.800812,2061.9814
14.672819,0.0,0.0,0.0,0.43301272,402.05765,26.808899,2064.4275
14.769375,0.0,0.0,0.0,0.43301272,409.86102,29.758331,2072.2664
15.045526,0.0,0.0,0.0,0.43301272,415.83188,25.755432,2073.395
15.198493,0.0,0.0,0.0,0.43301272,420.64548,15.109924,2077.3691
15.354082,0.0,0.0,0.0,0.43301272,427.83014,18.61264,2085.7393
15.151098,0.0,0.0,0.0,0.43301272,431.1178,19.462524,2089.4678
15.061115,0.0,0.0,0.0,0.43301272,433.03125,9.244049,2099.818
15.368606,0.0,0.0,0.0,0.43301272,440.30634,0.8730469,2120.7126
15.78785,0.0,0.0,0.0,0.43301272,443.99872,13.684418,2143.694
16.11889,0.0,0.0,0.0,0.43301272,442.33487,15.773804,2187.7778
16.404806,0.0,0.0,0.0,0.43301272,441.60278,11.117889,2217.599
16.5941,0.0,0.0,0.0,0.43301272,405.45392,72.07413,2122.4182
16.145992,0.0,0.0,0.0,0.43301272,378.56815,359.27448,2167.9607
16.187346,0.0,0.0,0.0,0.43301272,107.35599,465.01718,2103.923
15.730753,0.0,0.0,0.0,0.43301272,230.28577,271.57004,2131.7217
15.894904,0.0,0.0,0.0,0.43301272,243.32715,425.22366,1948.5541
16.069893,0.0,0.0,0.0,0.43301272,348.71036,262.76282,2117.4275
16.190315,0.0,0.0,0.0,0.43301272,262.13992,252.7276,2121.009
16.322578,0.0,0.0,0.0,0.43301272,163.87308,518.26575,1763.9395
16.415146,0.0,0.0,0.0,0.43301272,439.32733,4.729889,2180.6423
16.656769,0.0,0.0,0.0,0.43301272,452.71103,24.059113,2182.8135
16.80255,0.0,0.0,0.0,0.43301272,445.62067,99.0182,2180.788
16.9469,0.0,0.0,0.0,0.43301272,438.42307,88.45912,2152.8967
17.041527,0.0,0.0,0.0,0.43301272,442.77313,21.621338,2130.2114
17.121897,0.0,0.0,0.0,0.43301272,441.8229,18.813873,2118.9646
17.023386,0.0,0.0,0.0,0.43301272,437.94583,22.062286,2108.0715
16.52276,0.0,0.0,0.0,0.43301272,439.9084,26.32602,2108.4978
16.638512,0.0,0.0,0.0,0.43301272,441.85156,32.007965,2098.1052
16.467028,0.0,0.0,0.0,0.43301272,433.99326,24.037018,2090.855
16.190163,0.0,0.0,0.0,0.43301272,430.73532,27.625397,2101.4392
15.967955,0.0,0.0,0.0,0.43301272,429.77094,35.601868,2102.1243
16.281937,0.0,0.0,0.0,0.43301272,421.0494,36.08844,2096.1428
16.4211,0.0,0.0,0.0,0.43301272,420.47247,23.20282,2099.5938
16.012901,0.0,0.0,0.0,0.43301272,420.14407,31.798431,2082.8535
15.756006,0.0,0.0,0.0,0.43301272,415.3972,46.814728,2088.6194
16.066229,0.0,0.0,0.0,0.43301272,406.6452,39.29538,2083.2007
