11.923203,0.0,0.0,0.0,0.43301272,37.08834,443.14246,2263.1526
11.7921095,0.0,0.0,0.0,0.43301272,24.021313,183.87917,2201.7932
11.661617,0.0,0.0,0.0,0.43301272,84.56735,37.335022,2209.2031
11.958641,0.0,0.0,0.0,0.43301272,62.563072,-21.296478,2226.7236
12.101495,0.0,0.0,0.0,0.43301272,65.42123,1.892868,2221.684
11.9392185,0.0,0.0,0.0,0.43301272,67.168625,23.165771,2226.1772
11.909901,0.0,0.0,0.0,0.43301272,23.022327,57.69168,2194.6533
11.795424,0.0,0.0,0.0,0.43301272,70.10976,18.34288,2176.163
11.516407,0.0,0.0,0.0,0.43301272,23.226961,69.574936,2204.8687
12.191372,0.0,0.0,0.0,0.43301272,74.824905,6.802765,2203.6072
13.141943,0.0,0.0,0.0,0.43301272,83.83216,46.503174,2255.0906
13.922827,0.0,0.0,0.0,0.43301272,102.73647,91.11386,2175.5823
14.555781,0.0,0.0,0.0,0.43301272,91.255615,291.46323,2202.2705
15.063137,0.0,0.0,0.0,0.43301272,156.90001,274.30402,2120.7676
15.499267,0.0,0.0,0.0,0.43301272,172.22543,354.7242,1586.5809
15.822313,0.0,0.0,0.0,0.43301272,80.692795,403.5688,1807.0055
15.825128,0.0,0.0,0.0,0.43301272,89.56427,299.89713,2121.219
15.510068,0.0,0.0,0.0,0.43301272,145.52728,587.5641,1973.1788
15.50705,0.0,0.0,0.0,0.43301272,51.71495,580.1234,1963.1279
15.04129,0.0,0.0,0.0,0.43301272,228.95299,675.4645,1849.6074
14.885844,0.0,0.0,0.0,0.43301272,206.02138,733.36115,1777.533
15.369725,0.0,0.0,0.0,0.43301272,216.15948,660.47644,1933.7139
15.627491,0.0,0.0,0.0,0.43301272,13.76741,-10.592651,2191.3596
15.821557,0.0,0.0,0.0,0.43301272,-6.5734863,25.831116,2206.8374
16.096941,0.0,0.0,0.0,0.43301272,-8.129829,46.926575,2191.9153
15.091032,0.0,0.0,0.0,0.43301272,-5.880848,27.027344,2205.6213
14.861179,0.0,0.0,0.0,0.43301272,-9.563606,103.163956,2222.9316
15.101117,0.0,0.0,0.0,0.43301272,-46.86462,47.48108,2225.447
15.065013,0.0,0.0,0.0,0.43301272,-75.368614,41.64142,2229.578
14.855535,0.0,0.0,0.0,0.43301272,-93.06525,47.95993,2237.6091
14.778055,0.0,0.0,0.0,0.43301272,-104.063576,47.224,2234.9907
15.012038,0.0,0.0,0.0,0.43301272,-114.25171,33.82892,2224.5388
14.814995,0.0,0.0,0.0,0.43301272,-120.865456,52.17569,2219.4797
15.008725,0.0,0.0,0.0,0.43301272,-128.03204,26.150574,2215.6467
15.362881,0.0,0.0,0.0,0.43301272,-134.67485,29.665497,2210.3103
15.118998,0.0,0.0,0.0,0.43301272,-137.57529,39.28824,2203.7642
14.848482,0.0,0.0,0.0,0.43301272,-139.48933,30.131195,2197.4155
14.880962,0.0,0.0,0.0,0.43301272,-128.73076,30.415985,2194.5237
