16.743374,-0.64274794,0.49704316,-3.364958,0.4350829,529.2981,419.58426,2484.5186
16.12369,-0.7295473,0.44333687,-3.356881,0.43590304,525.275,421.0379,2475.506
15.64644,-0.9768383,0.38888863,-3.291352,0.43566322,510.4885,429.75287,2462.4565
15.17855,-1.0917468,0.34596545,-3.2542384,0.4341713,508.0954,437.88367,2460.8918
14.60401,-0.99380666,0.39419416,-3.2816556,0.43413323,514.0137,434.18045,2464.7542
13.451303,-0.94372594,0.31902006,-3.3107686,0.4339122,519.7686,439.19952,2464.2476
13.250507,-0.99811685,0.15048407,-3.2468536,0.42540872,541.7205,402.75043,2443.3083
13.062079,-1.4010315,0.46512657,-2.9751298,0.41563782,529.9059,407.76782,2442.183
12.829468,-1.4524108,0.5902518,-2.8791666,0.4105512,536.75146,397.10883,2435.9978
12.527349,-0.29770264,0.5494352,0.5970921,0.5029662,549.3398,362.182,2427.1685
12.716483,0.3202876,0.7819275,-0.21319135,0.49046367,547.3115,343.16284,2419.59
12.80149,-0.14371982,0.78826004,-0.13345128,0.5832508,549.94684,289.55823,2435.323
12.944257,0.974868,1.0741808,-1.5608481,0.3441677,540.32336,301.81625,2421.5737
13.060313,0.068931915,0.77870566,-0.15803048,0.6032347,539.77106,311.99985,2421.1394
13.0075245,0.63131624,-0.41172734,0.508337,-0.4165498,538.4993,329.89868,2420.5933
12.88735,-1.4986159,0.4435872,-2.9050145,0.41317222,539.6371,346.70023,2425.7214
12.503323,-1.4767303,0.34674835,-2.9845169,0.41865742,534.0886,358.43784,2417.2986
12.212064,-1.4734775,0.31518975,-3.006404,0.42040935,532.7098,365.7762,2417.6702
11.947648,-1.4188946,0.31592122,-3.0451741,0.42180327,535.7799,384.4064,2429.5605
11.694272,-0.9537525,-0.13631633,-3.3474972,0.43756855,543.8088,412.0559,2454.7815
11.4844265,-0.8833181,-0.030117637,-3.3677266,0.43701598,544.8264,413.3567,2460.4397
