14.843034,0.0,0.0,0.0,0.43301272,297.48935,-764.2588,2514.1497
14.869197,0.0,0.0,0.0,0.43301272,296.2895,-764.67584,2519.665
15.031464,0.0,0.0,0.0,0.43301272,296.2343,-765.8493,2516.8381
14.81385,0.0,0.0,0.0,0.43301272,296.3561,-766.06244,2520.3833
14.668361,0.0,0.0,0.0,0.43301272,297.08618,-765.1288,2523.86
14.591663,0.0,0.0,0.0,0.43301272,297.5209,-759.5793,2518.9004
15.037181,0.0,0.0,0.0,0.43301272,294.26675,-755.635,2510.569
15.147958,0.0,0.0,0.0,0.43301272,294.73587,-749.2523,2485.6216
14.210509,0.0,0.0,0.0,0.43301272,298.51782,-754.2827,2509.497
13.85184,0.0,0.0,0.0,0.43301272,295.14243,-770.1936,2518.6306
13.565581,0.0,0.0,0.0,0.43301272,303.48047,-775.7385,2555.3296
13.374721,0.0,0.0,0.0,0.43301272,289.9803,-793.8251,2544.5913
13.306331,0.0,0.0,0.0,0.43301272,282.3717,-799.1687,2513.6797
13.254364,0.0,0.0,0.0,0.43301272,290.9708,-790.1644,2526.0554
13.086773,0.0,0.0,0.0,0.43301272,295.89313,-790.7839,2531.747
13.007432,0.0,0.0,0.0,0.43301272,299.8142,-794.7755,2534.3376
12.701478,0.0,0.0,0.0,0.43301272,297.81287,-798.511,2532.9778
12.435331,0.0,0.0,0.0,0.43301272,297.08072,-797.67773,2523.0327
12.202145,0.0,0.0,0.0,0.43301272,299.34244,-783.3992,2509.4822
12.027515,0.0,0.0,0.0,0.43301272,300.89758,-780.3894,2509.0852
12.459224,0.0,0.0,0.0,0.43301272,294.31253,-753.04675,2496.4116
12.860671,0.0,0.0,0.0,0.43301272,296.60327,-767.74915,2509.3083
12.771221,0.0,0.0,0.0,0.43301272,304.1022,-758.681,2529.5813
13.259977,0.0,0.0,0.0,0.43301272,299.1018,-760.23816,2520.5466
13.659156,0.0,0.0,0.0,0.43301272,298.46332,-759.89966,2518.3093
13.35005,0.0,0.0,0.0,0.43301272,299.6543,-756.48706,2531.1616
13.200199,0.0,0.0,0.0,0.43301272,299.04745,-757.86224,2528.2783
13.012087,0.0,0.0,0.0,0.43301272,298.22388,-757.83765,2524.8457
