12.171234,0.008208355,0.8185565,-0.38174334,0.43643564,419.6268,424.18027,2538.7202
12.615782,-0.033939257,1.0452396,-0.38632342,0.43374807,416.784,406.15985,2545.1099
12.576723,-0.014223105,0.98126024,-0.32578164,0.4335105,419.37506,411.71307,2547.7888
12.404266,0.014676092,1.0048661,-0.29436633,0.4326999,420.94305,415.5517,2547.7798
12.167127,0.019316599,0.8476532,-0.3191923,0.43501028,420.48557,416.67297,2545.2976
12.342872,0.037540752,0.88259953,-0.3385146,0.43504554,417.52612,413.44415,2543.9521
12.301607,0.062312637,0.8439175,-0.35441735,0.43580335,416.08746,410.61697,2541.7239
12.145244,0.051359717,1.0512906,-0.35767493,0.43340665,417.83682,414.98608,2539.7917
12.302992,-0.05467735,0.92663676,-0.39731288,0.43537554,418.40555,417.2079,2535.2156
12.081212,-0.6375734,1.0113597,-0.36702827,0.43051806,422.46265,431.88354,2516.4836
12.127466,-0.830661,0.65590006,-0.3204002,0.43289912,420.20834,427.0821,2507.1218
12.280594,-1.1121207,0.9167545,-0.3883195,0.4279189,417.93552,412.7698,2489.949
12.040751,-1.7835473,0.7508941,-0.24791543,0.4177346,425.832,370.91937,2466.688
12.103771,-1.8683597,0.8365751,-0.22862847,0.41348797,427.47952,354.32205,2457.6436
12.240068,-2.0193691,0.7164709,-0.22093908,0.41246635,425.74768,336.09,2448.2693
12.583796,-2.2868516,0.52267724,-0.22509131,0.40946072,429.70428,297.24896,2454.9272
12.759061,-2.27998,0.7482246,-0.3345029,0.40626028,431.69547,304.05786,2447.7036
13.331987,-2.151912,0.85457325,-0.39124674,0.40881312,424.46115,322.92212,2456.16
13.967685,-2.2632391,0.7709391,-0.47942424,0.40953645,412.83682,361.7865,2459.883
14.368297,-1.7659588,0.8798742,-0.43100664,0.4192086,415.44943,389.49084,2469.3613
14.532384,-1.5209436,0.8559552,-0.30269906,0.421614,416.25412,391.6515,2474.1094
14.980669,-1.4323002,1.1108853,-0.41772833,0.41984865,413.2594,411.36438,2508.3582
14.782769,-0.82344276,1.0636896,-0.3288617,0.4272521,416.76276,424.09283,2514.635
14.642457,-0.73070884,0.7843818,-0.13299634,0.42836222,431.6585,438.95953,2523.5027
14.57423,-0.34691197,0.8290017,-0.18742463,0.4313199,426.1634,429.78595,2531.0635
14.786085,-0.12790176,0.8582976,-0.077849574,0.42964897,426.3351,424.96915,2534.015
14.672554,0.08222356,0.7960714,-0.12790908,0.43192792,426.351,410.7951,2535.092
