14.843034,-0.51782525,0.84173894,-0.18192215,0.43010685,426.2433,432.21356,2516.971
14.869197,-0.34491977,0.7520168,-0.21953863,0.43282664,423.5045,413.83997,2517.769
15.031464,-0.37487277,0.75083613,-0.24236317,0.43314797,423.15887,420.6422,2523.0474
14.81385,-0.35672954,0.783135,-0.2606722,0.43324137,420.40213,426.38733,2524.3071
14.668361,-0.28167894,0.7845329,-0.24974903,0.43334895,420.9604,423.1615,2525.4368
14.591663,-0.29116932,0.8210281,-0.2313075,0.43254533,420.67368,416.62,2526.7642
15.037181,-0.33441105,0.9676451,-0.21907248,0.43024686,421.97336,411.8943,2528.282
15.147958,-0.56102514,1.0502539,-0.28124648,0.42879727,418.5006,420.788,2535.9792
14.210509,-1.0113401,0.6959615,-0.17848355,0.42805895,419.33353,415.10486,2525.7566
13.85184,-0.9796136,0.6800206,-0.10660646,0.4270432,423.81342,401.21844,2503.6045
13.565581,-1.2643845,0.612604,-0.0849177,0.42447418,429.11252,408.67596,2486.1003
13.374721,-1.7340934,0.595441,-0.0547475,0.41712654,427.5522,403.80774,2476.3213
13.306331,-2.1112745,0.5082587,-0.16755922,0.4133418,421.2791,394.96014,2471.8694
13.254364,-2.179316,0.47005486,-0.28051233,0.4149976,412.27438,376.82706,2453.6533
13.086773,-2.2802353,0.62446105,-0.32629412,0.4096186,414.0544,380.10883,2457.6033
13.007432,-2.282338,0.6135402,-0.37110034,0.410878,412.7589,380.924,2457.8408
12.701478,-2.2631266,0.5902485,-0.3391077,0.41134003,414.19955,383.12952,2461.589
12.435331,-1.8489896,0.60835654,-0.39548692,0.42231363,419.03726,388.9242,2466.6318
12.202145,-1.3716495,0.8784663,-0.3863894,0.42520484,422.4103,403.60266,2478.9487
12.027515,-0.9758179,1.0465707,-0.45602274,0.4284467,417.18082,404.9451,2495.4648
12.459224,-0.17863755,0.4961852,-0.24997783,0.43615556,432.6455,422.37457,2485.5342
12.860671,-0.04085857,0.47092,-0.3053984,0.4376308,429.3416,418.9557,2494.0828
12.771221,-0.023956303,0.529731,-0.3380408,0.43790716,427.25436,419.23642,2500.6987
13.259977,0.18287322,0.46511588,-0.071246065,0.43333015,431.50302,433.9171,2506.2332
13.659156,0.28890893,0.5199916,-0.12851946,0.4342028,429.20483,423.81876,2511.4365
13.35005,0.23401672,0.5559864,-0.19575988,0.43531948,428.22507,420.5474,2512.605
13.200199,0.2968212,0.631483,-0.1582375,0.43411228,427.4297,419.58377,2513.0657
13.012087,0.230514,0.74542654,-0.22042076,0.43443343,425.00455,419.16412,2515.28
