13.704778,0.069405384,0.9755732,-0.046760775,0.20310904,344.782,74.97249,2139.3145
13.524406,0.0614773,0.9751558,-0.058217913,0.20470087,346.0567,81.687164,2137.7627
12.798538,0.05873207,0.97549695,-0.06291368,0.20247965,346.26447,85.74263,2137.66
12.829936,0.05695813,0.976287,-0.06114587,0.19970149,343.97137,83.36888,2135.9648
12.965154,0.05402836,0.977133,-0.06345478,0.19561622,342.90347,84.0249,2133.5981
13.147298,0.0639394,0.97518617,-0.058301404,0.20377593,345.28775,81.671616,2136.7317
14.06642,0.068878,0.9737669,-0.054924447,0.20980226,349.08884,80.53142,2141.4993
15.203856,0.052783474,0.97862655,-0.06501512,0.18782148,334.293,84.68135,2127.5579
15.738374,0.05090191,0.9807368,-0.05818301,0.17938532,318.47226,100.043976,2125.0408
16.202885,0.0252079,0.97863454,-0.06397017,0.19376992,313.5641,82.507034,2131.148
16.537195,0.028330315,0.9763926,-0.057670828,0.20622517,330.33807,89.38812,2127.1687
16.785582,0.040309772,0.9793565,-0.06384223,0.18751001,330.88116,61.009644,2119.5625
17.005444,0.041705307,0.9789915,-0.081318974,0.18227327,327.68414,64.87665,2120.7144
17.237299,0.054355074,0.980391,-0.067949034,0.17681034,329.17102,70.095184,2123.3784
15.69027,0.06791478,0.9760213,-0.053761307,0.19969928,330.3566,63.07773,2166.2144
15.768954,0.060165316,0.9707703,-0.014926871,0.23186706,348.35776,55.276733,2234.9092
15.974184,0.07680066,0.96858793,0.016077658,0.23596711,356.57614,50.124756,2259.734
15.584072,0.10994354,0.9449952,0.05038312,0.30390456,378.40082,94.09912,2337.7083
15.431168,0.1290588,0.9427218,0.08313325,0.29615593,385.5362,115.50804,2365.9348
14.624507,0.15681767,0.93144405,0.11258486,0.30845565,395.48526,162.53648,2406.4128
14.50027,0.16556285,0.924504,0.12732138,0.3188582,396.35327,182.63954,2415.981
14.21441,0.16969827,0.9205993,0.13409044,0.32514477,398.06573,193.39148,2424.0173
13.61977,0.17638814,0.91667944,0.14109811,0.32966256,400.58948,197.09882,2428.2878
13.56585,0.1779654,0.9156834,0.14438206,0.33016056,401.83008,201.4125,2427.4202
13.605789,0.17847672,0.9157019,0.14262746,0.33059555,400.63666,193.70013,2426.2532
13.212842,0.17858058,0.914993,0.14763038,0.33030584,400.96658,189.64102,2425.6816
13.645145,0.18076332,0.9187265,0.15024462,0.31732118,403.04086,169.2479,2419.281
14.488804,0.17926633,0.9246647,0.15178803,0.29969826,408.6911,146.3673,2407.6396
14.469299,0.17739508,0.9294551,0.14904846,0.28710383,407.4316,120.11575,2389.6694
13.690228,0.16344447,0.9445938,0.12557034,0.25546125,407.1271,74.07654,2334.9321
13.584951,0.15634166,0.9522569,0.10466241,0.24043678,404.8688,54.076355,2296.7231
13.490037,0.14250374,0.9621745,0.073172376,0.22036049,395.38177,40.746857,2256.5203
13.126765,0.1437347,0.9668313,0.040193666,0.20727266,382.82742,55.148956,2213.6716
13.224916,0.38179675,1.9583508,-0.1330571,0.25291348,376.90854,59.385925,2192.3254
12.911979,0.09301163,0.7702688,-0.061656095,0.62788,349.98428,74.23572,2154.9802
13.897417,0.029950812,0.7835746,-0.07386297,0.6161641,339.2547,81.35159,2141.4263
