15.365245,0.41872,0.35774592,0.18866767,0.4280246,27.489677,896.04553,2719.6313
15.487065,0.4027424,0.32300645,0.20255204,0.42783704,27.156637,896.90466,2719.138
15.728754,0.3416375,0.28084752,0.19864467,0.42812553,26.43107,895.1931,2714.258
15.075457,0.34984487,0.2230845,0.19780123,0.42825475,28.237978,898.86633,2719.794
15.324872,0.3782248,0.24757382,0.19895068,0.42813906,29.12822,893.57135,2719.2107
14.59971,0.39240783,0.3021613,0.17991425,0.42842636,28.219742,895.29443,2718.772
14.465149,0.38819662,0.3613375,0.18443954,0.42815307,28.291002,893.6383,2719.1865
14.744463,0.4112198,0.31400368,0.22024757,0.4274409,27.486055,896.39185,2724.7761
15.01023,0.4139653,0.24023086,0.2642826,0.42657375,27.339037,896.9343,2725.1836
15.290479,0.39578208,0.22484624,0.2494775,0.42698127,25.451803,892.75165,2720.2234
