13.466726,-1.2145292,1.6317992,-2.2990727,0.3848985,190.42781,696.94446,2713.381
14.125013,-0.94960916,1.5553604,-2.6478877,0.40620235,192.41457,685.21423,2707.341
14.542239,-0.5648777,1.5466334,-2.8364296,0.4206898,192.6406,688.8978,2712.9895
14.6186285,-0.3798355,1.4785011,-2.9267836,0.42877433,194.22647,687.916,2712.4934
14.409806,0.31637287,1.3218634,-3.0900905,0.43729523,190.69127,688.7199,2690.072
14.24488,0.5550024,1.1713823,-3.1449335,0.44089225,188.24751,689.417,2684.2637
13.839697,0.41102034,1.1699754,-3.1360102,0.44281316,185.50787,698.50854,2693.3367
13.656892,-0.034710117,1.236012,-3.0646741,0.44240338,186.12755,692.49054,2696.289
13.112507,-0.30302176,1.5154858,-2.9352732,0.42375413,189.54333,687.0517,2709.6833
13.20582,-0.6332397,1.631254,-2.732465,0.41215387,190.55197,689.58154,2713.298
