14.192986,0.3430713,0.22446094,0.21406996,0.42788982,40.01925,675.78235,2701.973
14.39052,0.30475268,0.2235112,0.19235638,0.42843986,38.6202,674.14465,2701.128
14.198164,0.3878422,0.23903935,0.21144852,0.4278526,39.381836,675.7462,2704.9272
14.11352,0.36197874,0.1920028,0.24345388,0.42722964,41.12568,672.85516,2703.4487
13.720156,0.36130726,0.23621747,0.20319536,0.42809042,39.463673,671.81494,2699.8792
13.597817,0.37296286,0.1601043,0.19729958,0.4283081,38.319027,672.29834,2698.4822
13.773992,0.42267832,0.21137689,0.20881419,0.4278916,40.070747,671.90936,2703.253
13.676175,0.36253408,0.21442957,0.2192682,0.42775673,41.634296,668.2598,2701.6929
13.416549,0.359344,0.22643141,0.23205793,0.42744625,43.672325,669.3125,2702.8606
13.775215,0.41789553,0.20272616,0.23987025,0.42719457,43.566994,672.4087,2705.312
