12.207108,0.55443347,-2.2476218,0.25889307,0.32121992,-97.79567,806.2328,2296.324
11.890634,-0.09109286,0.693721,0.04415277,0.7130831,-156.80167,809.5242,2260.2822
12.057931,-0.099559024,0.7110418,0.06379749,0.6931235,-179.94336,816.90814,2258.6536
12.345575,-0.029980464,0.77087736,0.009316517,0.63619256,-199.79855,810.21387,2241.6707
12.333113,0.0047253105,0.7865995,0.081371665,0.6120413,-225.24753,809.23517,2236.1848
12.062518,-0.07984778,0.7731136,0.16222154,0.6079316,-294.5084,818.5717,2261.6355
12.577901,-0.09462488,0.7676616,0.15653655,0.6141786,-324.50635,814.7953,2268.6917
12.705287,-0.11979719,0.7727214,0.15989749,0.60246134,-356.135,824.7624,2273.955
12.26557,-0.14577945,0.7681761,0.13922256,0.60765797,-393.70978,829.25507,2269.8386
12.247217,-0.16515173,0.7691947,0.124178804,0.6046663,-411.78415,830.18097,2271.845
12.2498255,-0.028933613,2.2835243,0.11700145,0.29260868,-419.8389,826.6413,2274.5886
12.223783,-0.8392077,2.208198,0.09787627,0.34016654,-428.05496,820.40967,2270.8726
12.264635,-0.8090149,2.2046068,-0.010745659,0.3133719,-440.65823,815.92676,2250.5132
11.975693,-0.4814986,2.4122283,-0.39751273,0.36165312,-424.07983,848.55963,2134.9937
12.434117,-0.26934686,2.4224124,-0.048077475,0.34396535,-449.8358,820.4386,2157.8777
12.154258,-0.7271572,2.3030496,-0.2662214,0.3621111,-452.5833,815.84094,2099.0806
12.093001,-0.02868185,2.0385704,-0.07107662,0.40001953,-459.5152,827.3167,2105.8784
12.418503,0.4230191,1.4736238,-0.23415814,0.42483705,-457.2287,823.0635,2102.8782
12.995615,-0.085868895,1.3033116,-0.16441931,0.42491248,-474.87628,785.6458,2056.269
12.096007,-1.0604699,0.37687352,-0.03338455,0.42795715,-527.9884,882.86646,1910.9492
12.628932,-0.895159,0.227497,0.028077468,0.42893988,-530.47943,885.1092,1905.2332
12.397377,-0.48682684,-0.0043217563,-0.20913862,0.43649158,-525.7005,890.2031,1889.491
12.645262,-0.12345656,0.009680789,-0.43495038,0.44122896,-523.352,897.8114,1879.8344
12.722423,0.031381022,-0.2291181,-0.4020062,0.44038263,-522.88043,906.71313,1870.8132
12.701944,0.5105948,-0.6930799,-0.100862525,0.43020955,-546.094,900.62506,1885.0657
12.784431,0.48304152,-0.88194907,-0.12768163,0.42867535,-547.1265,902.86584,1881.1731
12.614494,-0.8861979,-0.8446509,-0.49426395,0.4379526,-473.79953,898.8494,1778.6064
12.548845,-0.7403203,-2.2767842,-0.19816712,0.39539155,-468.78064,889.7095,1781.7932
12.037894,0.54197454,0.5381713,0.030653598,0.43057042,-471.99353,882.0528,1788.8011
11.800224,-0.217209,-2.0315955,0.5394152,0.3798815,-470.07422,876.47345,1791.0802
11.961966,-0.13307133,-2.304065,0.50566614,0.32060456,-454.8057,867.395,1799.5176
11.812792,-0.0797676,-2.2137656,0.5399991,0.29788795,-447.94797,862.01013,1795.815
12.086247,0.11221254,-2.2062824,0.42206973,0.29288685,-433.11563,866.8285,1797.3059
11.94751,0.034937475,-2.2634156,0.41962624,0.30336574,-404.87708,862.1113,1788.6011
12.0929365,0.031011239,-2.1904817,0.40502396,0.28677446,-389.40887,858.28625,1788.336
11.854723,0.07851829,-2.0297465,0.3838597,0.26086387,-357.25183,853.68164,1779.5549
11.926457,-0.25149748,2.184429,-0.6540033,0.28682563,-233.84262,730.832,1721.231
12.643914,0.5071145,2.1447308,0.22835162,0.38840675,-240.23825,624.25366,1708.0449
12.725138,0.70511883,-2.20656,-0.072109394,0.3023837,-252.05927,643.84314,1728.0693
