12.400543,-0.8188011,-0.9688708,1.9447371,0.30392343,264.04636,109.31265,2467.9216
12.131222,1.2099708,-0.7018476,1.4371161,0.2509125,314.83124,164.2686,2723.457
12.249999,1.1687884,-0.7385813,1.5432312,0.26080608,292.37683,136.64685,2697.308
12.282294,0.43086055,0.33073783,0.08555913,0.27482164,300.19003,121.99542,2693.1235
12.047803,1.2258388,0.8918638,0.68198407,0.2753204,310.8751,106.727875,2713.9546
11.794589,1.1054322,0.79310983,0.59099936,0.27281314,313.80298,144.77594,2730.787
11.919571,1.2701015,0.7843725,0.5427674,0.2854162,314.66635,161.50351,2738.8616
11.750016,1.5569649,1.1711599,0.54659665,0.29720733,305.2867,148.55737,2766.702
11.8086195,1.4564363,1.1194433,0.51619434,0.29210716,304.3462,135.15436,2784.9575
11.984031,1.5431349,1.2685376,0.45749593,0.29812124,255.748,121.51172,2781.2332
11.89484,1.5528183,1.2980185,1.5172254,0.32580423,293.75903,211.28857,2803.5557
12.098973,1.9330872,1.2204338,1.1499016,0.32026836,268.72144,144.3399,2791.33
12.071733,1.9192562,0.34447604,1.4818802,0.30617848,244.83727,137.08884,2782.8337
12.082994,2.2382522,0.40857518,1.2702955,0.32740894,212.8306,153.10394,2783.9243
12.264599,1.8461168,-0.04752234,1.5128591,0.29937568,181.98619,152.12827,2781.8445
11.978838,1.5982832,1.3156465,1.3871418,0.31198984,155.07463,144.91714,2755.1616
12.044538,1.3396957,1.362309,1.4933295,0.30475476,145.09421,168.9437,2753.3022
12.223462,1.8221213,1.1967557E-4,1.6236821,0.31177375,143.987,178.92358,2760.1318
12.203501,1.5673571,-0.31869674,1.5817721,0.2821712,107.301285,210.46803,2739.7102
13.131411,1.0065234,-0.51398,1.7747159,0.26477936,-107.08561,147.12128,2536.1736
12.786577,0.28895444,-0.4318386,0.5326615,0.66805124,-154.16495,223.29437,2553.4883
13.541887,-0.46901634,0.7403236,-0.36607522,-0.31294325,-180.04417,187.38036,2352.6692
13.631522,-0.54047114,0.79303813,-0.2551818,-0.11774424,-182.78758,205.18146,2376.675
13.577877,0.4177925,-0.41540718,0.8051089,0.06845391,-115.957054,224.53972,2530.6865
13.472186,1.1091597,1.7771947,-1.5865836,0.35142457,-57.582405,208.71968,2284.6956
12.996491,1.4768608,1.8824332,-1.4381905,0.36241785,-12.101166,193.45093,2224.681
13.361436,0.8760092,1.3732179,-1.3178668,0.32355982,-66.75133,213.19293,2181.9768
13.702872,1.7558247,1.7773806,-1.4444374,0.3729102,27.097424,197.42717,2079.2236
14.245399,0.29971737,-0.28441435,0.65382874,0.6338659,-33.018684,273.6174,2327.529
14.605604,0.018006077,-0.33594185,0.7072791,0.6217516,21.984222,213.20811,2095.9749
14.590737,-0.4883886,-0.984514,1.7009135,0.2531581,108.61875,235.8232,2040.8043
13.878115,-0.29621044,-0.42732716,0.61050904,0.59743583,111.197624,229.22998,1987.7289
13.824474,-0.32470182,-0.458087,0.6079723,0.561333,115.800705,231.59366,1966.8408
13.762994,-0.32630727,-0.4838234,0.55781597,0.5901523,135.39122,219.6499,1949.1669
12.530356,-1.0983238,-0.96132004,1.4145955,0.2631466,215.6048,278.51965,1849.9882
12.616309,-0.97338873,-1.0760328,1.2732128,0.2534296,204.03659,309.14178,1848.4789
12.621692,-1.0972292,-1.0484055,1.3228688,0.2624605,235.84058,264.45786,1836.8206
