12.400543,-0.5454305,-0.70132756,0.43630227,0.4198775,339.58856,-400.43524,2440.1667
12.131222,-0.03610065,0.8370827,0.5399276,0.08042098,314.86093,-397.3192,2654.2124
12.249999,0.077978864,0.72758365,0.13193345,0.66868144,346.24796,-396.9898,2524.0532
12.282294,-0.055819705,0.93404746,0.31436622,0.16004172,306.4705,-409.64014,2650.3125
12.047803,-0.030708054,0.92855495,0.34149367,0.14221387,274.869,-444.22473,2663.903
11.794589,-0.024453817,0.9322893,0.3355907,0.13273107,280.02896,-436.52158,2670.2854
11.919571,-0.004567908,0.9514073,0.28933778,0.10529344,277.3485,-429.0192,2683.5864
11.750016,0.06776376,0.96836007,0.23978816,0.013727657,258.91675,-411.51215,2675.6772
11.8086195,0.03952644,0.99761426,0.05564846,-0.010330507,209.16748,-419.1341,2528.8975
11.984031,0.031794574,0.98214746,0.112115614,0.14766647,215.40051,-456.1841,2619.0544
11.89484,-0.015340237,0.92424613,0.35570067,0.13787974,114.64444,-384.2239,2736.7356
12.098973,-0.016274206,0.93204564,0.32988912,0.14899431,133.57848,-393.93127,2717.071
12.071733,-0.124948956,0.98209363,-0.09508189,0.104111366,116.1602,-412.65692,2618.238
12.082994,-0.16180058,0.96689653,-0.028824974,0.19519374,69.90124,-431.9568,2590.847
12.264599,-0.18136992,0.9580878,-0.005409318,0.22168317,59.172077,-436.12848,2614.0286
11.978838,0.07321498,0.9026003,-0.007146752,0.4241477,28.857056,-392.88788,2427.3262
12.044538,0.06624339,0.8855627,-0.024908958,0.45909712,15.511834,-404.0428,2421.72
12.223462,0.06138716,0.9164872,-0.020122932,0.3948138,12.616613,-381.11682,2392.9333
12.203501,0.0343184,0.82444197,-0.029920481,0.56411207,-17.803984,-390.3028,2374.088
13.131411,5.869424E-4,0.8321398,-0.023900326,0.5540502,-39.96212,-401.53613,2355.7017
12.786577,-0.020455943,0.8136108,0.0050074807,0.58102834,-62.58389,-386.4505,2350.957
13.541887,-0.029490476,0.7934476,0.018032117,0.60765624,-69.822784,-388.03485,2349.4941
13.631522,-0.0706971,0.796806,-0.045037277,0.59839255,-78.43107,-362.0999,2285.7014
13.577877,-0.033129822,0.7141928,0.014569795,0.6990127,-79.23406,-360.67816,2272.6362
13.472186,-0.024311736,0.7305787,-0.0041668266,0.68238276,-65.527756,-365.87128,2242.3464
12.996491,-0.21093808,2.1215477,-0.0677585,0.2679241,-62.28795,-368.52814,2199.3699
13.361436,-1.7495289,-0.86003953,-0.09479324,0.42446348,10.591204,-371.1161,2105.5957
13.702872,-0.6096951,-1.1457112,-0.2933407,0.4316352,2.859023,-391.05847,2128.931
14.245399,-0.737516,-1.1878207,-0.56506675,0.43593127,31.744362,-391.62506,2149.5059
14.605604,-0.5142458,-2.117595,-0.29861778,0.40646723,114.98408,-330.0995,2039.082
14.590737,-0.3861637,-2.5280845,-0.4556864,0.3752055,152.09897,-304.46777,2021.8347
13.878115,0.121772856,-2.4061313,-0.2815073,0.31193087,158.58237,-290.6898,1964.7
13.824474,-0.42057785,-2.3701675,0.03666516,0.30533066,162.20375,-318.4289,1978.7085
13.762994,-0.29578078,-2.268525,-0.071595185,0.2869283,172.10573,-317.05884,1967.5951
12.530356,-0.14592673,-2.1756718,-0.1799493,0.27354866,196.60115,-317.65594,1944.9487
12.616309,-0.16028583,-2.0534077,-0.110098206,0.25801942,207.42441,-308.6693,1927.882
12.621692,-0.112158336,-2.0850976,-0.12473188,0.2615016,217.93472,-327.6502,1922.533
