12.304413,0.0,0.0,0.0,0.43301272,-378.70276,82.88219,2507.598
12.595444,0.0,0.0,0.0,0.43301272,-406.0917,75.59279,2492.557
13.139448,0.0,0.0,0.0,0.43301272,-475.20724,58.289993,2487.3276
13.527328,0.0,0.0,0.0,0.43301272,-485.10587,51.433823,2493.4563
13.683701,0.0,0.0,0.0,0.43301272,-504.28046,55.115723,2499.9844
13.733071,0.0,0.0,0.0,0.43301272,-600.8812,90.22681,2386.5298
13.699457,0.0,0.0,0.0,0.43301272,-563.52344,57.1297,2445.2397
13.282803,0.0,0.0,0.0,0.43301272,-704.8002,21.578613,2309.1611
12.749065,0.0,0.0,0.0,0.43301272,-739.27966,-15.170654,2350.517
12.354113,0.0,0.0,0.0,0.43301272,-750.8539,1.9493713,2315.1528
12.506371,0.0,0.0,0.0,0.43301272,-734.28046,59.6774,2207.6296
12.33589,0.0,0.0,0.0,0.43301272,-742.3949,54.087097,2172.0068
12.546642,0.0,0.0,0.0,0.43301272,-726.5214,51.797394,2111.4475
12.912767,0.0,0.0,0.0,0.43301272,-711.0074,76.88057,2066.1936
12.840562,0.0,0.0,0.0,0.43301272,-681.19446,55.961487,2057.454
12.932157,0.0,0.0,0.0,0.43301272,-668.7283,60.996277,2020.2374
12.868233,0.0,0.0,0.0,0.43301272,-678.8341,64.04758,1990.1726
12.718004,0.0,0.0,0.0,0.43301272,-678.6091,91.3465,1983.16
12.566367,0.0,0.0,0.0,0.43301272,-668.2476,51.33664,1955.202
12.831215,0.0,0.0,0.0,0.43301272,-675.38873,74.770325,1946.2706
12.665482,0.0,0.0,0.0,0.43301272,-680.22125,77.62497,1930.9333
12.837359,0.0,0.0,0.0,0.43301272,-681.64264,32.961975,1898.0988
12.861098,0.0,0.0,0.0,0.43301272,-679.1694,48.434326,1831.6147
12.852611,0.0,0.0,0.0,0.43301272,-680.87836,57.05609,1806.7457
12.722793,0.0,0.0,0.0,0.43301272,-677.4276,18.617615,1786.1068
12.54276,0.0,0.0,0.0,0.43301272,-669.31995,42.207214,1768.9951
12.667711,0.0,0.0,0.0,0.43301272,-664.48157,15.584625,1757.2765
12.376425,0.0,0.0,0.0,0.43301272,-669.2785,50.105347,1757.6936
12.949464,0.0,0.0,0.0,0.43301272,-655.90106,43.35553,1748.3342
13.263041,0.0,0.0,0.0,0.43301272,-529.6765,51.427094,1704.9158
13.646992,0.0,0.0,0.0,0.43301272,-574.33136,4.815033,1712.9419
13.701417,0.0,0.0,0.0,0.43301272,-502.79224,-31.603302,1682.4114
13.911507,0.0,0.0,0.0,0.43301272,-427.9402,37.28299,1660.9904
14.12645,0.0,0.0,0.0,0.43301272,-395.81372,33.020355,1666.7083
13.832641,0.0,0.0,0.0,0.43301272,-367.7128,17.593307,1655.4799
13.39195,0.0,0.0,0.0,0.43301272,-322.1233,11.97937,1654.3192
13.552927,0.0,0.0,0.0,0.43301272,-310.16364,20.813599,1639.1704
12.942194,0.0,0.0,0.0,0.43301272,-268.0083,84.689026,1649.2222
13.075304,0.0,0.0,0.0,0.43301272,-252.94589,55.037384,1650.9016
12.664253,0.0,0.0,0.0,0.43301272,-209.85663,-61.710724,1648.1428
12.637185,0.0,0.0,0.0,0.43301272,-287.3335,-182.12442,2167.4517
12.72047,0.0,0.0,0.0,0.43301272,-251.50763,-176.95142,2176.3987
13.208103,0.0,0.0,0.0,0.43301272,-236.29953,-121.886566,2178.6594
13.599611,0.0,0.0,0.0,0.43301272,-220.89017,-103.913025,2176.74
13.182601,0.0,0.0,0.0,0.43301272,-199.6253,-17.201508,2184.0195
13.547339,0.0,0.0,0.0,0.43301272,-154.42358,-43.463287,2113.8687
13.476198,0.0,0.0,0.0,0.43301272,1.9559631,26.56726,1704.3453
12.848188,0.0,0.0,0.0,0.43301272,4.808304,-69.34396,1701.3394
13.054241,0.0,0.0,0.0,0.43301272,-230.6997,-2.001831,2238.39
