13.047751,0.0,0.0,0.0,0.43301272,162.61893,-77.64517,2199.1157
12.901149,0.0,0.0,0.0,0.43301272,167.59862,-75.593796,2169.1611
12.418942,0.0,0.0,0.0,0.43301272,158.13968,-50.94542,2147.5679
12.339339,0.0,0.0,0.0,0.43301272,174.86676,-65.39316,2128.468
12.394631,0.0,0.0,0.0,0.43301272,162.75601,-52.019653,2138.2263
12.911629,0.0,0.0,0.0,0.43301272,171.8414,54.91307,2371.149
13.13171,0.0,0.0,0.0,0.43301272,167.4347,10.913467,2195.1108
12.637452,0.0,0.0,0.0,0.43301272,160.61249,-93.86038,2384.7368
12.371121,0.0,0.0,0.0,0.43301272,125.5712,-81.64598,2410.4358
12.359241,0.0,0.0,0.0,0.43301272,128.52171,-85.70216,2417.1995
13.119545,0.0,0.0,0.0,0.43301272,284.82144,-62.77089,2223.9546
13.211456,0.0,0.0,0.0,0.43301272,286.33594,-49.96678,2227.3726
12.767049,0.0,0.0,0.0,0.43301272,207.1559,-27.94899,2412.5906
12.676042,0.0,0.0,0.0,0.43301272,204.29802,-33.53691,2408.4846
12.35713,0.0,0.0,0.0,0.43301272,190.12498,-34.053894,2376.77
12.851449,0.0,0.0,0.0,0.43301272,212.01447,-9.056198,2377.7334
13.250425,0.0,0.0,0.0,0.43301272,260.76056,-50.379456,2379.046
13.78751,0.0,0.0,0.0,0.43301272,294.38925,-8.661713,2328.5525
13.820128,0.0,0.0,0.0,0.43301272,281.1397,-29.676392,2332.6475
13.279918,0.0,0.0,0.0,0.43301272,322.94965,26.999893,2249.5522
13.246619,0.0,0.0,0.0,0.43301272,454.85043,-108.37009,1814.8403
12.843537,0.0,0.0,0.0,0.43301272,607.8926,-124.37518,1959.1022
12.802048,0.0,0.0,0.0,0.43301272,581.42303,-38.968323,1922.3113
12.010949,0.0,0.0,0.0,0.43301272,457.71106,-171.5874,1963.8845
11.94018,0.0,0.0,0.0,0.43301272,464.8561,-136.65948,1954.5266
11.993298,0.0,0.0,0.0,0.43301272,594.82135,-107.622055,2159.276
12.005628,0.0,0.0,0.0,0.43301272,607.5334,-122.74655,2212.016
11.685113,0.0,0.0,0.0,0.43301272,599.4747,-94.3876,2229.93
12.088735,0.0,0.0,0.0,0.43301272,606.58014,-106.93129,2238.696
12.225097,0.0,0.0,0.0,0.43301272,658.416,-131.78424,2346.7434
12.633429,0.0,0.0,0.0,0.43301272,676.6902,-73.31966,2668.6338
12.528719,0.0,0.0,0.0,0.43301272,597.25555,-99.84282,2338.7493
12.8055,0.0,0.0,0.0,0.43301272,565.96796,-130.42935,2313.1975
12.709292,0.0,0.0,0.0,0.43301272,470.86743,-284.80103,2290.706
13.0385685,0.0,0.0,0.0,0.43301272,503.41504,-214.52173,2305.793
