14.40903,-0.82682467,-0.88435245,0.2927039,0.25135168,390.02972,516.2181,1802.3646
14.098435,0.6670978,0.7113618,-0.17692617,-0.13282345,457.47867,467.23138,1871.6228
14.288441,0.62947494,0.6850944,-0.26078698,-0.25767612,421.3796,470.8803,1882.4283
14.013049,-1.0895952,-0.69383526,1.5812235,0.26210183,265.55304,430.5387,2132.5764
13.937229,-1.1193439,-0.62330216,1.4266584,0.25720763,257.74173,418.85492,2128.1733
14.168649,-1.0896301,-0.54317594,1.2482926,0.25286907,254.43723,394.8571,2140.8308
14.159667,-1.4700156,-0.41451916,1.671911,0.28369522,352.3241,420.7095,2133.5754
13.884572,-1.1638682,-0.53136945,1.7208697,0.2699616,289.3005,423.57288,2181.644
13.605637,-1.1274836,-0.6256161,1.5988721,0.26334915,271.13922,418.74463,2204.5134
14.099,-0.92511684,-0.4869997,1.754131,0.2579422,286.7995,425.83557,2298.9067
14.036905,-0.9724296,-0.4895244,1.6662195,0.2548258,288.05945,423.99384,2295.2454
13.922972,-1.1438533,-0.70045954,1.5948153,0.26608384,313.38385,385.0738,2323.7227
14.2561,-0.60307956,-0.2900823,1.9591913,0.25879323,318.4825,404.91962,2364.301
14.727503,-0.66950184,-0.22183028,1.9694351,0.26151237,351.54947,398.3506,2369.6345
14.537767,0.76417834,0.7729388,0.12638088,0.25965112,343.27414,399.61752,2373.3596
14.445216,1.1648184,1.2878541,0.22233869,0.27502456,355.97653,336.83075,2337.9312
13.422704,0.29809904,0.74127364,0.4523788,0.39623696,335.2644,407.45044,2443.5054
13.213328,0.44381392,0.67167366,0.40509734,0.43333563,336.00467,462.21704,2428.8782
13.468324,-1.0254824,-0.96091187,-0.48621497,0.3023388,313.40625,395.61224,2624.909
13.168703,-0.66434866,-0.6270581,-0.15901777,0.27574804,317.51108,398.46967,2631.7522
13.130127,-0.49750382,-0.49222225,-0.053518705,0.2614641,309.06958,409.5561,2644.7617
13.475277,0.38390854,0.23439181,0.6642594,0.5970209,298.8992,405.94977,2656.2932
13.650282,-1.6089716,-0.7467036,-2.4709399,0.39966294,297.08804,421.8607,2661.4834
14.102563,-0.33801892,0.40691042,0.48898572,0.693585,197.46904,442.6595,2569.7405
14.316635,-0.14194988,0.24593262,0.7231004,0.629677,138.37297,412.82532,2797.1772
14.563704,-0.10905778,0.24618031,0.7196588,0.63999444,135.36072,420.5557,2798.732
14.147648,0.16188851,0.45097768,0.59966236,0.6409495,109.60086,413.8919,2801.5293
14.297733,0.28442454,0.5161158,0.5440726,0.5972537,96.62416,423.14383,2807.8892
14.327914,0.23703572,0.6147447,0.58427227,0.47384462,-3.2723365,428.357,2790.6023
14.564137,0.039149486,0.47902724,0.6836794,0.5491655,-26.51931,440.92554,2720.0403
14.182879,-0.08323813,0.5096075,0.6685211,0.5352113,-60.97716,423.66812,2632.8079
13.778931,0.71965533,0.72609234,1.8429567,0.26346445,-57.604885,431.72147,2629.1577
13.415689,-0.058467556,0.2956656,0.63647974,0.7099697,-71.59283,438.43582,2604.9019
13.1688385,-0.10278024,0.28859225,0.638602,0.7059307,-72.499374,452.78577,2574.3262
12.984334,-0.095333375,0.29814222,0.6405355,0.70123965,-89.19258,450.288,2548.7075
12.71889,-0.12680249,0.3409918,0.64361316,0.67335564,-112.53246,448.90115,2508.3203
12.627781,0.10247497,0.29398814,2.1039412,0.26867557,-125.259674,442.5099,2476.9333
12.670792,0.41580087,-0.36473423,2.0008965,0.26099533,-152.11975,437.6282,2434.1262
12.990302,-0.08254082,0.39893818,2.031358,0.26027393,-167.45557,460.78796,2357.3823
13.596876,-0.094266206,0.40279803,2.0566587,0.26450703,-178.61218,466.5677,2248.1558
13.95877,-0.28081125,0.39982957,2.0195503,0.26146406,-186.93274,457.46698,2255.0867
13.844306,0.30931875,-0.11183702,2.083884,0.2655881,-187.34814,467.79797,2259.79
13.220615,-0.046125714,-0.09093255,2.1745799,0.2789714,-136.01064,442.2214,2175.0437
13.019524,-5.5015984E-4,-0.20880048,2.1023774,0.26635933,-141.07019,452.19293,2172.3455
13.145025,-0.046924714,-0.14202802,2.105841,0.26594898,-127.96079,452.88806,2163.5562
