15.058658,-0.15856862,-0.15381892,-0.0061165704,0.25479457,-213.74815,678.294,1765.123
14.411638,0.62204295,0.70143765,-0.15871817,-0.3096068,-274.426,589.90356,1849.7532
14.310437,-1.0251657,-1.0536225,0.46048447,0.2603729,-228.22488,648.49963,1781.2933
13.907402,-0.1657315,-0.13271074,0.79610044,0.5666965,-349.93723,618.6811,1926.719
13.713689,-0.1338185,0.14975981,0.7461701,0.6347399,-249.83072,481.23892,2017.4999
14.057217,-0.300627,-0.052518938,0.69663656,0.6492786,-257.19217,572.57764,1941.8179
14.318237,-0.26295027,0.045212545,0.6838131,0.67912644,-194.12369,600.1884,1970.6859
14.656179,-0.30387944,-0.006289232,0.70298,0.6429906,-206.20326,586.78595,1958.5002
14.614682,-0.32752156,-0.01388288,0.6993098,0.63521844,-199.36661,575.43713,1957.3242
14.553509,-0.36609918,-0.12069277,0.6814759,0.6220894,-198.19716,612.4535,1970.9275
14.461479,-0.34692326,-0.12939078,0.6881012,0.62403446,-194.77895,617.29297,1980.6938
14.407287,0.29589874,0.27027768,-0.027725955,0.26414904,-187.75296,596.4693,1971.2037
14.626326,-0.7162244,-0.5904991,0.37526998,0.26005027,-194.1707,605.672,1981.6274
14.615629,-0.44780973,0.23463567,0.6127244,0.60743827,-203.3067,607.67633,1984.1478
14.718322,-0.28110802,0.33294764,0.5821382,0.6864687,-216.87352,578.3201,2012.5719
14.248947,-0.22848442,0.07776993,2.1286469,0.27143636,-197.9642,582.7615,2015.9799
14.238193,-0.014359655,0.8000061,1.8763573,0.25644317,-181.21289,570.5576,2051.43
13.832636,-0.4240382,0.5167005,0.53077173,0.52105045,-190.87744,592.87683,2060.5122
12.845331,0.0043623364,0.26072806,0.6423538,0.7206826,-260.57437,639.3208,2173.748
12.915049,0.78058124,-0.36577973,2.076076,0.30712494,-109.74869,604.38086,2280.7507
12.582522,1.6266322,1.5312167,-0.8859734,0.34271696,-200.39822,544.5379,2114.345
12.923921,1.1903032,1.0876248,-0.5402436,0.31150982,-196.25858,570.5941,2122.6848
12.864715,0.20525074,0.6073186,-0.3626654,-0.6763949,-293.34775,584.7965,2384.227
12.932068,-0.026953576,-0.33345383,0.6164978,0.71274996,-192.91519,596.8221,2417.5088
