12.927974,0.0,0.0,0.0,0.43301272,-427.0935,-531.1505,2076.6404
12.773571,0.0,0.0,0.0,0.43301272,-441.52625,-603.23755,2140.0085
12.502787,0.0,0.0,0.0,0.43301272,-182.36743,-594.85785,2366.2827
12.277369,0.0,0.0,0.0,0.43301272,-236.7709,-601.55066,2221.461
12.098251,0.0,0.0,0.0,0.43301272,-366.0417,-593.9662,2143.8152
12.254049,0.0,0.0,0.0,0.43301272,-369.92197,-589.3897,2143.2573
12.231584,0.0,0.0,0.0,0.43301272,-386.08624,-585.3155,2139.5332
12.382507,0.0,0.0,0.0,0.43301272,-395.35422,-587.0915,2142.7437
12.139859,0.0,0.0,0.0,0.43301272,-394.35834,-593.472,2147.0667
12.337041,0.0,0.0,0.0,0.43301272,-438.97656,-582.7195,2112.8264
12.262056,0.0,0.0,0.0,0.43301272,-437.4944,-591.464,2120.956
12.362922,0.0,0.0,0.0,0.43301272,-439.2051,-577.4463,2113.0806
12.071855,0.0,0.0,0.0,0.43301272,-450.74258,-603.28625,2094.0625
12.321994,0.0,0.0,0.0,0.43301272,-501.07693,-576.36804,2061.9507
11.980247,0.0,0.0,0.0,0.43301272,-552.4978,-586.0314,1985.0981
12.1514635,0.0,0.0,0.0,0.43301272,-554.4667,-574.8861,1978.6375
12.057642,0.0,0.0,0.0,0.43301272,-550.6561,-568.52515,1982.1694
11.866545,0.0,0.0,0.0,0.43301272,-549.64355,-570.79504,1979.7668
11.72375,0.0,0.0,0.0,0.43301272,-552.4829,-604.663,1984.9438
11.499088,0.0,0.0,0.0,0.43301272,-551.3016,-634.22815,1949.9752
11.322943,0.0,0.0,0.0,0.43301272,-574.496,-619.37024,1962.8546
11.260559,0.0,0.0,0.0,0.43301272,-567.97345,-615.5691,1944.1694
11.371873,0.0,0.0,0.0,0.43301272,-559.20215,-654.8334,2096.078
11.200591,0.0,0.0,0.0,0.43301272,-492.5163,-534.17053,1777.4644
11.360915,0.0,0.0,0.0,0.43301272,-493.5295,-496.1814,1786.1906
11.626442,0.0,0.0,0.0,0.43301272,-476.86136,-509.48938,2184.9883
12.35296,0.0,0.0,0.0,0.43301272,-562.094,-536.2218,1795.5637
12.726262,0.0,0.0,0.0,0.43301272,-444.4696,-559.4222,1813.7272
12.828902,0.0,0.0,0.0,0.43301272,-478.5495,-492.9447,1973.8214
12.660707,0.0,0.0,0.0,0.43301272,-418.262,-533.816,1907.853
12.351678,0.0,0.0,0.0,0.43301272,-326.44107,-797.0709,1824.3973
11.845188,0.0,0.0,0.0,0.43301272,-289.93716,-677.05676,1848.308
11.598309,0.0,0.0,0.0,0.43301272,-338.1621,-625.13794,1759.5186
