13.618998,1.317208,-0.31374225,-0.4475881,0.4343487,512.3154,-47.91078,2031.6423
13.695732,1.0059521,-0.431347,-0.41489443,0.4355066,518.8038,10.759125,2085.8477
13.612507,1.0063646,-0.515999,-0.4265719,0.43494517,499.94785,-13.91272,2109.7344
13.4270115,0.7934912,-0.5642723,-0.53647816,0.43799368,509.04373,-16.48079,2142.0708
13.581258,0.6691844,-0.8118493,-0.5900948,0.4370813,522.53674,-11.173264,2173.126
14.006788,0.40023488,-0.9603353,-0.4621441,0.43461353,518.2934,-16.144424,2244.9358
14.210163,0.40567732,0.2476317,-0.62032914,0.44382986,521.99524,-26.803482,2259.6797
14.449622,0.4548369,0.29366806,-0.44757715,0.44079503,492.71613,15.0056,2299.299
13.794975,0.7623687,1.390285,-0.44723228,0.4307675,505.05212,-0.06326294,2323.315
13.420137,0.6145899,1.2838856,-0.40923238,0.43186247,512.78546,-3.1144104,2349.035
13.571609,0.6190214,0.407508,-0.25548264,0.43669257,478.4008,-11.801346,2411.5264
14.014185,0.5028324,-0.34563857,-0.107819624,0.43320686,470.78455,-26.551102,2473.7485
13.913027,0.46966276,-0.44562906,-0.30846992,0.43661427,497.31564,-11.207703,2478.4294
14.381207,1.5415369,1.0186198,0.33744925,0.4144956,497.02634,-58.236397,2506.04
14.849893,0.9435978,0.03061396,0.37642774,0.4215401,470.21515,-62.63526,2487.418
15.003349,0.42791554,2.2022648,0.4316084,0.37375852,414.21658,-23.628693,2498.683
15.263274,-0.076609604,0.82305306,0.039644815,-0.56137574,370.69824,-3.6126251,2596.4387
15.489932,0.0064113396,2.1497397,-0.01693734,0.2695004,343.7745,23.118439,2494.0557
15.750501,0.059276123,0.80552614,0.0074282098,0.5895413,311.7257,21.60376,2517.7358
15.810006,0.03868576,0.8146472,0.010810279,0.5785641,273.66302,31.552994,2518.3035
15.921975,0.0469428,0.79607284,0.017906288,0.6031116,266.13675,34.526245,2515.7156
15.203604,0.026450694,0.8031037,0.04427008,0.5936034,232.59557,29.572723,2528.049
