12.083832,-0.43050793,0.80606145,-0.29986244,0.4333698,505.36404,209.32195,2296.2773
11.611863,-0.40760145,1.0338613,-0.2642758,0.42976585,483.23053,214.10518,2318.7622
11.826219,-0.45461547,0.7025264,-0.16479075,0.4317214,468.8397,204.48105,2335.8765
11.695007,-0.21843062,0.48025745,-0.5260931,0.44108647,423.98233,208.44725,2375.6777
11.766619,-0.1880586,0.56548154,-0.28549,0.43632418,404.8502,206.57098,2381.955
11.937213,-0.40057454,0.7400587,-0.2669521,0.43361607,399.6606,216.08206,2399.4038
11.799368,-0.14384487,-2.2479675,-0.13498303,0.39143887,401.24942,144.56557,2412.0085
11.867326,-0.23683614,1.7961005,-0.2380494,0.41244763,381.76135,201.2338,2483.69
11.661323,0.24052395,2.4932761,-0.2271458,0.3687604,385.59058,226.83325,2560.85
11.701241,0.29494002,-2.0033815,-0.35111833,0.40591428,369.98392,224.6709,2564.4678
12.272722,0.36234316,2.2371736,0.16436827,0.28560144,349.51978,240.29367,2603.824
12.727932,0.09431093,0.74128747,-0.0056813094,0.66449326,329.87698,222.31908,2630.4944
13.480043,0.086739466,0.91920894,-0.07261111,-0.3771616,317.1717,172.17941,2554.689
13.5494175,0.026671428,0.74620867,0.003166777,0.66515887,296.14398,196.14517,2599.1218
13.718197,0.05097558,0.7983966,0.003119103,0.59994715,266.68732,198.84555,2599.7737
14.143907,0.037182037,0.7675049,-0.0044976054,0.6399355,252.93346,183.65385,2600.9453
14.114581,0.028742466,0.77070546,2.573076E-4,0.63653016,242.12526,183.7191,2600.2346
14.054569,0.24106424,2.2258656,-0.156001,0.28072962,190.17955,196.32939,2594.0344
13.943996,0.23538946,2.2612958,-0.21714179,0.2858171,171.46873,189.15034,2598.6375
14.017839,0.48737288,2.4397259,-0.18945125,0.31618372,144.61577,213.01314,2575.2703
13.928296,0.5522943,2.5135896,-0.21319555,0.3337202,134.30923,211.22125,2571.3884
13.681252,0.379847,2.4763258,0.013808846,0.3587945,67.51962,215.36751,2554.9988
13.73232,-0.025597762,2.4012282,-0.082767114,0.31117752,70.3539,224.78423,2595.151
13.778904,0.029975299,2.307741,0.13337184,0.37298033,29.35065,221.05089,2541.041
13.933299,0.14235087,2.3825076,-0.03401738,0.37465978,-5.3142424,204.89209,2530.9736
14.024806,0.35737225,2.1652942,0.16478188,0.3885712,0.9862723,233.37419,2498.6357
14.108005,0.06655085,1.8748939,0.07310139,0.4040884,-12.110157,224.84181,2471.1526
14.465925,0.11545855,1.6499497,0.08472294,0.4118291,-10.44397,233.39313,2423.0923
14.236663,0.23796064,1.6404729,0.10715236,0.4121411,0.41150057,247.47171,2410.9932
14.164398,0.33402395,1.4092671,0.08637946,0.4186635,-0.073318854,245.09103,2379.2014
13.924606,0.42414343,1.4007605,0.034685083,0.42028505,4.6154037,244.36263,2350.4763
13.573698,0.339561,1.454673,0.005025556,0.41968456,4.2902784,256.51743,2327.9248
13.017539,0.27971017,1.1441607,-0.07851717,0.42702922,-1.3464192,242.57645,2281.123
12.713388,0.22741899,0.6069913,-0.059221074,0.4322565,-5.8722644,253.30003,2250.9197
12.728262,0.1846342,0.66943544,-0.08425534,0.43228915,-13.890562,263.1694,2218.3264
13.492737,0.27342212,0.22234654,-0.18866393,0.4364577,-25.41574,266.27783,2168.0552
13.761853,0.66086644,-0.24869932,-0.6468613,0.44273314,-63.609863,276.8365,2117.9568
13.5487995,0.13194148,-0.80590415,-0.23144868,0.43332967,-57.05029,278.52914,2103.2966
13.987439,0.23332185,-0.93422884,-0.05210948,0.42772305,-40.331078,286.17764,2078.319
14.391575,-0.44707963,0.36345506,0.090558276,0.42913392,-19.344038,238.2684,2048.8433
14.594077,-0.48229048,-0.48010278,0.13320608,0.4287009,-13.263558,233.43646,2058.507
15.00492,-0.30003974,-2.2497494,0.0712802,0.38558212,9.222948,245.74974,2045.5282
15.137192,-0.18383372,-2.4017522,0.19038089,0.31898123,26.207933,230.85455,2057.905
15.366985,-0.10158253,-2.163488,0.10008435,0.27219334,49.67071,235.29735,2039.887
15.514536,-0.078746095,-2.0432818,0.07479085,0.25583428,63.84706,242.03516,2023.3605
15.373725,0.023119515,0.7532457,-0.017231185,-0.65709525,95.805725,240.45421,2008.0778
14.261616,0.031209549,0.78188276,-0.014007422,-0.6224726,120.41783,249.44992,1995.1692
14.047454,0.04448147,0.8039942,-0.026243147,-0.5923743,152.75331,256.94662,1982.4006
14.19281,0.091164395,0.74744624,0.024930563,-0.65755326,193.18689,285.17676,1977.3096
13.86319,0.11825676,0.78843915,0.015075368,-0.603435,228.42905,291.68518,1959.6117
14.314962,0.06102088,0.8457382,4.1880205E-4,-0.53007525,278.89197,320.14053,1940.1993
14.54137,0.060523503,0.8433377,-0.0050213323,-0.5339197,284.87872,313.97073,1942.2484
14.252752,0.08479573,0.8580269,-0.004135203,-0.5065145,308.41745,308.55112,1953.6948
