8.319558,1.5471232,0.638778,-0.071372546,0.42712697,88.19002,733.1631,2478.4844
8.154682,1.4185258,1.6471801,-0.8665169,0.43063217,97.912415,746.8665,2523.467
8.004744,1.0972551,1.8848585,1.0300521,0.35990927,127.49466,757.1055,2550.357
7.881273,0.015556742,0.81099886,0.18577638,-0.55454606,213.79846,780.323,2626.9275
7.7800603,0.12907833,0.9533554,0.12996864,-0.239914,254.89304,782.57214,2605.6365
7.6747937,-0.0122206975,0.735836,0.20483142,-0.6453189,361.04642,793.95386,2615.1
7.6607533,-0.09147893,-1.9698378,-0.5740925,0.2603888,403.79385,808.3911,2603.6145
7.651052,-0.030408619,0.72825617,0.12568027,-0.6729929,455.58386,810.23596,2579.441
7.63642,0.18141544,0.77902126,0.099039316,-0.5919471,558.7095,824.94135,2501.554
7.7519565,0.27637276,-0.12790294,-0.06782879,0.4339745,597.5782,834.1907,2444.916
7.7395897,0.39348206,0.5142083,0.117558904,0.4289908,589.1133,839.7228,2397.2214
7.6244035,0.14768484,0.7647308,-0.03906666,0.43049502,582.4715,851.7229,2343.5427
7.5407057,-0.7814232,1.3169106,-0.31640843,0.42216915,575.91205,904.2313,2184.4922
7.5213127,-0.08274889,2.2013698,0.51390624,0.35861588,451.791,874.4906,2233.689
7.5601463,-1.2883303,2.0445607,-0.08989147,0.33184016,368.89056,874.437,1974.0143
7.8710237,-0.055696778,0.666318,0.15829132,0.7265391,289.74335,841.8767,2179.4658
