8.341237,-0.004281184,-0.22658594,0.6961755,0.681161,2.6449661,288.1777,2503.904
8.253107,-0.003859484,-0.20426697,0.698927,0.6853913,49.692593,227.01743,2562.6768
8.133655,-0.0034782023,-0.18408808,0.70109034,0.68889177,104.74086,194.59427,2585.2515
7.9968634,-0.0031338038,-0.16586006,0.70278305,0.6917923,164.87312,189.9664,2603.4214
7.99659,-0.0028229137,-0.14940594,0.7041001,0.69419956,237.67207,190.90723,2610.44
8.618283,-0.0022895278,-0.12117553,0.70589775,0.6978679,500.96866,250.84177,2665.5723
8.885212,-0.0020615372,-0.10910912,0.7064895,0.6992593,606.8387,251.42416,2651.8167
9.128194,-0.0018560875,-0.09823552,0.70693284,0.700423,674.6893,277.4617,2631.4045
9.312517,-0.001670986,-0.08843915,0.70725936,0.7013986,716.58325,294.25018,2609.7725
9.664316,-1.0849199,-0.9915474,1.4288883,0.26374948,561.5262,317.14047,2425.1497
9.887817,-1.0733782,-1.1445615,1.4015074,0.26733005,461.72076,313.10788,2405.3438
10.020002,-0.9770534,-1.1720746,1.4712931,0.26674238,443.0249,319.68814,2401.6758
10.110287,-0.84031665,-1.184229,1.5541811,0.26611745,433.16644,330.75983,2393.8245
10.190787,0.5510884,-0.496374,1.9334902,0.26078779,429.1046,330.8672,2383.654
10.397619,0.8995988,-0.28959876,1.9420967,0.27281937,435.75113,313.75705,2387.0708
10.237002,0.7924748,-0.19990335,1.9925952,0.2716929,441.09293,264.47427,2424.9893
10.34262,0.708359,-0.17868498,2.013362,0.26996106,427.53625,295.05026,2394.6873
9.989151,0.56518865,-0.14256997,2.0384977,0.2667529,381.82108,276.83246,2414.5964
10.139623,0.5047605,-0.12732688,2.0452056,0.26529402,362.831,278.35938,2435.8477
