11.207597,-0.3585686,-1.2396013,-3.1412146,0.42523012,252.75827,338.45154,1890.9686
11.165126,0.37377447,-0.8720682,-3.3031611,0.4334812,229.49084,349.19302,2038.6298
10.906568,0.60175294,1.1281943,-0.99452966,0.28844863,244.4155,230.80353,2022.9104
10.94896,0.5671084,1.2017897,-1.109174,0.29293627,229.4212,137.68727,2031.1128
11.985543,-0.4048714,0.65541476,-0.51258516,0.37916633,88.927704,260.2779,1906.8073
12.926528,-0.62535053,0.7507982,-0.026696185,0.21101163,92.91191,319.81458,1857.1233
13.356039,-0.65463233,0.7337667,0.061130993,0.17118974,70.23904,289.46973,1862.1722
14.070785,-0.6720138,0.71537405,0.17835146,0.069484055,8.499153,290.33154,1879.9983
14.069609,-0.37514615,0.61882985,-0.5105599,0.46437427,-38.372986,286.19537,1856.5288
14.258698,-0.35775128,0.67931676,-0.5281167,0.36281604,-95.02551,293.0382,1823.9138
14.018675,-0.21760026,0.69435006,-0.5667308,0.38645086,-115.27991,304.68198,1829.897
13.47662,-0.2637263,1.3219696,-1.2838733,0.2704683,-75.08394,290.43954,1886.6323
13.773312,-0.34997964,1.6349007,-1.9531839,0.33579177,-90.39487,299.9557,1889.0027
13.613476,-0.3383547,1.5351055,-2.861279,0.40864033,-103.77206,320.37067,1933.4591
13.079854,0.47474828,0.393897,-3.3529394,0.4513888,-131.26587,373.12158,1981.5255
13.00453,0.4715785,-0.07729086,-3.3387494,0.45312577,-136.91995,358.36752,1991.803
13.148278,0.7133341,-0.73097044,-3.2312877,0.44292766,-130.5555,312.0095,1997.1688
13.129548,1.5531368,-0.3574597,-2.9621544,0.43953213,-129.77708,279.2376,2015.8464
13.261164,2.022248,0.53844416,-2.635461,0.4207645,-182.50264,317.48163,2112.977
13.094867,2.61207,-0.3399568,-1.7379137,0.41629252,-167.84679,322.60773,2111.4976
13.070408,2.0834134,1.2990851,-1.7510127,0.39054045,-62.56646,307.09302,2001.4027
