9.743456,0.6188763,0.6462987,0.30476537,0.32620263,562.252,260.14587,2286.183
9.706315,0.66418177,0.7461935,0.044959616,0.006034189,512.078,252.60297,2305.1392
9.859838,0.06724588,-0.34222266,0.5833135,0.73355776,450.7054,343.84872,2418.0063
9.808067,-0.021258047,-0.8528135,1.9316975,0.26847586,451.3753,339.85553,2422.5474
9.602859,0.21628246,-0.49071267,2.0075905,0.26181823,459.30154,325.174,2454.8281
9.463875,-0.17157829,-0.7319937,1.8650695,0.25153407,460.809,330.89,2449.126
9.243595,0.37770692,-0.55921435,1.9665556,0.26259872,465.09253,336.26965,2454.1467
9.013668,1.1457458,-0.26314276,1.9164215,0.2877568,469.27643,326.76566,2458.4167
9.037032,1.0168276,0.1290408,2.0720534,0.30680594,465.60748,348.36188,2440.6506
9.4049635,1.1880122,0.8847476,1.8709908,0.30650327,445.33038,350.3097,2426.1257
9.320815,1.684245,1.759576,-1.3662938,0.3660391,421.98102,352.34344,2411.9614
9.0481615,0.671214,0.9645377,-1.300445,0.31868076,139.95499,262.3361,2060.9932
8.900856,0.7927357,-0.44603688,2.048946,0.31161368,84.618256,248.51869,2097.8613
8.689176,1.5760123,1.1836866,1.1729987,0.29422742,-12.144508,273.38022,2221.8108
8.500482,1.1886927,1.1013944,0.8858763,0.26576197,-99.413635,293.98773,2348.8062
