12.47951,-0.10477359,0.80421376,0.17799662,0.55729693,-47.173504,-339.11127,2148.6511
12.208741,-0.17304994,0.83658224,0.17629376,0.48898298,-137.28358,-324.03705,2140.9006
12.122392,-0.217219,0.76016337,0.19594799,0.58014816,-252.33844,-329.7284,2122.0928
12.09502,-0.19575754,0.7053179,0.13691783,0.6674272,-363.3856,-310.9756,2097.2727
12.189746,-0.036759667,2.1487737,0.100817576,0.27076662,-389.89722,-288.83484,2060.507
11.908968,0.43724966,2.4576979,0.056728974,0.36135077,-490.81946,-175.712,1981.1676
11.935767,0.43879318,2.3259153,-0.0054253084,0.38348123,-517.2195,-164.68771,1928.569
12.064712,0.4116884,2.1034718,-0.0024986304,0.39840016,-537.59436,-154.7431,1896.4806
11.284678,0.35177624,0.78427476,-0.2998155,0.435682,-496.66006,-246.21786,1852.6711
11.38959,0.05602374,0.2614049,-0.50116515,0.44205284,-465.69525,-263.08292,1821.4054
11.580798,-0.23001367,-0.15760882,-0.7415286,0.4460454,-433.6236,-266.43323,1794.8398
11.560718,-0.8669117,-2.5001855,-0.87928134,0.3911406,-292.6705,-247.63107,1726.7979
11.750821,-0.8867932,-2.5438654,-1.0349739,0.3747752,-184.03113,-227.53624,1719.3771
11.628484,-0.026844496,-2.4832933,-0.5389605,0.32608572,-74.8159,-173.18312,1809.7458
11.6511,0.21118799,-2.3809307,-0.1665647,0.3107493,-37.813644,-167.98433,1838.8228
11.592148,0.18099585,-2.3664386,0.19199373,0.3245189,-13.724274,-169.83018,1861.7233
11.921421,0.35129714,-2.330184,-0.13381511,0.30616432,-105.78652,-218.39961,1941.5238
12.468531,0.39263624,-2.2919688,-0.3249715,0.29925585,-164.77074,-268.39783,1957.2344
12.447479,0.4502989,-2.0073493,-0.20285177,0.25886357,-206.88278,-277.12686,1975.2172
12.106322,-0.07767043,0.7759997,0.04947288,-0.6239745,-230.59172,-280.8369,1989.1608
12.113152,-0.055479404,0.82831895,0.051292848,-0.5551384,-251.68423,-280.1502,1988.701
12.23045,-0.01673811,0.8665527,0.039694708,-0.49722284,-268.0044,-279.99728,1979.7087
