15.377096,-1.7565498,1.2908417,-1.9930422,0.36935094,-400.78314,562.9702,1880.4518
15.271631,-1.3370509,-0.25224555,-3.1784148,0.44213152,-402.29938,565.7625,1881.324
15.637412,-1.3003168,-0.28988656,-3.1926627,0.4425551,-421.66397,567.435,1922.665
15.961912,-1.0007035,-1.1326237,-3.0886657,0.4325965,-417.51358,552.9056,1916.2822
15.556941,-0.6781385,-1.1293519,-3.177671,0.4354074,-411.45514,542.3815,1912.2656
15.08072,-0.53911406,-1.5820786,-2.8339412,0.4112652,-357.8496,529.47437,1895.2384
14.595969,-0.21090701,-1.6103082,-2.8208594,0.4068748,-320.11255,526.6581,1926.1681
14.203716,0.63790673,-1.7931495,-2.2157168,0.36596465,-292.1358,539.0641,1948.2626
13.986829,1.1488271,-1.455701,-1.8425133,0.33483365,-314.294,579.99,2058.5645
13.888397,1.0991254,-1.3303252,-1.3675252,0.29191637,-292.62207,527.52094,2071.2766
13.620344,0.39748254,-0.69400096,-3.3035374,0.4249267,-233.72232,504.29904,2040.1641
13.052768,-0.38611725,0.8397021,-0.060778163,-0.37698764,-59.268524,574.2581,1734.713
12.976567,0.7632081,-0.5390238,-0.113648616,0.3377139,-44.81179,577.328,1765.9465
12.977156,0.79172844,-0.5535089,-0.07455308,0.24745885,-14.091756,556.3985,1854.2135
12.652341,0.7491904,-0.5989453,0.12880395,0.2517693,-29.450758,557.593,1922.7054
