8.319558,0.0,0.0,0.0,0.43301272,177.60756,-777.92664,2290.6694
8.154682,0.0,0.0,0.0,0.43301272,122.597565,-773.4265,2386.4932
8.004744,0.0,0.0,0.0,0.43301272,142.452,-780.80383,2509.2385
7.881273,0.0,0.0,0.0,0.43301272,130.41776,-783.3158,2609.103
7.7800603,0.0,0.0,0.0,0.43301272,87.40677,-782.1343,2654.7683
7.6747937,0.0,0.0,0.0,0.43301272,227.83948,-658.34656,2673.0945
7.6607533,0.0,0.0,0.0,0.43301272,175.45822,-660.9937,2514.3787
7.651052,0.0,0.0,0.0,0.43301272,683.4884,-859.3685,2647.4312
7.63642,0.0,0.0,0.0,0.43301272,688.2869,-810.40356,2653.2463
7.7519565,0.0,0.0,0.0,0.43301272,667.36676,-640.4132,2291.94
7.7395897,0.0,0.0,0.0,0.43301272,664.0198,-652.4702,2312.4158
7.6244035,0.0,0.0,0.0,0.43301272,673.5925,-657.9016,2310.814
7.5407057,0.0,0.0,0.0,0.43301272,672.6982,-679.11633,2266.2273
7.5213127,0.0,0.0,0.0,0.43301272,663.1236,-685.8685,2254.533
7.5601463,0.0,0.0,0.0,0.43301272,467.2732,-749.81177,1941.6342
7.8710237,0.0,0.0,0.0,0.43301272,473.1146,-747.8133,1943.1505
