11.207597,-0.059162293,0.7450321,-0.0458686,0.66281456,-59.996346,120.14691,1839.3037
11.165126,-0.13079272,2.0749059,0.03344269,0.26072228,-56.29292,117.33237,1893.4097
10.906568,-0.065693885,0.93713343,-0.32614195,-0.10534043,-86.97476,17.478302,1991.4576
10.94896,-0.09244101,0.9573753,0.11013219,-0.25051567,-65.04433,-53.626724,2065.1897
11.985543,0.01989618,0.92441547,0.0668761,-0.3749504,-81.409386,32.706985,2071.0059
12.926528,1.3456632,0.8057573,-1.1369396,0.44560397,-58.514923,-70.563416,2255.2424
13.356039,-0.0264554,0.91589063,-0.09725188,-0.38857004,-27.739767,131.76349,2262.3186
14.070785,-0.039146442,0.8314359,0.22038534,-0.508539,-80.53208,91.68793,2248.7307
14.069609,0.09788279,0.8359965,0.026088553,-0.53930354,-108.20155,100.15221,2224.3235
14.258698,0.675211,2.390773,-0.77961427,0.40131098,-164.23778,96.71567,2213.5928
14.018675,1.3366491,2.1854722,-1.0269601,0.41512978,-187.75925,87.080444,2201.9597
13.47662,0.16694178,-0.25382838,-0.4552071,0.44106346,-383.6818,58.824966,2006.7811
13.773312,0.4578233,-0.19750772,-0.54765916,0.44211417,-398.41083,61.65715,1989.7383
13.613476,-0.08349869,-1.2746103,-0.2117798,0.42719376,-451.4379,107.33685,1922.281
13.079854,0.007951029,-1.4797072,-0.19988999,0.42238945,-459.81314,128.34406,1899.5111
13.00453,-0.04135194,-1.95154,-0.19611697,0.40812695,-449.13333,106.123764,1845.7479
13.148278,-0.1143197,-2.174456,-0.27477288,0.4000409,-379.92316,72.88101,1798.6586
13.129548,-0.043605845,-2.4856627,-0.25161216,0.36565202,-271.9403,72.46294,1779.5426
13.261164,-0.06943911,0.9215072,-0.1090671,-0.3662064,-222.91359,63.72133,1788.0253
13.094867,-0.09341187,0.90285826,-0.10380471,-0.4066273,-199.51404,67.04295,1788.5636
13.070408,-0.08091118,0.8659531,-0.05149521,-0.49084297,-220.86684,-2.2314758,1654.8171
