30.82254,0.12444682,-2.373465,-0.2730277,0.3055541,-200.91231,43.3098,1966.5273
28.71078,0.12444682,-2.373465,-0.2730277,0.3055541,-217.72714,36.447433,2008.8287
26.884268,0.12444682,-2.373465,-0.2730277,0.3055541,-262.9558,82.72052,2020.2676
25.424429,0.53387,2.0208695,0.49045885,0.38518587,-324.45004,42.114777,2020.6061
24.256092,1.6259143,0.90091807,0.47930273,0.41072488,-396.6108,142.52441,2070.855
23.073378,1.0908958,-0.081878036,0.17701745,0.42492852,-378.62985,131.65001,2063.8586
22.162273,0.77742904,-2.099599,0.14105183,0.292742,-542.8065,368.0845,2451.3997
21.219069,1.2848889,-1.2211474,-0.188741,0.41451472,-351.04672,106.05621,2021.8572
20.075851,0.26283842,-1.9236745,-0.0037036478,0.4006958,-369.13663,94.891205,1955.4629
19.56318,0.27691433,-2.0237706,-0.13954096,0.399508,-355.14166,97.95224,1923.4458
19.134792,0.13633491,-2.3222947,-0.013208121,0.37454972,-352.1124,95.953964,1909.5409
18.97754,0.364024,0.3083353,-0.23651773,0.4370844,-345.42816,52.476715,1901.2769
18.458115,-0.41234434,-0.23732929,-0.0035617342,0.432527,-338.1093,44.508987,1850.2998
18.020136,-0.15432732,-0.2600333,0.13317083,0.42978737,-336.06323,56.35742,1844.6011
17.494972,0.12867965,-1.332295,0.41243201,0.40948358,-332.5651,24.642426,1822.491
17.516731,-0.007921227,-2.4646573,-0.016500972,0.33609584,-291.5438,4.8344116,1813.5385
17.50792,-0.35171515,-0.6445743,0.5257492,0.4181124,-243.20232,-55.78279,1758.6685
17.513678,-0.15376838,-1.9171215,0.6181418,0.38272578,-237.54587,-73.454025,1748.7526
17.505938,-0.5483441,2.3121939,0.06722325,0.32741275,-262.14185,121.49269,1652.6328
