12.813166,-0.02543425,0.9785363,0.09920075,-0.1788264,-56.454803,247.37143,1999.1565
13.238829,-0.014875099,0.98727113,0.11045404,-0.11346485,-31.586143,246.54832,2003.314
12.928753,-0.013508246,0.97516453,0.109250166,0.19218753,-10.535105,248.11987,2046.7222
13.767558,-0.05161675,0.92695004,0.07382202,0.3642108,-41.929386,265.33255,2064.0166
14.450394,-0.039590973,0.8769742,0.072985105,0.4733095,-80.36117,257.74893,2073.5767
15.019796,-0.075738356,0.8260797,0.075817235,0.55326986,-121.792076,270.70868,2078.5723
15.052988,-0.1257015,0.7619508,0.07148928,0.63128376,-140.92978,290.2271,2085.6409
14.401476,-0.48833567,2.2703426,0.13802907,0.35848054,-231.31503,267.7975,2119.6875
14.931444,-0.33494806,1.938405,-0.021415124,0.3994938,-302.39026,262.59552,2152.3887
15.187252,-0.29718652,1.8552917,-0.057486236,0.40483055,-326.92834,264.77155,2158.329
14.564101,-0.16573408,1.3464653,0.22320773,0.41423425,-366.67548,255.79666,2134.9463
14.506425,-0.15140997,1.1319427,0.24228863,0.4181573,-380.94202,250.46164,2107.2085
13.891532,-0.08124795,0.73512995,0.22421883,0.42436087,-408.6477,255.94768,2030.1906
13.779216,-0.071720555,0.39021274,0.17719363,0.42811123,-414.36676,268.46613,1992.3452
13.710375,-0.099601746,0.109418646,0.19251388,0.4286886,-416.2069,286.1499,1962.6716
13.194906,-0.14091471,-0.6993254,0.26150498,0.42429498,-431.45853,303.6342,1898.3407
13.310814,-0.19044377,-1.1846361,0.3335002,0.41624674,-435.54135,318.85394,1873.9144
13.628481,-0.2888342,-1.8687193,0.38804793,0.39573708,-433.13916,329.64413,1832.9003
13.569486,-0.3829385,-2.100401,0.38051367,0.3841534,-424.231,338.62012,1811.0428
13.57224,-0.45992166,-2.2327862,0.3684926,0.37459907,-415.05536,341.01462,1789.8008
13.110159,-0.56970483,-2.2694979,0.3235956,0.37407738,-360.7235,339.16455,1759.6438
13.029896,-0.6115512,-2.193679,0.49158186,0.37218323,-315.35052,337.94733,1758.0542
13.106957,-0.77480835,-2.0981097,0.62912023,0.3728674,-280.74005,332.52344,1758.8319
12.797515,-0.7500735,0.5219276,0.7294739,0.40920463,-185.68738,306.37164,1818.7881
13.246118,-0.34025788,1.4795169,0.4858385,0.40131745,-136.38724,287.20685,1877.3477
13.18622,-0.26442215,1.3360415,0.33853677,0.41055977,-102.500374,273.8761,1901.9431
13.269683,-0.22006376,0.98692554,0.23833725,0.42028072,-63.26955,267.34918,1923.2437
12.883465,-0.20320398,-0.123729035,0.18337639,0.42888907,15.328735,257.60104,1969.7363
