10.255434,0.08943971,0.8060393,0.20891745,0.54648864,347.90515,420.84152,2207.4983
10.360857,0.059764978,0.8808545,0.1920311,0.42853874,318.9181,406.87622,2247.7886
10.310177,-0.012993093,0.96814966,0.13849846,0.20816761,268.4223,407.74036,2343.5022
10.164477,-0.057895046,0.99007595,0.11501228,-0.05628675,210.97969,357.08685,2389.8916
10.115693,-0.0418635,0.9812152,0.104646064,-0.15656197,205.68684,351.80948,2406.8794
9.820387,-3.7198092E-4,0.9553056,0.08299521,-0.28372702,218.36038,349.1897,2425.8555
9.649332,0.016013648,0.9220932,0.06188607,-0.38164875,245.92668,340.4825,2437.957
9.403649,-0.007901823,0.8665067,0.07936337,-0.49275038,294.9834,385.72394,2451.0347
8.982771,0.028672878,0.77904314,0.012146909,-0.62619346,402.59445,357.76324,2422.0127
8.77678,-0.11771922,-2.4348965,2.977279E-4,0.31911108,476.34686,333.29514,2407.5503
8.908602,-0.13911952,-2.3396678,0.15493777,0.37006825,535.60333,335.95352,2404.2126
8.664183,0.003202385,-1.7930129,0.18086287,0.40347248,586.4663,371.8377,2399.0786
8.550837,0.011564498,-0.95783085,0.3067801,0.41987106,613.1804,390.89383,2385.2476
8.447588,0.1150543,-0.005824721,0.4290573,0.4231258,611.1032,407.64252,2359.6821
8.250608,0.12049771,0.7895256,0.51836777,0.41672778,590.3537,408.35175,2333.5679
8.150816,0.097074196,1.5066831,0.58389306,0.40079784,560.718,410.8377,2308.505
8.084137,0.09505631,2.0369818,0.62051433,0.37357643,522.6114,417.21594,2283.8032
7.933185,0.14448206,2.268475,0.6157075,0.32911587,472.88647,413.1445,2244.1118
