15.755941,-0.44715774,1.6504862,-2.439621,0.37522072,232.20924,272.13617,2267.547
15.887259,-0.56275177,1.5405922,-2.5945396,0.3852927,229.1065,292.92633,2270.4016
15.414699,-0.752077,1.3049262,-2.7900958,0.39724922,227.3864,296.73636,2259.7178
14.942501,-0.8668716,1.1327106,-2.8205173,0.39743158,236.45013,275.2251,2253.4832
14.69868,-1.0402112,0.93040246,-2.7990532,0.3959465,245.38728,256.98364,2243.008
14.641399,-1.0929934,0.7753943,-2.8503375,0.39942804,249.12112,254.07036,2235.1704
14.301756,-1.1274284,0.76768786,-2.8307185,0.3986896,254.05504,247.06549,2222.105
14.00672,-1.1126978,0.8401627,-2.7580059,0.39362442,256.52594,242.52492,2216.0417
13.943432,-0.94026166,1.0429716,-2.746642,0.39139664,254.7131,243.67366,2220.9548
13.614171,-0.5384608,1.4087646,-2.742008,0.3929513,247.53224,251.23709,2244.8054
14.001029,-0.50105834,1.536078,-2.617339,0.3862941,246.3556,260.15604,2257.206
13.880076,-0.5517202,1.6204574,-2.4168372,0.37326065,245.5939,267.50302,2266.4197
13.56292,-0.5851386,1.6547836,-2.3407974,0.36878434,241.23471,272.2086,2274.0928
