12.996238,1.4723054,0.8683674,-0.086720936,0.4268212,-153.42004,-254.95479,2207.9514
12.85724,1.4943905,0.8272765,-0.08739148,0.42694694,-148.35286,-275.22833,2221.4478
12.664661,1.5578718,0.7791905,-0.091959365,0.42680368,-159.08055,-289.1471,2217.483
12.687793,1.6272644,0.7515954,-0.07845662,0.42601788,-160.55365,-301.87604,2220.299
12.629032,1.7102922,0.6649511,-0.057989843,0.4251065,-157.55229,-329.5076,2211.7576
13.480732,1.7882985,0.56054497,-0.082108915,0.42504868,-167.74294,-345.24725,2215.8906
13.820459,1.8146185,0.48316088,-0.10185213,0.42526352,-167.02739,-333.6961,2230.0034
14.161942,1.8315411,0.48043802,-0.12369177,0.42552745,-161.63033,-325.39304,2226.0884
14.479247,1.7827673,0.5408956,-0.09276971,0.42538512,-161.91434,-310.45673,2218.6353
14.762421,1.7436391,0.55208415,-0.07155698,0.42535797,-159.70702,-303.15747,2216.359
15.017516,1.7305901,0.5728803,-0.07105234,0.4254511,-159.7701,-296.338,2215.8875
15.247854,1.7127193,0.596977,-0.093794174,0.42608672,-156.46426,-291.0518,2223.7024
15.428225,1.6906568,0.6312154,-0.099750765,0.42635137,-153.9955,-279.58795,2228.8325
15.755349,1.5488806,0.736382,-0.1267029,0.42786044,-151.88599,-264.79834,2216.2139
