11.739851,-1.5009474,-0.5663321,1.8176397,0.30834275,-129.28651,522.4483,2225.579
12.799231,-1.7057359,-0.29099354,1.7137222,0.30821568,-130.87074,449.91098,2172.0623
13.625852,-1.6218401,-0.061726965,1.5999286,0.28492436,-141.84935,417.432,2104.6233
14.31047,-1.6934326,0.0026664862,1.4538821,0.28023186,-136.3441,410.05908,2055.8823
14.878322,-1.7493793,0.0016508289,1.5241306,0.2900259,-134.59303,413.56705,2044.7118
15.317415,-1.7591299,-0.20162137,1.6924993,0.31214476,-135.37112,415.54538,2077.9177
15.658132,-1.1997013,-0.22095276,2.004041,0.30721688,-138.09753,481.27405,2114.9197
15.817555,-0.9716536,-0.25469676,2.0774086,0.3015809,-139.50172,511.92816,2152.225
15.757452,-1.0231616,-0.36277348,2.0317147,0.29507208,-141.44528,558.28955,2221.4016
15.240145,-0.98050314,-0.31058726,2.0385473,0.2913553,-144.0136,571.8039,2254.9192
