15.036659,0.0,0.0,0.0,0.43301272,182.48506,-657.867,1972.3734
15.479943,0.0,0.0,0.0,0.43301272,177.08493,-665.5151,1978.9519
15.410175,0.0,0.0,0.0,0.43301272,176.48618,-675.2372,1974.8495
15.214739,0.0,0.0,0.0,0.43301272,180.24806,-684.606,1975.9727
14.457575,0.0,0.0,0.0,0.43301272,182.8335,-675.26953,1971.2506
14.224441,0.0,0.0,0.0,0.43301272,183.02777,-679.97876,1966.2805
14.621114,0.0,0.0,0.0,0.43301272,182.81145,-677.82654,1967.0115
15.123047,0.0,0.0,0.0,0.43301272,181.4943,-675.2532,1968.1647
15.0045395,0.0,0.0,0.0,0.43301272,178.56453,-667.6731,1972.1573
15.322457,0.0,0.0,0.0,0.43301272,175.76706,-669.9927,1972.1772
