13.971898,0.4348025,0.98147583,-0.118582524,0.43016684,-97.42934,86.39221,2240.837
13.868895,0.4623736,1.0869576,-0.10133919,0.4285189,-102.4636,82.462326,2245.9604
13.479258,0.3710814,1.1414813,-0.10153157,0.42770147,-104.02153,76.80124,2244.6982
13.868447,0.35955676,1.2855176,-0.06385825,0.42458805,-104.86449,75.59114,2248.6
13.848809,0.27864444,1.3058157,-0.056274936,0.4238873,-105.884,75.51343,2249.5513
13.996488,0.22489302,1.0846393,-0.07442334,0.42769074,-114.779625,68.54703,2230.2852
14.324049,0.32831457,1.0797436,-0.024129752,0.42683783,-115.89139,68.30823,2231.191
14.396139,0.3970843,1.1027763,-0.049861,0.4271601,-113.83626,70.20793,2234.2024
14.345689,0.30975324,1.1192468,-0.061944425,0.4270844,-112.874,72.46974,2235.4475
14.199816,0.2678496,1.014102,-0.060902834,0.428414,-114.2465,74.36659,2232.8452
14.4775305,0.5248733,1.1230947,-0.09360385,0.4278857,-106.56935,90.69536,2248.2673
14.894814,0.43408704,1.1164074,-0.095376894,0.42798156,-106.34828,84.84772,2247.6917
