12.3332615,-0.4388128,-0.014422389,-0.122381985,0.43494323,-3.1225667,386.8796,2281.6296
12.314384,-0.47861454,0.0037267306,-0.14223656,0.43520406,-1.2937505,383.90234,2281.563
12.356091,-0.6973543,-0.05623137,-0.16310717,0.43494517,1.3645792,376.3329,2272.6826
12.211367,-1.1635159,-0.11306252,-0.17552412,0.43270236,3.4974053,359.39447,2250.5103
11.987879,-2.1497107,-0.1569364,-0.19450523,0.42130014,6.8458076,324.35498,2191.625
12.100571,-2.4288993,-0.13662466,-0.18647662,0.4146265,7.7809353,321.67645,2162.2222
12.036676,-2.3912427,-0.07826671,-0.20249817,0.4154909,2.4467585,311.77194,2153.7793
12.402768,-2.2740502,-0.04992083,-0.19390045,0.4179055,0.6207092,309.09332,2160.38
11.735277,-1.3771135,0.02406911,0.010538823,0.42648953,-9.664588,355.12036,2229.7983
11.857738,-0.89333117,0.07211806,0.078821495,0.42858455,-11.275138,371.9615,2254.4663
12.453285,-0.25134948,0.18415895,0.17549047,0.42865732,-16.803965,354.93225,2272.998
