9.779759,-0.29054284,0.022134095,0.042448763,0.43184078,380.83292,-326.99957,2409.1128
9.728747,-0.14786239,0.06733671,0.1249918,0.4302104,372.14816,-328.02765,2430.742
9.493162,-0.13011207,0.15271662,0.124342896,0.43009302,376.8235,-314.9487,2413.7034
9.479691,-0.22753902,0.36049166,0.11281091,0.42937925,378.2311,-303.38672,2398.6316
9.4811,-0.22816354,0.4302878,0.08615344,0.42956817,379.3513,-299.11722,2394.296
9.181291,-0.18339577,0.30470157,0.099060655,0.43005323,377.45203,-295.4679,2396.144
9.207944,0.022429027,0.35210246,-0.00180909,0.43232235,378.34894,-296.14227,2394.325
9.240454,0.023811225,0.2081682,-0.008926094,0.4329507,378.4935,-307.40622,2395.7788
9.598972,-0.045574997,0.53137946,0.012130909,0.43094823,358.43054,-306.46085,2385.421
9.765414,-0.07891997,-1.2762405,0.099130794,0.42016158,377.5635,-306.70343,2395.6382
9.546072,-0.05587055,-1.6734413,0.07157807,0.41110757,378.40094,-298.44678,2387.2498
9.654528,-0.08625382,-1.0162617,0.05211793,0.42550573,379.73264,-294.6754,2389.564
9.869238,-0.117786884,-1.0502888,0.1994029,0.421641,380.41638,-286.85278,2414.5037
9.897915,-0.37309298,-1.1967622,0.12845919,0.42164657,381.10706,-294.92615,2408.9263
10.100645,-0.12866598,-0.9807799,0.09094786,0.42520267,382.89938,-302.24207,2418.304
10.239934,0.11047667,-1.2638007,0.12501845,0.4188633,381.92645,-303.74084,2421.3533
10.153856,-0.19365638,-1.0462391,0.30003217,0.41937158,368.25763,-304.32355,2412.2034
10.086075,-0.23462622,-1.1671761,0.22119156,0.41958186,374.65094,-273.68658,2423.0354
9.71468,-0.33689573,-1.2252312,0.23304626,0.41851288,374.43076,-282.71136,2417.089
9.671458,-0.095566005,-1.2310992,0.21983658,0.4180637,375.1382,-288.79315,2414.5676
9.446513,-0.13438025,-0.9633267,0.24832983,0.42169258,372.71753,-282.6873,2397.416
9.351096,-0.24470809,0.6633507,0.21216166,0.42480147,354.29248,-257.7237,2374.6035
9.295434,-0.07679532,0.42514274,0.2314572,0.42665997,373.6374,-302.6325,2399.5444
9.090708,-0.09692619,0.22767118,0.25933766,0.42686027,375.16772,-293.11697,2403.3716
9.076725,-0.18120201,0.20912193,0.2586232,0.426803,373.79547,-313.34094,2405.676
9.113787,-0.2718449,0.051732294,0.21220706,0.42808607,377.24744,-294.4463,2397.0215
9.003696,-0.30637527,-0.0838088,0.19811046,0.42844298,372.43533,-293.85635,2401.2908
