14.095786,0.5422785,-0.17765372,-0.34841606,0.4384455,731.9957,-357.7141,2375.747
14.388319,0.56166935,-0.15681699,-0.35234964,0.43851846,731.09064,-353.56177,2370.7625
14.209729,0.56786823,-0.22080211,-0.34350863,0.43808785,731.9989,-354.44592,2381.3906
14.171381,0.54670006,-0.22343187,-0.35923505,0.43844488,729.71967,-353.57507,2371.556
14.247433,0.5351965,-0.24248722,-0.35475793,0.43832654,729.30383,-351.98483,2370.906
14.735166,0.557678,-0.2890342,-0.36200535,0.4381485,728.91455,-353.00702,2375.4705
14.979576,0.53674275,-0.2730559,-0.3559651,0.43820238,728.557,-355.5224,2372.2896
14.807955,0.5182777,-0.18939656,-0.3588629,0.4386784,727.5021,-353.57794,2365.578
14.946855,0.52149665,-0.17191112,-0.34746024,0.4385241,728.3364,-356.21967,2368.0752
15.331719,0.5301549,-0.072808474,-0.32431242,0.43836564,728.3201,-352.29224,2368.3936
15.49691,0.5256247,0.04664274,-0.29669362,0.43807408,729.1344,-355.44308,2370.828
15.73818,0.5428191,0.040538132,-0.29890543,0.43805704,729.1314,-354.01852,2366.3257
15.75935,0.51868427,-0.015943445,-0.3123877,0.43829986,728.58844,-357.6148,2367.9023
15.960309,0.5306332,-0.060095266,-0.3134611,0.43819502,728.7828,-357.68866,2369.513
15.712586,0.5182895,-0.0546632,-0.3151472,0.43827766,728.7221,-355.05658,2368.287
15.637369,0.5519491,-0.017505566,-0.32353216,0.43839538,730.3349,-355.1869,2371.2185
15.757015,0.51634324,-0.056890883,-0.30366552,0.43806833,725.0339,-356.27283,2368.5723
15.99814,0.5354487,-0.09947507,-0.34372154,0.43863282,728.83716,-356.51532,2373.0342
15.79541,0.5388059,-0.116153434,-0.32458463,0.43822637,728.4322,-356.85876,2368.8594
15.895691,0.56352437,-0.14532079,-0.33004466,0.4381455,730.3715,-355.7344,2373.377
16.045208,0.52814543,-0.18443708,-0.3301633,0.43814072,728.7006,-354.2822,2369.6003
15.755062,0.53856117,-0.21507597,-0.3363347,0.43809536,730.2617,-356.25336,2371.7358
15.240934,0.5164557,-0.18906371,-0.33770123,0.4383031,729.15814,-355.79773,2365.5938
15.002087,0.5228665,-0.25455832,-0.33353147,0.43793446,730.49365,-351.8581,2365.9429
15.16766,0.5157714,-0.33377987,-0.34356293,0.4377511,727.5417,-353.0387,2366.715
