16.150509,-0.024301784,0.9938847,0.05849692,0.09044707,602.9083,-268.84305,2409.527
15.468192,-0.017850121,0.9944041,0.04069539,0.09584221,606.7876,-285.47162,2387.6116
14.837683,-0.016784415,0.99833536,0.004329566,0.055009086,601.4275,-259.42224,2370.162
14.218673,-0.028628742,0.9945,0.042021938,0.09156638,610.696,-236.33212,2371.562
13.668763,-0.0065197786,0.99731463,0.021038916,0.069845915,610.38544,-230.99478,2388.4495
13.033632,-7.682012E-4,0.9947095,-0.012515826,0.101959296,606.7644,-243.88799,2377.9944
12.37063,0.0081095565,0.99710137,8.9503307E-4,0.07564631,604.0972,-239.66536,2386.7283
11.869868,-0.017745255,0.9946385,0.01322267,0.101017445,606.6297,-258.91437,2393.595
11.625207,-0.022946276,0.99885154,0.011669602,0.040407952,602.0602,-255.80045,2376.9211
11.271268,-0.029330278,0.99793816,0.022272032,0.052565895,602.4966,-258.54407,2378.1392
11.051493,-0.017885614,0.9994087,-0.0023324813,0.029273009,606.73975,-257.08484,2386.8118
10.730291,-0.018474309,0.9984194,0.006701926,0.052653875,608.4757,-263.13223,2384.7207
10.499573,-0.01855976,0.9965778,0.008535427,0.08009603,605.41516,-258.54675,2375.2908
10.332321,-0.01949592,0.99676126,0.010868243,-0.0772575,598.97473,-295.95822,2356.7332
10.082987,-0.011409448,0.9984702,0.0111588165,-0.05293766,603.99866,-286.39526,2361.3594
10.101478,-0.019180294,0.99958414,0.020337058,-0.0070878365,606.7947,-288.93158,2368.188
10.054529,-0.017395582,0.99751204,0.017422628,0.06605713,610.77826,-278.1551,2384.996
10.023845,-0.016479788,0.9980339,-0.009125632,0.05977882,615.4387,-267.03983,2374.835
10.115712,-0.014654077,0.999604,0.009031188,0.022263559,616.00073,-276.22467,2384.9292
9.999759,-0.005979341,0.99842924,-0.005343838,0.05545087,614.11566,-284.10593,2384.9663
9.985243,-0.007552995,0.9976644,0.004961197,0.06770638,613.4549,-276.71585,2388.2512
10.032406,-0.009681663,0.99667704,0.008647719,0.08041322,612.87103,-270.30524,2385.139
10.01457,-0.007323559,0.9971057,0.014765007,0.07422082,612.2505,-278.30197,2386.196
10.017869,-0.0090411045,0.9935017,0.024381865,0.11080684,612.27356,-285.89294,2379.6365
