13.377285,0.0,0.0,0.0,0.43301272,738.0226,-58.519135,2121.6194
13.937923,0.0,0.0,0.0,0.43301272,726.81665,-37.047607,2093.6418
14.232216,0.0,0.0,0.0,0.43301272,720.4935,-10.545624,2072.7573
13.941249,0.0,0.0,0.0,0.43301272,704.88446,78.46826,2021.1821
14.078735,0.0,0.0,0.0,0.43301272,697.3725,214.69421,1993.2712
14.293229,0.0,0.0,0.0,0.43301272,707.8674,288.4972,2001.5286
13.965908,0.0,0.0,0.0,0.43301272,734.7384,433.19153,2045.457
14.164156,0.0,0.0,0.0,0.43301272,736.35693,485.80173,2062.548
14.02756,0.0,0.0,0.0,0.43301272,758.7082,578.233,2119.075
13.9434185,0.0,0.0,0.0,0.43301272,765.3995,628.15063,2164.1958
13.551619,0.0,0.0,0.0,0.43301272,777.6928,662.37006,2207.676
13.443834,0.0,0.0,0.0,0.43301272,783.9861,688.6644,2239.753
14.111329,0.0,0.0,0.0,0.43301272,776.46783,692.98175,2242.001
14.289062,0.0,0.0,0.0,0.43301272,772.4798,676.8696,2222.953
14.166358,0.0,0.0,0.0,0.43301272,750.0592,620.66455,2163.6033
14.249277,0.0,0.0,0.0,0.43301272,726.99744,496.79175,2082.6045
14.46154,0.0,0.0,0.0,0.43301272,717.9856,439.4788,2046.1482
14.71904,0.0,0.0,0.0,0.43301272,696.89636,320.5447,2009.0197
14.521154,0.0,0.0,0.0,0.43301272,701.577,180.52802,2004.9666
14.4705925,0.0,0.0,0.0,0.43301272,697.14545,117.381714,2016.8076
14.173756,0.0,0.0,0.0,0.43301272,710.94226,29.36467,2054.7385
14.222306,0.0,0.0,0.0,0.43301272,718.9926,-3.26091,2075.3223
