8.602122,0.0,0.0,0.0,0.43301272,642.3881,32.43393,2290.2554
8.68511,0.0,0.0,0.0,0.43301272,641.56067,53.874924,2289.891
9.047436,0.0,0.0,0.0,0.43301272,634.91705,75.97803,2278.745
9.395993,0.0,0.0,0.0,0.43301272,630.99786,100.86659,2284.855
9.321705,0.0,0.0,0.0,0.43301272,625.51196,78.28592,2295.3186
9.013761,0.0,0.0,0.0,0.43301272,624.74713,61.366623,2307.206
8.9592,0.0,0.0,0.0,0.43301272,624.82056,48.368286,2318.507
9.0466795,0.0,0.0,0.0,0.43301272,625.7334,44.80188,2335.3809
9.120466,0.0,0.0,0.0,0.43301272,626.76154,33.80005,2342.018
8.939714,0.0,0.0,0.0,0.43301272,623.2134,25.220612,2339.231
8.988483,0.0,0.0,0.0,0.43301272,622.0255,20.9346,2341.374
9.023775,0.0,0.0,0.0,0.43301272,620.03076,24.181946,2350.7632
8.999679,0.0,0.0,0.0,0.43301272,615.14417,27.687317,2356.3325
9.180778,0.0,0.0,0.0,0.43301272,619.3191,23.927246,2391.6716
9.2328415,0.0,0.0,0.0,0.43301272,632.1179,87.29678,2373.3591
9.013799,0.0,0.0,0.0,0.43301272,643.1455,109.58984,2357.4973
9.012366,0.0,0.0,0.0,0.43301272,640.30884,141.57217,2337.988
9.051912,0.0,0.0,0.0,0.43301272,633.67883,168.85301,2308.9006
9.347313,0.0,0.0,0.0,0.43301272,631.16516,200.87593,2283.1226
9.30983,0.0,0.0,0.0,0.43301272,623.0944,169.08473,2224.3684
9.045368,0.0,0.0,0.0,0.43301272,637.10004,118.1087,2243.1836
8.983832,0.0,0.0,0.0,0.43301272,635.9418,57.01068,2251.5515
9.111666,0.0,0.0,0.0,0.43301272,639.4228,10.23703,2262.5647
9.069136,0.0,0.0,0.0,0.43301272,646.8203,14.643402,2279.9912
