13.377285,0.0,0.0,0.0,0.43301272,502.83972,-761.23883,2319.696
13.937923,0.0,0.0,0.0,0.43301272,507.11475,-774.79034,2325.786
14.232216,0.0,0.0,0.0,0.43301272,505.42752,-769.4547,2323.7449
13.941249,0.0,0.0,0.0,0.43301272,509.8167,-770.76556,2330.996
14.078735,0.0,0.0,0.0,0.43301272,508.69873,-768.6666,2328.7085
14.293229,0.0,0.0,0.0,0.43301272,505.78967,-766.4081,2330.224
13.965908,0.0,0.0,0.0,0.43301272,505.86307,-770.2627,2322.8247
14.164156,0.0,0.0,0.0,0.43301272,506.27533,-770.99524,2322.2456
14.02756,0.0,0.0,0.0,0.43301272,510.30182,-764.95306,2325.8662
13.9434185,0.0,0.0,0.0,0.43301272,509.06525,-768.09143,2323.8586
13.551619,0.0,0.0,0.0,0.43301272,510.85516,-765.98376,2331.4387
13.443834,0.0,0.0,0.0,0.43301272,509.58832,-768.12195,2327.8215
14.111329,0.0,0.0,0.0,0.43301272,508.97766,-767.0609,2325.0044
14.289062,0.0,0.0,0.0,0.43301272,509.2186,-766.6699,2327.672
14.166358,0.0,0.0,0.0,0.43301272,511.9512,-770.61426,2333.85
14.249277,0.0,0.0,0.0,0.43301272,509.85803,-771.6388,2325.8354
14.46154,0.0,0.0,0.0,0.43301272,510.13135,-770.4,2326.1025
14.71904,0.0,0.0,0.0,0.43301272,509.12073,-772.98584,2329.7312
14.521154,0.0,0.0,0.0,0.43301272,509.66626,-766.7691,2330.0542
14.4705925,0.0,0.0,0.0,0.43301272,509.31558,-769.54846,2327.735
14.173756,0.0,0.0,0.0,0.43301272,509.82697,-771.1953,2328.1467
14.222306,0.0,0.0,0.0,0.43301272,508.81085,-768.7309,2327.7468
