17.805649,0.49007803,0.54556197,0.108406715,0.42891496,470.26123,359.69748,2449.7666
15.86735,0.5172931,0.49911696,0.10985302,0.42907533,470.55667,363.58856,2447.5679
15.068889,0.49752474,0.17447075,-0.053102482,0.43344018,462.49835,355.16226,2448.431
14.572247,0.5021305,0.33440474,0.015975751,0.43173772,466.18076,357.0639,2448.0657
14.072056,0.37243223,0.41516995,0.037611954,0.43121415,474.55966,362.15442,2443.5908
13.605504,0.43438643,0.4445925,0.092281766,0.42983508,472.38306,377.422,2453.5417
13.226871,0.37240764,0.45630324,0.077677555,0.43017346,474.6323,374.0259,2451.3157
12.4554205,0.06362572,1.3885587,0.14723939,0.41659302,482.38162,373.98697,2480.6428
12.212067,0.21105659,1.0214832,0.12943313,0.4239482,476.12457,380.43515,2461.923
12.205347,0.34192887,0.7055853,0.09011949,0.42835036,486.35315,398.5476,2461.9548
12.051547,0.18849033,1.076719,0.2018445,0.42137438,476.10324,394.85266,2457.7676
11.843072,0.4617373,0.66377985,0.15692382,0.4271091,488.1864,377.51718,2462.4272
11.724479,0.48994276,0.67587084,0.1606943,0.42690757,486.7923,383.17032,2461.3198
11.8673,0.41794407,0.4028076,0.07661072,0.43036628,482.42575,380.4812,2467.7354
11.689696,0.32436746,0.7463496,0.02999207,0.42933178,471.50827,354.13968,2469.9736
11.581738,0.3065819,0.46175614,0.039771587,0.4310134,478.71,354.96613,2474.2688
11.244276,0.32486197,0.6345788,0.08402258,0.4290227,477.10928,354.33398,2473.9382
