14.781892,1.1673994,-0.121822566,-3.1419587,0.420786,132.79272,342.0287,2212.7654
14.451536,0.61802423,0.6816347,-3.3553536,0.4371679,309.04288,342.63538,1792.727
14.288405,1.2422174,-1.8948165,-1.9347667,0.3958562,242.25432,370.64407,2166.3289
14.012251,0.56771195,-0.41010663,0.6811217,0.21351536,482.98053,255.6388,1758.7023
14.232636,0.62907296,-0.6183889,0.28238147,0.37699214,334.28894,294.9342,1985.9419
14.481715,0.8402056,-0.5373657,0.03197058,-0.065349676,539.2954,286.14532,1830.1782
13.976187,0.83293587,-0.5387472,0.025355438,-0.12380008,619.1387,262.78207,1910.5896
13.931466,-0.60741884,0.71497595,-0.19782439,-0.28410769,486.13586,302.37396,2202.5066
14.303198,0.70560354,-0.52384394,0.29174447,-0.3776192,761.1029,257.93253,2065.3875
14.593344,0.6687306,-0.4765441,0.3699429,-0.4345656,744.8863,256.61755,2096.9
14.932209,0.6959994,-0.44054618,0.41671187,-0.38451928,742.3041,283.96115,2145.0515
14.9725895,-1.3521665,0.8966167,-1.2557639,0.29133594,782.1372,256.84198,2302.6965
15.18835,-1.2604914,0.77109635,-1.3599432,0.2987348,785.0133,169.74527,2393.109
15.311788,0.69226664,0.99942505,-0.73492056,0.2825122,779.0161,188.5362,2457.2195
15.586428,0.23302934,0.6988641,-0.6655817,0.11952919,723.25714,209.0581,2537.773
15.5903425,0.31730002,0.69818336,-0.6349756,0.093094975,703.96796,245.94656,2532.6401
15.795104,-0.63978547,0.73441046,-0.15974253,0.1606173,722.74146,297.0254,2647.0208
15.846544,-0.59843683,0.66967577,-0.3467487,0.27050504,552.72266,178.86551,2452.7007
15.996715,0.6275657,-0.5058651,0.45817506,-0.37461635,584.0279,239.43765,2483.4834
15.973175,-0.4167735,0.7194505,-0.47168538,0.29360473,526.15924,268.3506,2433.0195
15.931014,-0.33426526,0.68242127,-0.55610293,0.33662647,511.8736,241.72006,2458.0042
15.161701,-0.13918085,1.2194223,-1.6821721,0.31044558,370.64154,249.10947,2551.4856
15.246115,-0.30192026,1.0431585,-1.1324136,0.25137612,364.67422,217.018,2506.8262
14.771768,-0.25689265,0.6747375,-0.5800868,0.37714025,302.48425,258.13565,2469.7742
14.818722,-0.22088253,0.6394793,-0.61638856,0.40291724,300.13043,223.97537,2482.1204
14.340679,0.46855304,-0.5125577,0.5564057,-0.45624042,146.92488,158.8771,2468.581
14.260736,-0.50682473,1.2233765,-1.2056373,0.25968218,146.9408,200.51913,2494.306
14.384395,-0.59359956,1.3732606,-1.4351162,0.28604496,129.55948,229.76819,2502.25
14.27656,-0.5103477,1.5872095,-1.9450765,0.33427167,73.61438,240.20026,2532.251
14.483469,-0.42836252,1.6347487,-2.1535583,0.3517399,60.43558,247.20297,2538.206
14.183816,-0.35059658,1.5790236,-2.631111,0.3877564,45.769608,288.62994,2560.15
