13.858606,-0.07431582,1.1474383,-3.01972,0.40708366,725.69055,216.06789,2523.484
14.053223,0.3974522,1.4925779,-1.8301882,0.33630887,615.0003,140.91187,2526.5369
13.824879,0.2761954,0.92516655,-3.265184,0.42563203,627.2208,105.18088,2538.6135
13.837693,1.8034513,-1.0324807,-2.1069162,0.37240106,539.855,-65.30719,2515.4768
13.909899,-0.4556132,0.7649788,-1.8904685,0.33109534,337.76904,228.86127,2386.5386
13.901978,0.50284535,-0.5759594,0.58613336,-0.2680766,338.0913,196.60522,2393.0273
14.188296,-0.3897365,0.70295787,-0.55214405,0.22156845,345.6364,173.34769,2385.2905
14.501185,-0.3334827,0.6725077,-0.57975554,0.31686914,311.96313,155.55585,2398.5864
14.714737,-0.41926363,0.71046305,-0.39273998,0.40646726,252.18532,124.14136,2452.4321
14.565803,0.7755861,-0.84332097,-1.5271653,0.29932353,262.3563,139.2036,2556.905
14.838987,-0.25384435,0.61679125,-0.58431643,0.46228325,231.02295,216.6138,2463.436
14.449162,-0.47658074,1.52516,-1.6796603,0.31060123,201.71541,245.75397,2488.3328
14.679895,-0.4538942,1.6125766,-1.8920759,0.33045164,178.52615,229.1886,2500.5142
14.988086,-0.48686507,1.587581,-1.8769184,0.32865846,154.23088,243.12906,2485.974
15.247318,-0.6403126,1.5671345,-1.9671421,0.33661795,156.45767,259.5014,2456.5776
15.296291,-0.59101444,1.5903013,-2.1009653,0.3474156,149.58488,262.45847,2452.9565
15.466035,-0.44953918,1.6429558,-2.219196,0.35727113,134.93228,247.16473,2429.0403
15.220661,-0.2568861,1.6189651,-2.4733279,0.37584794,120.16694,251.31116,2416.6978
15.059316,-0.0676433,1.5796771,-2.659502,0.38958356,107.39566,248.88321,2395.356
14.595927,0.16578202,1.363981,-2.9646847,0.4092615,100.515015,242.28723,2388.2283
14.745287,0.06307962,1.269321,-3.0145264,0.41007572,97.67285,233.1481,2399.5383
14.385659,0.6989234,0.8921975,-3.2075927,0.42544615,46.51535,249.64441,2367.944
14.323638,1.0973855,0.37944412,-3.2787313,0.43655187,31.417793,264.88718,2357.9783
13.858341,1.5303953,-0.29526785,-3.0348709,0.42819232,11.538869,296.03613,2276.565
13.61242,1.8089269,0.103679344,-2.9070346,0.431497,-42.718338,342.0653,2359.8774
13.314585,1.7566576,-1.286997,-2.2664688,0.39747086,-44.14518,323.59927,2324.1973
12.387154,-0.4402555,0.6267887,0.14281067,-0.6268302,-37.953026,326.6231,2306.1062
12.414446,-0.42900342,0.6282633,0.16302396,-0.6282232,-107.50187,322.0091,2355.6995
12.167519,-0.42352226,0.6294087,0.16904652,-0.6292034,-105.69247,312.89404,2356.4988
