14.036164,0.30533484,0.6765065,-0.4905058,-0.45663294,-51.999268,266.82608,1842.4227
14.286329,0.32157043,0.65308434,-0.50628525,-0.46232948,-24.531973,283.73132,1844.7987
14.476127,0.3977385,0.69138247,-0.41271332,-0.43984327,82.31826,296.22034,1822.8545
14.8132305,0.3958368,0.6505539,-0.49717826,-0.41582048,163.18027,268.01443,1793.1687
14.985851,0.47542447,0.80575895,-0.24056786,-0.25855586,196.02237,295.8869,1768.2717
15.261363,0.37039202,0.6824371,-0.54194087,-0.3215421,287.82233,207.14832,1744.0312
15.324497,0.38852426,0.70446765,-0.51435196,-0.2970122,310.01428,238.24207,1744.5028
14.734837,0.3524764,0.68139094,-0.5522677,-0.32629293,466.29892,299.65503,1973.1195
14.775433,-1.0306782,-0.9390239,0.61134726,0.2605492,380.3938,213.41553,2272.7688
14.933939,-1.0686693,-0.8974961,0.663647,0.26371875,392.66357,236.67331,2270.2273
14.743669,2.7089336,1.0887842,-1.0382749,0.38960993,649.0223,251.85995,2008.0459
14.845893,1.0973792,0.8568617,-0.20386957,0.3020829,467.79724,233.5192,2121.9578
14.498353,1.7226375,1.0232337,-0.32546592,0.3319808,557.5681,276.90808,2098.541
13.862725,1.1014311,1.1639401,0.64940834,0.26103964,443.34055,241.59485,2367.8787
13.491729,1.0401958,1.035336,0.7097672,0.25624037,441.6104,222.60684,2406.6462
13.171459,1.1666533,1.1189412,0.74025834,0.26572436,453.9141,251.83432,2408.9917
13.184785,1.2915897,1.1354009,0.8723422,0.27366534,476.39365,249.61087,2441.3296
13.321364,0.47967416,0.5534893,0.4552096,0.50630665,480.38184,167.83539,2464.3176
13.586527,1.028577,0.42327714,1.7810849,0.26396856,586.51215,181.96115,2629.1646
13.53034,1.2533345,0.98893213,-2.6503458,0.4020194,552.88434,225.97578,2654.8345
13.688552,-0.3797772,2.1343591,-1.4990536,0.32963493,544.5282,200.44736,2616.5225
13.661166,1.5401791,1.1719239,-2.5756125,0.40846476,604.3692,217.73267,2659.619
13.7812,1.8963768,1.4060048,-1.8629262,0.38971522,592.4318,215.29349,2714.0532
13.908424,1.8049045,1.5694488,-1.1256192,0.35968274,592.76825,217.8447,2751.327
13.433309,1.8224691,1.5251397,-0.78038013,0.34846812,515.1625,213.30832,2792.3066
13.470105,1.7247653,1.3597552,0.20747891,0.31486025,441.99854,193.92029,2819.4583
13.638269,0.19989584,-0.5890721,0.68702626,0.37554032,334.72818,122.208374,2915.6047
13.417491,2.2068791,1.4053354,0.7166382,0.33955836,343.3789,127.165924,2913.4265
13.669213,1.0215337,1.3261855,1.6802857,0.33629245,248.08025,291.02386,2955.6436
13.587378,0.48992503,0.71754044,0.33443683,0.36504972,90.505775,239.30096,2939.53
