21.246737,-0.5016994,1.4742832,0.387492,0.40286344,455.52454,-313.8417,2350.022
20.64267,-0.514287,1.3715808,0.34809482,0.40700436,472.72925,-348.63385,2385.1777
19.789127,-0.3909576,0.5954951,0.4368071,0.4192013,391.8625,-441.24457,2441.9275
19.41776,-0.5006747,0.6777129,0.40464118,0.41855922,469.77267,-427.6124,2412.633
18.737991,-0.11080383,0.99131984,-0.051162556,-0.048887238,432.37088,-310.73303,2555.0356
17.729355,-0.029844573,0.9600588,-0.039745178,0.27534834,396.13223,-321.65735,2650.4578
17.603184,0.10760193,0.96114606,-0.05115087,0.24900489,377.4907,-317.35382,2618.7644
16.776747,0.086175434,0.9316147,0.049106807,-0.3496516,243.2943,-375.16888,2682.5657
16.341806,-0.039393414,0.9604404,0.058468588,-0.2694138,159.49376,-316.61035,2735.1052
16.277693,-0.040170025,0.9509498,0.0708859,-0.29842266,158.00037,-332.5119,2746.6387
15.367527,-1.1601188,1.8067896,0.11092307,0.38249072,60.73807,-309.55402,2818.525
15.354074,-1.0399947,1.7612528,0.19569223,0.38633192,45.423523,-302.1624,2816.3506
14.794107,0.18423602,0.96038723,0.20011058,-0.06057403,-4.6460915,-384.30933,2741.7026
14.792313,-0.12460684,0.9818289,0.14147952,0.021646984,-14.447776,-364.90387,2812.756
14.875956,0.1273773,0.98754364,0.08778147,0.02875682,-94.527374,-371.51794,2639.9753
14.731158,0.037338253,0.99192584,0.09541322,0.07473506,-129.59846,-355.56558,2670.9424
14.849989,-0.06532821,0.65880936,0.12839216,0.73838866,-224.02995,-387.7625,2669.3455
14.94005,-0.33065134,2.2547734,0.3529143,0.31078547,-309.90976,-330.4552,2534.5576
14.420685,-0.0037084478,-0.5795879,-0.60238904,0.4421847,-377.10907,-308.8676,2468.4106
14.448154,0.020720925,-0.45411602,-0.5425564,0.44190684,-391.6899,-309.9824,2447.0637
14.00748,0.3765974,-0.038227502,-0.6321053,0.44409627,-415.8607,-297.95566,2392.1716
13.734847,0.15572429,-0.74600774,-0.44055858,0.43773723,-446.3425,-304.89572,2353.8254
13.828272,-0.1311872,-0.8034497,-0.25263557,0.43441355,-463.656,-286.90472,2311.8875
13.84709,-0.37062228,-0.6987801,-0.22950067,0.4350241,-466.273,-309.59146,2294.664
13.906492,-0.41829747,-1.1626359,-0.13653839,0.42818734,-470.79825,-311.29587,2291.8586
14.236022,-0.56134975,-1.6105576,0.022706201,0.4160707,-475.66684,-297.9298,2268.7026
14.142363,-0.57551795,-1.8638878,0.05576695,0.4076395,-476.0092,-302.0817,2276.121
14.055465,-0.6493765,-1.8032509,-0.008474161,0.4115345,-461.3845,-291.4344,2264.364
13.645187,-0.80113375,-1.9467084,-0.26153982,0.41309527,-416.95697,-306.7582,2206.8018
13.662698,-1.1179861,-2.4008236,-0.5435916,0.39375022,-314.77936,-318.93362,2127.3398
13.764053,-1.5327293,-1.136479,-1.2491626,0.4428722,-167.93193,-247.83855,1933.5673
13.933035,0.13709249,0.8212468,0.23290354,-0.5025087,-77.66043,-400.77185,2017.0852
14.147218,-0.35271072,-2.1635098,-0.5376071,0.40895754,42.42818,-241.24544,1864.5974
14.428141,0.070497595,0.9462294,0.25479692,-0.18643644,-32.80414,-361.76273,2099.3933
14.839288,-0.52005345,-1.7044861,-0.47291967,0.25109974,35.908722,-346.65698,2107.9478
14.947974,-0.20614393,-2.5421739,-0.4065932,0.3647839,233.19847,-257.55957,1895.5906
