12.990934,-0.81549144,-2.5022006,-1.0584693,0.39273915,280.96484,-279.90793,1908.379
12.886156,-0.17701495,0.850706,0.37964195,0.31754845,211.5379,-356.55505,2159.1516
13.083347,-0.13808578,0.8462686,0.32880786,0.39578673,213.53336,-377.9926,2121.0474
12.961376,0.189696,0.8700721,-0.08157799,0.44758788,276.46106,-364.09317,2115.5464
12.896429,0.2699396,0.77883923,0.21861945,-0.5222524,411.47382,-531.572,2140.9866
12.985963,-0.7060824,-1.9403805,-0.5524604,0.28046495,415.1156,-460.80884,2316.971
12.896182,-1.1513916,-2.0685227,-0.14352529,0.40439734,663.1155,-360.86627,1957.2821
12.906606,0.24498695,-1.923653,-0.44780543,0.41230178,549.60626,-204.56331,2071.273
13.105565,0.3036655,-2.453063,-0.5668587,0.37166578,672.38293,-229.58409,1918.1487
12.698282,-0.32413504,-2.553991,-0.6289676,0.37442064,735.3619,-357.55084,1935.4313
12.777515,-0.0020348306,0.95553,0.29381406,0.02513059,649.8157,-344.4543,2140.3142
12.762603,-0.006340031,0.95714355,0.28646025,0.042148024,665.9968,-347.25418,2135.0742
13.186601,-0.059101716,0.90095717,0.41577506,0.10915194,570.40594,-369.13174,2275.0999
13.12022,-0.08092182,0.9403653,0.23199618,0.23524997,577.9157,-361.80927,2289.1501
12.964694,-0.18155952,0.9157466,-0.12302198,0.33661547,582.68854,-425.18958,2326.0825
13.090571,-0.1408899,0.9139123,0.15435866,0.34797662,576.24524,-418.1792,2424.4573
12.760384,-0.042384584,0.81453866,0.21375619,0.5376231,561.15344,-461.2029,2398.786
12.8356085,-0.108393915,0.93305147,0.3199358,0.12371997,575.8329,-436.13535,2466.0178
12.878232,-0.11584555,0.93147945,0.32930714,0.10238412,567.96716,-402.70822,2490.262
12.754685,-0.11852572,0.8672056,0.37617433,0.303972,321.7483,-357.6449,2531.1577
12.9848995,-0.96284336,2.0559669,0.18635955,0.3617995,430.27454,-379.0227,2647.7195
13.014079,-0.49921378,2.2259035,0.3031421,0.35224846,287.2082,-331.34857,2504.6582
13.1292515,-0.1855644,2.2177348,-0.5147373,0.3994809,303.93182,-371.97992,2583.207
13.236964,-0.19187552,2.3766346,-0.6839259,0.39023706,316.4251,-341.17743,2567.2234
13.260509,-0.26365924,2.019234,-0.4349622,0.4075755,230.3503,-377.94565,2589.2322
13.338024,-1.6109918,1.7022058,0.2977955,0.35068,183.47447,-344.78003,2567.2449
12.992167,-1.1539726,1.9238698,0.20490214,0.36666727,34.940353,-333.90216,2665.6125
13.093,-0.51313215,2.2361627,-0.022028992,0.37292847,-14.730057,-373.888,2655.6726
13.352517,-0.34140232,2.2902498,-0.52131784,0.39086223,-171.75153,-390.7456,2604.4714
