8.833505,0.0,0.0,0.0,0.43301272,563.46564,90.45209,2403.4817
8.859935,0.0,0.0,0.0,0.43301272,369.13226,40.67563,2181.88
8.827078,0.0,0.0,0.0,0.43301272,254.68831,18.016129,2296.724
8.892665,0.0,0.0,0.0,0.43301272,275.3849,98.86001,2270.64
8.830854,0.0,0.0,0.0,0.43301272,253.3119,-4.7987823,2320.1765
8.8788395,0.0,0.0,0.0,0.43301272,251.89081,471.43362,2467.7634
8.935155,0.0,0.0,0.0,0.43301272,339.43826,452.98383,2308.6868
8.995915,0.0,0.0,0.0,0.43301272,342.41266,400.40076,2291.6958
8.935564,0.0,0.0,0.0,0.43301272,300.17496,-57.65558,2271.103
8.9723425,0.0,0.0,0.0,0.43301272,281.6091,62.50482,2186.0684
9.040467,0.0,0.0,0.0,0.43301272,228.71573,84.458755,2114.5876
9.024051,0.0,0.0,0.0,0.43301272,196.84882,93.70111,2063.6885
8.962848,0.0,0.0,0.0,0.43301272,167.61371,106.07128,2002.7231
8.998889,0.0,0.0,0.0,0.43301272,165.27498,64.97649,1995.2961
8.981937,0.0,0.0,0.0,0.43301272,270.47003,103.005905,2118.0947
8.985733,0.0,0.0,0.0,0.43301272,219.34497,23.080109,2119.1633
8.901096,0.0,0.0,0.0,0.43301272,252.18182,123.544464,2082.6587
9.219585,0.0,0.0,0.0,0.43301272,203.11923,19.391113,2119.0444
9.335387,0.0,0.0,0.0,0.43301272,175.42302,152.36511,2180.1956
9.435284,0.0,0.0,0.0,0.43301272,241.789,-66.0728,2161.9128
9.455745,0.0,0.0,0.0,0.43301272,237.8001,-46.126434,2214.7083
9.369925,0.0,0.0,0.0,0.43301272,259.77646,226.93372,2021.235
