14.036164,0.0,0.0,0.0,0.43301272,-72.153404,49.3692,2474.571
14.286329,0.0,0.0,0.0,0.43301272,-45.041473,74.06177,2473.283
14.476127,0.0,0.0,0.0,0.43301272,-46.280785,94.9776,2471.6802
14.8132305,0.0,0.0,0.0,0.43301272,116.413475,131.13733,2483.6611
14.985851,0.0,0.0,0.0,0.43301272,356.91684,-178.87465,1836.5604
15.261363,0.0,0.0,0.0,0.43301272,334.78,181.39029,2414.7847
15.324497,0.0,0.0,0.0,0.43301272,333.11105,175.08691,2415.6072
14.734837,0.0,0.0,0.0,0.43301272,475.6132,25.952423,1684.1167
14.775433,0.0,0.0,0.0,0.43301272,426.0583,-158.27686,1766.7169
14.933939,0.0,0.0,0.0,0.43301272,453.43954,-131.50452,1754.5885
14.743669,0.0,0.0,0.0,0.43301272,829.6485,-33.412903,2069.8606
14.845893,0.0,0.0,0.0,0.43301272,744.6709,-125.61838,2124.868
14.498353,0.0,0.0,0.0,0.43301272,933.83655,-5.233032,2181.8608
13.862725,0.0,0.0,0.0,0.43301272,892.0511,-28.846954,2306.606
13.491729,0.0,0.0,0.0,0.43301272,914.13684,-45.144043,2369.7534
13.171459,0.0,0.0,0.0,0.43301272,915.0196,-18.560974,2444.0425
13.184785,0.0,0.0,0.0,0.43301272,902.29663,-37.721313,2487.9326
13.321364,0.0,0.0,0.0,0.43301272,631.28564,26.39798,2308.6147
13.586527,0.0,0.0,0.0,0.43301272,565.82416,282.84827,2270.2627
13.53034,0.0,0.0,0.0,0.43301272,638.4127,32.28209,2532.5642
13.688552,0.0,0.0,0.0,0.43301272,481.31033,74.11194,2452.4624
13.661166,0.0,0.0,0.0,0.43301272,561.4737,-401.4933,2467.3286
13.7812,0.0,0.0,0.0,0.43301272,642.5033,-501.21762,2579.8586
13.908424,0.0,0.0,0.0,0.43301272,456.3062,-377.93808,2533.3726
13.433309,0.0,0.0,0.0,0.43301272,262.79886,-97.63635,2444.8455
13.470105,0.0,0.0,0.0,0.43301272,226.0008,-41.803238,2413.9348
13.638269,0.0,0.0,0.0,0.43301272,177.70718,-55.051727,2396.7068
13.417491,0.0,0.0,0.0,0.43301272,77.80385,-93.163864,2410.735
13.669213,0.0,0.0,0.0,0.43301272,154.50188,-258.6147,2382.21
13.587378,0.0,0.0,0.0,0.43301272,47.497055,-112.161285,2412.6333
