9.167058,-0.19845866,0.45103446,0.5513859,0.67316836,50.37274,499.1688,2651.3918
9.237815,0.57966477,0.17149697,2.1050694,0.277807,22.93205,478.26703,2635.8137
9.330341,-0.18991762,0.5193282,1.9900558,0.25988457,-21.854416,495.84995,2630.4824
9.367405,-0.010633277,0.38132802,0.64920384,0.65803516,-76.691315,510.14136,2575.0664
9.347849,0.5286822,0.51578504,1.9659886,0.2627117,-119.52478,517.2753,2552.494
9.296429,0.30402496,0.3274719,2.0183525,0.25869814,-171.62692,516.91956,2507.9426
9.118296,0.22613445,0.086116776,2.0976808,0.26567814,-245.22311,530.3053,2459.7087
8.945287,0.081872284,0.34809563,2.0532603,0.26172823,-268.97504,539.2403,2372.8223
9.010148,0.14871247,-0.05192962,2.115755,0.26771057,-277.1752,525.0752,2290.2686
9.056938,0.13253908,-0.15009883,2.080125,0.2625921,-273.4795,527.31934,2266.6787
9.088888,-0.48429435,0.1629032,2.0605063,0.2675848,-241.36533,541.1638,2156.1648
9.065234,-0.13275388,-0.40925577,2.0425873,0.2621633,-232.59067,540.2405,2120.62
8.879811,-0.72110534,-0.38335642,2.0561526,0.27961162,-162.87268,552.87244,2035.6521
8.925156,-0.10469005,-0.69883525,1.9176202,0.256233,-155.5924,564.81525,2029.1307
8.935937,-0.65670955,-0.609844,1.973934,0.2719697,-126.545296,541.16864,1945.7872
8.960617,-0.9990519,-0.96437794,1.6756309,0.27238515,-77.025276,549.6682,1854.5288
9.0372305,0.32780382,0.554683,-0.43599236,-0.6283169,-13.307931,510.4118,1791.0531
9.08009,-1.242114,-1.4019737,1.2271476,0.28233153,96.590935,512.98926,1774.5118
9.120919,-1.046007,-1.4030128,0.8933574,0.25938246,130.51527,510.7209,1767.8586
9.180783,-0.061341293,-0.39588207,0.71348786,0.5748476,52.98172,354.10568,1735.3179
9.216965,0.27487049,0.57387793,-0.55630076,-0.53445286,182.39075,507.1572,1789.6246
9.211495,0.37913492,0.6279947,-0.47720942,-0.4838908,252.79927,508.96747,1777.3092
9.13781,0.51680964,0.65752476,-0.2901961,-0.46513999,359.98184,510.1599,1813.4111
9.093024,0.66457856,0.6914287,0.27729568,0.058040824,387.24078,515.2242,1841.7941
9.044512,-0.38254395,0.04935945,0.63797545,0.6664916,297.8129,455.4088,2044.7776
