8.239379,-0.23476766,0.6640688,0.041567508,-0.7086354,440.51562,584.0916,2442.0615
8.083913,0.38165098,1.9326069,0.7064266,0.26228255,427.83356,419.76337,2313.2578
7.823269,-0.00941239,0.7830994,0.15215859,0.6029162,300.15143,494.56525,2489.4512
7.6801043,-0.17294091,0.94139117,0.028925972,-0.28815645,256.88272,414.96716,2508.6802
7.502024,-0.59010106,1.940663,0.37633196,0.2635272,152.49657,563.0038,2597.5378
7.897023,-0.51942694,2.03303,0.20546255,0.26856607,64.58186,522.0759,2596.203
7.975423,-0.19375917,0.62758315,0.085895486,0.7491425,38.39238,521.4474,2586.248
8.167777,-0.74703723,1.971921,0.45656312,0.28186065,5.785832,518.72327,2565.578
8.336838,-0.24642234,1.6900368,0.6124101,0.38982236,-89.588425,490.06628,2476.7227
8.162842,-0.63081443,2.2060504,0.17241424,0.3066665,-148.54314,514.5718,2426.6794
8.314493,-0.7232035,2.1671374,0.32043093,0.3440633,-152.78526,516.52386,2418.3628
8.451042,-0.4679328,2.1107306,0.172561,0.37837115,-204.60287,551.441,2357.2883
8.584186,-0.41266045,1.5112402,0.24302258,0.40718013,-211.49422,532.5064,2330.9436
8.6994295,-0.4855991,1.2039875,0.0184918,0.4200546,-233.74622,543.20264,2297.3865
8.3408,-0.7799178,0.5745833,0.11414227,0.42500055,-289.3878,557.17834,2198.6309
8.440568,-0.42686123,0.53060067,-0.2331695,0.4347529,-335.70767,581.8384,2137.0774
8.5354805,-1.6315591,0.071161285,-0.48734978,0.43344852,-338.75677,563.8883,2071.3574
8.673858,-1.3202904,-0.33689767,-0.4620689,0.43716016,-338.85327,568.6312,2041.3373
8.815228,-1.1145568,-0.43368483,-0.42642692,0.43776327,-333.73648,570.18616,2021.0223
8.543765,-1.003801,-0.33503917,-0.44574136,0.43884146,-316.43658,548.71173,1977.7106
