12.276533,-0.27399793,-2.1075993,-0.012490941,0.2656896,39.26584,311.6585,2104.9805
12.3015375,0.051270306,0.8154472,-0.025084285,-0.5760046,87.96637,321.70428,2096.1863
12.718286,0.009500766,0.7385953,-0.06605748,-0.67083377,167.86606,354.26605,2107.1335
12.923353,0.019782947,0.77197534,-0.051195625,-0.633274,194.7361,316.45062,2117.7031
12.921679,0.0041181217,0.8116623,-0.040701885,-0.58268696,219.4879,320.05872,2129.3423
12.910849,0.43663263,-1.9890424,0.34205565,0.3811801,327.91757,219.77692,2105.4944
12.622896,-0.54978234,2.3933387,-0.6185236,0.33154038,371.37643,153.79002,2064.9092
12.367712,-0.036655605,-2.0164845,0.06600987,0.25227016,422.66464,265.0673,2134.578
11.980802,-0.018234158,0.83340883,-0.09715205,0.5437369,544.12244,325.6299,2140.4749
12.788337,-0.17397733,2.1800737,-0.0065469407,0.38701344,534.44464,321.92776,2157.448
12.832252,0.071060225,-2.4264135,-0.6726682,0.31923366,589.2347,385.59344,2148.18
12.695646,0.6587208,1.025911,-0.12960184,0.42978784,568.78577,345.72833,2194.1226
12.701544,0.3749289,1.1866512,0.032695957,0.42406073,568.9343,333.15952,2204.9246
12.957053,-0.0012752081,0.4591323,0.07177683,0.43019035,584.4561,315.8646,2238.5186
13.004536,-0.31124273,-0.19558956,0.033603214,0.43196535,590.42584,226.66577,2334.1777
13.038325,-0.1395905,0.0706548,0.088131845,0.43102053,586.2338,265.35858,2345.6213
13.029911,-0.09502301,0.33246705,-0.0036938607,0.43229765,577.69763,266.9908,2376.9683
13.221342,-0.42186633,1.5092185,-0.21909297,0.4190082,552.9787,298.6777,2431.0535
13.19008,-0.59365785,1.5206742,-0.2888954,0.41844416,518.9692,279.5471,2454.563
13.398358,-0.56707937,-1.8325114,0.0033984482,0.41013166,503.92456,262.68967,2471.1855
13.430478,0.103369884,0.77738756,-0.13217475,-0.6062225,509.57526,181.36212,2541.0696
13.340652,-0.027768135,2.0059624,-0.024668688,0.25079152,491.19464,265.35504,2633.047
13.221158,-0.02159899,0.7161672,-0.0037811561,0.6975798,486.3228,272.91324,2648.7954
13.420441,-0.09584761,2.0540566,0.07555514,0.25784695,472.74493,274.9274,2658.624
13.170708,0.048638295,2.0732954,-0.24396059,0.2611563,395.85275,275.7674,2706.5664
13.300996,0.012667491,0.7272095,-0.06592866,0.68312,379.0674,200.99026,2713.3445
12.711703,0.3475341,2.4968214,-0.1572752,0.32843438,253.18486,279.4984,2665.8137
12.43664,0.25136548,2.3222058,-0.12961571,0.29424784,221.98096,272.96597,2678.848
12.484202,0.177755,2.037697,-0.061807625,0.2560044,201.60141,279.47354,2668.6392
12.622105,0.04577988,0.7445074,-0.0077366033,0.66599286,172.13322,293.52576,2657.0134
12.982078,0.05310785,0.7653724,-0.013484168,0.6412454,148.55663,298.45343,2654.1157
13.030888,0.034159742,0.76876605,-0.02295397,0.6381989,111.943405,273.89825,2652.7988
