12.183795,0.41496798,-0.2770826,2.1338131,0.28332838,58.38875,268.76895,2223.789
11.892667,0.46815047,-0.26494056,2.135432,0.28597924,57.607006,271.79596,2226.7976
11.883695,0.4937916,-0.24459995,2.1366045,0.28681803,58.301826,276.39838,2228.411
12.01842,0.4990798,-0.20289792,2.139367,0.28603214,56.640396,272.20636,2227.2166
11.78217,0.47729236,-0.1714952,2.1418345,0.28432977,47.890617,265.3956,2225.9368
11.800438,0.4826774,-0.1866787,2.1385832,0.28425035,48.94261,271.2006,2227.4666
12.105868,0.53714174,-0.18736723,2.1321495,0.28556567,53.99005,276.58636,2228.2288
11.800201,0.4043804,-0.22130795,2.158808,0.28763384,55.723274,275.32925,2218.1614
11.91807,0.41954368,-0.20889185,2.1494987,0.28496996,58.88548,278.14914,2217.0955
11.994505,0.4506863,-0.16441804,2.1447527,0.28355366,60.809013,282.33743,2219.7373
11.764029,0.76979196,0.18525314,2.0646064,0.27985555,57.04833,286.90985,2225.7737
11.871296,0.5046263,0.12598701,2.1261125,0.2785331,50.707657,282.6101,2223.3086
12.004469,0.4291605,0.10369977,2.1395886,0.27844742,47.370842,245.56421,2222.4683
11.753414,0.28426898,-0.030889288,2.1213279,0.27081007,52.43679,266.18335,2256.757
11.760348,0.20310049,0.065759294,2.0879183,0.2636828,61.217022,240.64651,2245.5718
11.890111,0.1603491,0.081918724,2.1090217,0.26668587,62.578598,273.05844,2248.8438
11.837319,0.093054146,0.20317581,2.073137,0.2617247,68.43788,241.11273,2239.965
11.702319,0.21841937,0.28873923,2.1050754,0.26980123,83.21582,163.22739,2285.961
11.84005,0.02424046,0.15370841,2.108668,0.26654482,65.11205,243.23358,2252.4185
11.636646,-0.036120236,0.27681583,2.0886428,0.26561213,69.71103,245.42719,2233.179
11.601326,-0.21377046,0.030227762,2.0441062,0.25731,42.646248,272.8047,2229.9827
11.520588,-0.0317817,0.26789877,2.1139872,0.26982853,62.283123,235.60995,2225.997
11.689379,0.29017043,0.41171834,2.1342797,0.28108916,73.11939,199.89047,2225.4512
11.919364,0.9581778,0.70860845,2.0023084,0.30195898,87.87243,159.29855,2222.3245
12.410047,0.52754277,0.14319353,2.1519985,0.2859261,67.410736,230.03654,2241.5303
13.297948,0.49555752,0.23981014,2.0833097,0.2715648,76.50441,185.72461,2220.171
13.810074,0.15186352,0.089970745,0.7112293,0.68043786,78.89654,166.36115,2209.859
13.618261,0.14558575,0.09545316,0.75249153,0.6351772,74.15665,163.56592,2204.3992
13.580672,0.14603692,0.10490816,0.7772594,0.60293895,69.98419,163.40604,2200.2915
13.052515,0.17052783,0.08623443,0.76293087,0.61759233,62.788067,188.56024,2197.722
12.941203,0.18676825,0.06599272,0.7465461,0.6351626,58.528923,203.14612,2197.767
12.977068,0.2064328,0.04964886,0.711284,0.67007136,57.25615,233.75061,2204.715
