13.497991,-0.17789623,1.2795236,0.044585712,0.4201171,494.50412,-379.20883,2444.005
13.55528,-0.18814671,1.4701191,0.039168343,0.415875,495.47742,-379.58786,2450.807
13.359285,-0.1947666,1.4203398,0.043838706,0.41693172,493.9084,-377.43848,2444.305
13.099092,-0.16594684,1.3991435,0.04438453,0.41761562,493.18063,-351.89502,2449.8691
13.036002,-0.18695603,1.7637875,0.039258566,0.40695986,495.08875,-338.11365,2448.7021
13.0677,-0.091292776,1.8804871,0.15988739,0.3996866,493.09872,-358.52167,2456.1665
12.9169,-0.09096679,1.7653431,0.14092179,0.40491787,492.10007,-357.47705,2464.9648
12.702441,-0.111986905,1.639567,0.14117722,0.4090055,493.14224,-356.3426,2471.9004
12.687476,-0.14745377,1.6176207,0.113152854,0.4101651,490.0075,-356.65222,2455.7349
12.787192,-0.13139683,1.5400108,0.10656004,0.41272116,487.6635,-360.4732,2450.9827
12.639039,-0.13537022,1.470193,0.10972071,0.4144547,489.44614,-357.93622,2457.4233
12.472552,-0.10702708,1.3817109,0.10290834,0.4169364,490.9482,-358.88318,2460.108
12.50845,-0.1259737,1.2368726,0.09367439,0.4200717,491.9751,-365.69135,2459.089
12.591056,-0.13369612,1.210337,0.08151263,0.42082337,493.74332,-362.0749,2460.881
12.426545,-0.15991049,1.2018565,0.076325946,0.42096138,493.41837,-365.39963,2459.303
