15.389774,0.0,0.0,0.0,0.43301272,255.10083,-90.76607,2487.821
15.490698,0.0,0.0,0.0,0.43301272,253.97774,-73.33159,2487.6458
15.585484,0.0,0.0,0.0,0.43301272,252.28416,-65.68376,2483.3906
15.653389,0.0,0.0,0.0,0.43301272,248.80762,-70.2914,2471.363
15.697052,0.0,0.0,0.0,0.43301272,240.54343,-93.81348,2458.92
15.741644,0.0,0.0,0.0,0.43301272,244.78868,-73.33125,2464.981
15.845879,0.0,0.0,0.0,0.43301272,247.31998,-64.582214,2474.6333
15.959257,0.0,0.0,0.0,0.43301272,247.34715,-64.42099,2470.0232
15.205653,0.0,0.0,0.0,0.43301272,287.02255,-47.139236,2401.3364
15.232471,0.0,0.0,0.0,0.43301272,286.78925,-45.55359,2406.5479
14.869087,0.0,0.0,0.0,0.43301272,278.02313,-53.020035,2401.7712
14.426984,0.0,0.0,0.0,0.43301272,268.52557,-37.141846,2443.0105
14.419984,0.0,0.0,0.0,0.43301272,249.63516,-35.222946,2487.3958
14.369294,0.0,0.0,0.0,0.43301272,248.27443,-47.93045,2489.9583
14.254379,0.0,0.0,0.0,0.43301272,245.4195,-70.77231,2478.536
14.521997,0.0,0.0,0.0,0.43301272,247.61882,-43.40718,2504.688
14.340165,0.0,0.0,0.0,0.43301272,263.5074,-1.788208,2542.1716
14.333506,0.0,0.0,0.0,0.43301272,249.7772,-52.51596,2492.1638
14.454713,0.0,0.0,0.0,0.43301272,386.48514,-284.23218,2436.7012
14.2289915,0.0,0.0,0.0,0.43301272,432.1698,456.5127,2161.3213
13.770102,0.0,0.0,0.0,0.43301272,408.58777,504.98492,2210.7917
13.784255,0.0,0.0,0.0,0.43301272,253.82492,-127.7505,2540.3298
13.70043,0.0,0.0,0.0,0.43301272,249.43404,-141.38634,2541.5327
13.578369,0.0,0.0,0.0,0.43301272,245.84485,-144.74086,2514.0588
13.672209,0.0,0.0,0.0,0.43301272,243.1973,-137.14241,2518.4246
13.613204,0.0,0.0,0.0,0.43301272,244.6037,-98.780594,2501.2014
13.674445,0.0,0.0,0.0,0.43301272,240.26363,-94.80391,2495.9524
13.71424,0.0,0.0,0.0,0.43301272,250.00163,-42.670425,2495.301
13.560954,0.0,0.0,0.0,0.43301272,249.97607,-42.638046,2501.7844
12.978956,0.0,0.0,0.0,0.43301272,269.15012,-26.989792,2522.0735
13.3479395,0.0,0.0,0.0,0.43301272,268.30566,-9.505112,2525.574
13.164124,0.0,0.0,0.0,0.43301272,242.76428,-122.96646,2454.7397
12.858394,0.0,0.0,0.0,0.43301272,240.23457,-98.23312,2447.9678
12.589349,0.0,0.0,0.0,0.43301272,246.50363,-75.44394,2460.0305
