13.25109,-0.3461381,0.21646953,2.0127769,0.25724572,303.49426,439.04672,2552.0806
13.373217,-0.3397198,0.20271268,2.0196986,0.25784028,302.3731,430.29132,2553.9773
13.317894,-0.32452452,0.19204845,2.0216043,0.25759786,300.11325,429.57037,2556.2874
13.008776,-0.28340667,0.24587817,1.9864349,0.2528559,295.7089,421.92392,2557.9202
12.838318,-0.27302316,0.24382651,2.0005496,0.25451347,296.3713,425.40045,2556.468
13.576338,-0.4591047,0.106522255,2.0087452,0.25827315,290.85016,426.27173,2542.6333
13.957278,-0.28241852,0.29963788,1.9918188,0.25462726,284.56644,436.1857,2534.4937
14.08062,-0.3216358,0.3607844,1.9748914,0.25464952,293.156,431.62317,2516.8303
14.117734,-0.45553404,0.26964843,1.9752065,0.25603414,303.97504,427.23315,2514.9988
14.187827,-0.6260225,0.0997196,1.9724374,0.25920764,308.37088,402.25415,2499.0303
14.516864,-0.6497496,0.048305422,1.9735333,0.25997368,308.05347,391.67728,2494.8318
14.777397,-0.6479661,0.05976017,1.9790264,0.260678,309.15134,385.07675,2495.0347
15.033008,-1.2379711,-1.4339753,-1.2719893,0.3394113,308.94452,380.39975,2495.3677
15.0058155,-0.8135952,-0.2066887,1.8531115,0.2551817,304.41776,363.37552,2493.958
14.970184,-0.19567026,0.06962896,0.68850493,0.69485676,307.3036,359.9428,2504.1162
14.317306,-0.23658027,0.35735565,0.6045817,0.6714221,302.63785,358.12103,2497.3174
14.321949,-0.19019793,0.2613725,0.62514013,0.7104287,296.99246,356.94012,2501.7646
14.925047,-0.13841794,0.1811544,0.65473413,0.72065717,289.45135,368.03766,2497.5088
15.11295,-0.24888982,0.4378461,1.9606341,0.2535542,291.6302,386.50845,2506.6235
15.474015,-0.14360556,0.20971711,0.6613229,0.7057253,284.66367,419.23407,2514.8894
15.89016,-0.27706823,0.135769,2.0646756,0.26215354,285.2347,413.19812,2511.666
16.225739,-0.50975674,-0.02096065,1.9740322,0.2548651,291.00946,411.58362,2523.416
16.466568,-0.5521588,-0.27853554,1.9666202,0.25769606,295.59897,413.9651,2533.4539
16.508553,-0.4969743,-0.068596505,2.024751,0.261126,292.68674,414.28125,2527.4097
16.671883,-0.06866824,0.20976979,2.0717697,0.26168162,292.74124,429.2369,2552.8396
16.775127,-0.10713115,0.20104103,2.0705705,0.26162532,293.6109,425.49005,2544.761
16.822037,-0.13931051,0.20638914,2.0683107,0.2616763,292.22583,425.43106,2543.4785
16.909346,-0.136648,0.15729178,2.082094,0.26304156,290.4183,425.23248,2534.9402
16.966885,-0.120343305,0.18456677,2.0832748,0.2634745,289.8207,420.67664,2537.489
