16.756542,0.08940984,0.5944627,1.9954647,0.2621704,130.93507,574.4655,2214.3662
16.200926,0.051940493,0.5643136,1.98633,0.25937125,129.99806,575.4692,2217.12
16.337374,-0.004367968,0.2348204,0.6595211,0.71405333,125.6881,572.98096,2210.0442
16.431871,0.023099085,0.20910637,0.66948986,0.71240735,125.69056,569.9739,2217.0317
16.460552,-0.027650315,0.2038231,0.6678748,0.71528655,128.5434,569.24884,2221.8608
15.92901,0.035170507,0.5662045,1.9446843,0.25362656,140.34827,562.4364,2250.3357
16.064657,-0.018102465,0.2091617,0.65879107,0.7224388,135.98454,564.36707,2232.839
16.099617,-0.007313609,0.5653266,1.9454849,0.2537425,136.86212,548.155,2255.4077
15.8216715,0.010896653,0.5692229,1.9493048,0.25438562,140.45654,551.7686,2246.7385
15.642787,-0.005522729,0.53735834,1.9601274,0.25460404,140.9378,555.52045,2249.9917
15.094888,0.029211942,0.57812464,1.9262019,0.25166792,138.47481,557.2623,2244.6912
14.4377,0.071888916,0.5770732,1.9263011,0.25171763,136.50108,561.35675,2239.3293
14.428268,0.10864185,0.587625,1.9352762,0.253468,139.43117,564.6269,2233.027
14.403592,0.033819854,0.63132143,1.9160172,0.25260752,144.07553,575.7587,2212.8452
14.241249,0.019656427,0.62304085,1.9206094,0.2528469,144.61879,574.70404,2209.8281
13.670935,-0.019012976,0.24936295,0.6507324,0.71694064,137.99266,561.6745,2183.5195
13.6518345,-0.033924133,0.26319852,0.65498394,0.7075109,128.9905,549.79205,2172.337
13.525227,1.3902648E-4,0.2682571,0.6520964,0.70908976,129.73885,542.5592,2169.6892
13.134995,-0.112174734,0.6854973,-0.20944613,-0.688217,132.07234,502.0303,2141.2861
13.206337,-0.3865999,0.58390456,-0.47775027,-0.53042483,120.89434,477.03018,2128.7783
12.803975,-0.19483769,0.48126832,0.5787602,0.6288528,125.95297,422.15628,2089.7615
12.781391,-0.13495584,0.4452489,0.5976033,0.6530012,128.90598,424.42984,2085.8098
13.121096,-0.036032915,0.5051867,0.5464574,0.6669875,125.337166,372.43567,2104.195
12.781309,-0.23610422,-0.014651819,-0.29820022,0.2734092,122.02437,383.93243,2088.2136
12.808371,-0.2293768,0.58885837,0.4967929,0.5948351,131.48233,343.3252,2012.0062
12.754903,-1.543902,-1.7685775,0.20153989,0.3087614,89.783646,497.488,2146.7234
12.398918,-1.2217088,-1.3265955,-1.5031157,0.349569,100.6689,445.40656,2104.2463
12.275128,-0.28336185,0.6328985,-0.22466037,-0.68459713,106.95964,443.66437,2183.7146
12.383732,-0.15332778,0.13270861,0.6838706,0.7008567,110.513916,462.15942,2170.9785
12.779585,-0.00835843,0.27567244,0.6511016,0.7071079,120.825584,528.22534,2152.2883
13.503474,-0.038431574,0.25444284,0.65605426,0.70948905,123.52856,543.469,2167.8792
12.982823,-3.316287E-4,0.24583264,0.65881157,0.7110088,123.65393,557.5205,2176.145
12.88231,0.007259152,0.23929864,0.66014725,0.71196145,125.07457,563.8183,2182.8274
12.953962,0.04882911,0.24750699,0.6616993,0.7060524,122.60652,574.14984,2196.235
12.652142,0.06455087,0.2590583,0.6554823,0.7064453,122.53512,574.89465,2197.3667
12.514302,0.04713618,0.24719211,0.6575188,0.7101712,124.99138,578.3124,2202.411
12.255916,0.061441265,0.24412857,0.6591084,0.7086624,124.63222,577.51526,2210.582
12.392942,0.06763371,0.24774182,0.6613463,0.7047487,121.75291,574.09174,2214.1318
12.128712,-0.03520169,0.26059252,0.6663953,0.6976887,120.37466,566.50433,2226.1072
