15.94558,0.031271763,0.028811552,0.7075757,0.705357,61.664204,568.3334,2221.317
15.585654,0.026498118,0.029389879,0.71252173,0.70053333,59.59968,567.8659,2221.069
15.592104,0.023856243,0.03980485,0.71282333,0.69980663,57.32193,550.1977,2212.8865
15.947264,0.033175737,0.039076805,0.711286,0.70103115,59.014107,562.026,2215.9026
16.222725,0.044198237,0.037159223,0.711528,0.700281,59.41656,565.4603,2218.3496
16.003052,0.046362057,0.038447537,0.70974505,0.70187914,60.805096,564.84143,2216.387
15.466368,0.05930977,0.049555276,0.71198356,0.69792986,58.510788,559.4112,2214.5364
15.028927,0.10916099,0.12533605,2.0005875,0.25093764,59.274784,564.8477,2204.7224
14.81628,0.08626792,0.18588571,1.9971898,0.2509657,60.96137,556.52655,2190.179
14.427428,-0.0025944938,0.066797204,0.7028087,0.7082311,64.96266,555.8959,2176.2783
14.897065,0.06567454,0.19569835,0.6814258,0.7021737,66.17638,547.9926,2151.8828
15.462009,0.033537865,0.19895928,0.67538327,0.7093291,64.12468,506.56378,2135.9966
15.840511,-0.17402032,0.19787419,0.64180136,0.7201761,63.128746,461.1308,2101.8948
16.276999,-0.26611814,0.25089595,0.6179755,0.6959444,62.915787,431.48053,2070.6084
16.577599,-0.27275378,0.28996706,0.6198259,0.6762694,65.91186,422.09186,2075.486
16.712349,-0.3349968,0.27555048,0.61594677,0.6576159,69.075,412.7748,2072.145
17.037487,-0.39298007,0.37537146,0.5497797,0.6343542,67.304695,374.522,2050.1877
16.696241,-0.31874377,0.35684955,0.5852753,0.65460956,67.32327,357.57388,2044.236
16.87271,-0.4420447,0.39300242,0.5254397,0.61160344,64.93874,339.61398,2039.5487
16.490103,-0.40603474,0.3886405,0.54596275,0.62130433,64.05289,337.1996,2038.2017
16.20592,-0.30094463,0.40562648,0.5614371,0.6555058,63.898476,333.78967,2043.5144
15.014255,-0.30215162,0.38669088,0.56804806,0.6606784,63.169064,351.32117,2049.2756
14.745933,-0.24409646,0.4010254,0.5775199,0.6678819,62.293663,364.53424,2057.168
14.298025,-0.2786853,0.2833115,0.61133015,0.6843569,63.31125,399.35394,2083.9695
14.150419,-0.20970584,0.2858197,0.621169,0.69891316,64.234184,414.22885,2098.0723
14.13332,-0.09762061,0.26094452,0.64908457,0.7078611,65.695435,430.94183,2107.5781
13.611264,-0.10475247,0.22354285,0.6618277,0.70784146,61.18598,465.01343,2131.1543
13.6329,-0.15608443,0.24079415,0.6475478,0.70593035,59.73079,472.40067,2140.1917
14.033172,-0.13711333,0.15586904,0.66130716,0.72081727,58.33409,486.05026,2157.1318
14.759711,-0.11145593,0.3144226,2.0200012,0.25649422,58.620453,503.46576,2169.062
15.640113,0.01906725,0.26118284,2.0079565,0.2532515,61.211487,530.6755,2183.6594
16.113249,0.10320232,0.2164733,2.0049272,0.25244465,61.17045,532.4756,2188.8447
