14.567497,0.0,0.0,0.0,0.43301272,251.54962,-613.5012,2184.4392
14.09452,0.0,0.0,0.0,0.43301272,250.2071,-609.7337,2182.3748
13.744819,0.0,0.0,0.0,0.43301272,250.79411,-616.21204,2182.1772
13.392534,0.0,0.0,0.0,0.43301272,249.92378,-637.92554,2164.6309
13.213912,0.0,0.0,0.0,0.43301272,260.4772,-622.00397,2150.4087
13.948075,0.0,0.0,0.0,0.43301272,265.7776,-618.8699,2136.1448
14.644626,0.0,0.0,0.0,0.43301272,266.85797,-609.12146,2131.3735
14.945445,0.0,0.0,0.0,0.43301272,273.53522,-604.21844,2136.2334
14.4106,0.0,0.0,0.0,0.43301272,269.87576,-606.34906,2131.4485
14.030751,0.0,0.0,0.0,0.43301272,267.36804,-614.05743,2136.391
13.821836,0.0,0.0,0.0,0.43301272,273.9661,-619.1368,2139.5125
13.789813,0.0,0.0,0.0,0.43301272,269.19684,-610.2958,2135.08
14.023228,0.0,0.0,0.0,0.43301272,272.14835,-607.8264,2142.7205
14.130761,0.0,0.0,0.0,0.43301272,280.80347,-607.50104,2137.3298
14.324456,0.0,0.0,0.0,0.43301272,276.25482,-619.16144,2141.9937
14.711466,0.0,0.0,0.0,0.43301272,274.1754,-612.4936,2142.0461
14.447809,0.0,0.0,0.0,0.43301272,274.4575,-612.3335,2137.975
14.643724,0.0,0.0,0.0,0.43301272,273.36414,-609.1613,2149.8345
14.618714,0.0,0.0,0.0,0.43301272,282.8223,-625.79846,2138.8804
15.245172,0.0,0.0,0.0,0.43301272,273.84702,-628.87,2135.3477
15.735802,0.0,0.0,0.0,0.43301272,279.51184,-611.90454,2139.4895
16.11909,0.0,0.0,0.0,0.43301272,277.06754,-619.27734,2137.0366
16.437801,0.0,0.0,0.0,0.43301272,276.58463,-614.514,2135.911
16.217804,0.0,0.0,0.0,0.43301272,271.19376,-612.59155,2131.29
16.557564,0.0,0.0,0.0,0.43301272,276.15222,-605.30255,2133.8445
16.757977,0.0,0.0,0.0,0.43301272,275.0534,-611.37036,2137.9146
16.937437,0.0,0.0,0.0,0.43301272,273.2973,-615.0606,2133.4736
17.051413,0.0,0.0,0.0,0.43301272,269.61148,-612.6201,2127.051
17.11093,0.0,0.0,0.0,0.43301272,268.04028,-620.27026,2128.9148
16.950556,0.0,0.0,0.0,0.43301272,267.22662,-618.1371,2131.754
16.392675,0.0,0.0,0.0,0.43301272,273.97717,-605.41565,2125.0215
16.001434,0.0,0.0,0.0,0.43301272,265.00714,-613.937,2126.1829
15.664028,0.0,0.0,0.0,0.43301272,270.32452,-612.32477,2122.4312
15.855168,0.0,0.0,0.0,0.43301272,270.65573,-611.44995,2126.9648
15.493074,0.0,0.0,0.0,0.43301272,270.3102,-618.1653,2121.0034
15.666307,0.0,0.0,0.0,0.43301272,262.50677,-607.66235,2131.376
15.386863,0.0,0.0,0.0,0.43301272,266.02533,-626.9739,2133.2515
15.695524,0.0,0.0,0.0,0.43301272,266.9792,-599.25574,2118.5737
15.42943,0.0,0.0,0.0,0.43301272,269.3456,-607.8707,2129.2617
15.51644,0.0,0.0,0.0,0.43301272,271.4032,-612.62244,2128.528
