16.431555,0.0,0.0,0.0,0.43301272,315.93286,-654.754,2085.6353
16.552307,0.0,0.0,0.0,0.43301272,324.77005,-666.7346,2075.0654
16.262337,0.0,0.0,0.0,0.43301272,320.8032,-658.8474,2075.496
16.511421,0.0,0.0,0.0,0.43301272,314.49628,-653.244,2083.6282
16.107672,0.0,0.0,0.0,0.43301272,316.5413,-656.39075,2071.6892
15.908833,0.0,0.0,0.0,0.43301272,311.55753,-647.8379,2084.4397
15.100657,0.0,0.0,0.0,0.43301272,314.09656,-658.52295,2088.4778
14.707411,0.0,0.0,0.0,0.43301272,325.19003,-666.1414,2090.389
14.397302,0.0,0.0,0.0,0.43301272,328.96664,-671.8411,2092.628
14.481048,0.0,0.0,0.0,0.43301272,334.4501,-654.17377,2102.9792
15.0482645,0.0,0.0,0.0,0.43301272,325.9689,-640.2728,2102.3284
14.899503,0.0,0.0,0.0,0.43301272,322.48688,-649.3728,2089.7239
14.925894,0.0,0.0,0.0,0.43301272,320.28967,-645.1039,2087.8872
15.056075,0.0,0.0,0.0,0.43301272,321.36572,-648.9663,2082.779
15.463499,0.0,0.0,0.0,0.43301272,319.8444,-656.6946,2079.6895
15.631016,0.0,0.0,0.0,0.43301272,322.32462,-660.94666,2078.9463
15.305489,0.0,0.0,0.0,0.43301272,321.3798,-655.54205,2075.862
14.443902,0.0,0.0,0.0,0.43301272,317.5025,-663.8453,2071.5261
14.296291,0.0,0.0,0.0,0.43301272,320.47818,-667.68286,2076.628
14.258969,0.0,0.0,0.0,0.43301272,321.59778,-670.32153,2073.0852
14.172833,0.0,0.0,0.0,0.43301272,321.70987,-666.5935,2073.2434
13.9358015,0.0,0.0,0.0,0.43301272,323.69482,-676.23254,2071.345
13.361271,0.0,0.0,0.0,0.43301272,315.62262,-671.78143,2066.509
13.3303585,0.0,0.0,0.0,0.43301272,311.63058,-684.14374,2051.0923
13.203175,0.0,0.0,0.0,0.43301272,314.50677,-679.0902,2054.5354
12.096985,0.0,0.0,0.0,0.43301272,307.1054,-674.0736,2045.874
11.939285,0.0,0.0,0.0,0.43301272,292.89325,-652.48645,2060.125
12.03301,0.0,0.0,0.0,0.43301272,305.978,-658.0964,2059.3083
12.014067,0.0,0.0,0.0,0.43301272,311.14786,-639.0535,2069.5786
11.7703,0.0,0.0,0.0,0.43301272,315.55884,-635.3439,2072.7522
11.881663,0.0,0.0,0.0,0.43301272,318.97424,-639.0163,2068.226
12.015531,0.0,0.0,0.0,0.43301272,310.6886,-657.98254,2070.9243
12.068901,0.0,0.0,0.0,0.43301272,303.78464,-657.14545,2067.8945
