13.25109,0.0,0.0,0.0,0.43301272,295.8814,-758.6571,2522.0957
13.373217,0.0,0.0,0.0,0.43301272,294.34955,-759.333,2515.1624
13.317894,0.0,0.0,0.0,0.43301272,294.35474,-762.61414,2514.9878
13.008776,0.0,0.0,0.0,0.43301272,299.19568,-779.6987,2555.7864
12.838318,0.0,0.0,0.0,0.43301272,295.6021,-775.21344,2536.125
13.576338,0.0,0.0,0.0,0.43301272,296.1436,-771.4772,2540.1045
13.957278,0.0,0.0,0.0,0.43301272,294.7815,-781.1825,2537.6619
14.08062,0.0,0.0,0.0,0.43301272,296.87048,-773.05676,2534.8196
14.117734,0.0,0.0,0.0,0.43301272,295.34317,-772.0463,2524.03
14.187827,0.0,0.0,0.0,0.43301272,295.6555,-777.68695,2529.6
14.516864,0.0,0.0,0.0,0.43301272,296.22186,-775.02124,2526.5137
14.777397,0.0,0.0,0.0,0.43301272,295.3077,-779.07837,2525.0027
15.033008,0.0,0.0,0.0,0.43301272,295.89655,-778.4363,2524.414
15.0058155,0.0,0.0,0.0,0.43301272,292.8214,-777.54266,2500.3806
14.970184,0.0,0.0,0.0,0.43301272,290.6526,-785.13184,2493.4287
14.317306,0.0,0.0,0.0,0.43301272,289.11807,-799.1572,2507.9607
14.321949,0.0,0.0,0.0,0.43301272,288.9195,-780.8594,2517.1792
14.925047,0.0,0.0,0.0,0.43301272,291.3204,-766.7464,2503.9514
15.11295,0.0,0.0,0.0,0.43301272,292.12155,-774.41394,2507.0322
15.474015,0.0,0.0,0.0,0.43301272,284.20004,-784.781,2509.8691
15.89016,0.0,0.0,0.0,0.43301272,292.16742,-774.5394,2514.362
16.225739,0.0,0.0,0.0,0.43301272,292.14023,-759.4678,2495.8484
16.466568,0.0,0.0,0.0,0.43301272,292.60046,-758.64453,2492.3523
16.508553,0.0,0.0,0.0,0.43301272,290.70602,-769.8818,2501.6113
16.671883,0.0,0.0,0.0,0.43301272,301.08334,-764.3048,2567.5303
16.775127,0.0,0.0,0.0,0.43301272,297.58154,-763.39197,2546.1396
16.822037,0.0,0.0,0.0,0.43301272,295.67712,-758.9009,2541.8152
16.909346,0.0,0.0,0.0,0.43301272,294.2119,-761.6796,2535.6108
16.966885,0.0,0.0,0.0,0.43301272,293.30902,-759.8572,2523.075
