15.720873,0.0,0.0,0.0,0.43301272,294.30957,-778.76685,2513.0437
15.880214,0.0,0.0,0.0,0.43301272,292.70102,-777.9293,2513.3464
15.971106,0.0,0.0,0.0,0.43301272,291.46335,-771.7985,2509.1482
15.646513,0.0,0.0,0.0,0.43301272,297.31256,-752.9209,2522.0002
15.424775,0.0,0.0,0.0,0.43301272,294.98593,-759.1203,2521.0747
14.978089,0.0,0.0,0.0,0.43301272,293.3934,-762.6647,2516.9968
14.547304,0.0,0.0,0.0,0.43301272,292.59955,-761.1952,2519.5757
14.34594,0.0,0.0,0.0,0.43301272,291.54993,-765.95917,2539.0874
14.234577,0.0,0.0,0.0,0.43301272,291.24905,-766.26263,2532.2102
14.132026,0.0,0.0,0.0,0.43301272,288.04373,-775.3488,2539.5283
14.741199,0.0,0.0,0.0,0.43301272,287.61102,-783.48694,2539.239
15.244777,0.0,0.0,0.0,0.43301272,292.40332,-771.77295,2537.8777
15.188267,0.0,0.0,0.0,0.43301272,296.19376,-776.6443,2585.9805
15.38686,0.0,0.0,0.0,0.43301272,289.98038,-757.13696,2573.8484
15.611609,0.0,0.0,0.0,0.43301272,288.71713,-773.66907,2556.9932
15.778961,0.0,0.0,0.0,0.43301272,293.56476,-773.213,2554.2524
15.948361,0.0,0.0,0.0,0.43301272,292.43085,-780.06226,2545.8567
15.453417,0.0,0.0,0.0,0.43301272,293.27023,-784.8806,2548.3289
15.006703,0.0,0.0,0.0,0.43301272,299.0327,-773.693,2538.9941
15.002763,0.0,0.0,0.0,0.43301272,297.60126,-760.4193,2522.3127
15.442115,0.0,0.0,0.0,0.43301272,299.1345,-754.68823,2514.6082
15.558527,0.0,0.0,0.0,0.43301272,296.85733,-760.19037,2511.6646
14.939352,0.0,0.0,0.0,0.43301272,291.93152,-738.04724,2534.3494
14.961798,0.0,0.0,0.0,0.43301272,289.731,-740.4326,2545.099
15.437974,0.0,0.0,0.0,0.43301272,289.94547,-774.3125,2545.1477
15.27871,0.0,0.0,0.0,0.43301272,290.72598,-778.4873,2553.3662
14.905906,0.0,0.0,0.0,0.43301272,289.74863,-772.40955,2511.709
14.828317,0.0,0.0,0.0,0.43301272,296.3416,-765.32385,2498.0168
14.884551,0.0,0.0,0.0,0.43301272,295.32245,-768.7519,2515.0776
