14.060288,0.1942638,0.5144882,-0.21330893,0.43588537,326.0392,71.353836,2503.1748
14.103409,0.17517479,0.5681124,-0.21511725,0.4355935,327.64465,72.04465,2504.3994
13.5235,0.15728563,0.70985365,-0.22619493,0.4347675,330.71628,71.66559,2503.099
13.430941,0.21511315,0.98704004,-0.2442094,0.4324213,335.47382,70.22653,2514.0757
13.522315,0.13827316,0.6648918,-0.10866917,0.43277487,313.7497,77.759125,2503.1733
13.338971,0.15602918,0.65254474,-0.1669526,0.43405685,321.43484,74.74019,2504.7637
12.934659,0.21460913,0.5501368,-0.19084899,0.4352532,323.1072,70.65123,2503.9333
12.595541,0.19052024,0.6669559,-0.16707796,0.4339828,320.69568,71.48924,2506.6182
12.385144,0.2067469,0.6209,-0.17563131,0.43449685,321.5163,72.39903,2507.3396
12.358088,0.25162098,0.725415,-0.24224141,0.43503553,333.68597,67.62947,2516.5166
13.000747,0.19853112,0.64576906,-0.2381946,0.4355296,332.1144,64.54434,2520.1672
12.879698,0.124415495,0.20498292,-0.2568753,0.43786505,331.77243,68.88049,2533.562
12.987616,0.20800501,0.29457942,-0.28462487,0.43814474,336.1914,74.497925,2540.5574
13.366635,0.073582105,0.3398788,-0.465932,0.44121194,352.2422,62.085403,2527.5488
14.034943,1.110419,1.6205496,-0.84258974,0.43237057,419.17212,49.335373,2600.6328
14.248015,0.48269638,0.991227,-0.18889575,0.4314965,337.66684,63.948273,2574.8972
13.137656,0.37915683,1.0470357,-0.2924482,0.43283558,341.07565,45.375687,2555.4395
13.692698,0.17156002,0.9882498,-0.21857214,0.43182033,335.93542,69.27579,2543.8174
13.703676,0.11421886,0.7923148,-0.23208678,0.43409374,332.22003,71.45599,2538.3264
13.75182,0.16618904,0.79607356,-0.178502,0.43308634,326.08148,67.765884,2529.955
13.869948,0.04480152,0.7054681,-0.1588602,0.43331078,323.6552,81.347885,2503.5635
