14.174661,-0.33654502,1.4819368,-0.02425885,0.41593844,343.09164,-366.35248,2474.6428
14.440855,-0.46462783,1.4369859,-0.06370876,0.41687778,342.94473,-368.62665,2477.8064
14.240712,-0.33572385,1.6497674,-0.054223243,0.41182333,350.41415,-357.15833,2506.905
14.1856785,-0.24894743,1.7202269,-0.011242454,0.40925333,350.56653,-351.6209,2518.2803
13.703091,0.552403,1.5260152,0.38935623,0.4081438,317.69644,-411.30078,2591.7273
13.89536,0.45792344,1.2036858,0.24441272,0.41875213,334.1681,-386.61475,2608.2979
13.563403,0.43178722,1.2464916,0.16184604,0.42007783,342.28424,-373.53287,2583.0847
13.772476,0.34486812,1.3386769,0.27485487,0.4152996,338.68735,-383.63177,2574.2097
13.400214,0.40939033,0.93979394,0.13113695,0.4251544,346.76318,-365.54266,2562.03
13.512564,-0.44271487,1.0764556,-0.12915157,0.42605934,353.361,-328.3623,2452.701
12.567514,-0.7309813,1.3044248,-0.17102979,0.4198717,350.86307,-351.27423,2496.6414
12.605861,-0.64949507,1.4937953,-0.07908447,0.41365007,337.56528,-368.4675,2486.112
