15.0183,0.0,0.0,0.0,0.43301272,525.65405,-116.442215,2395.1877
15.229034,0.0,0.0,0.0,0.43301272,533.2714,-112.66742,2409.6567
15.269942,0.0,0.0,0.0,0.43301272,542.09344,-102.002625,2412.337
15.183905,0.0,0.0,0.0,0.43301272,556.7926,-95.87839,2432.5642
14.70111,0.0,0.0,0.0,0.43301272,481.31628,-237.71045,2417.0532
14.586158,0.0,0.0,0.0,0.43301272,468.99808,-248.39923,2418.5527
14.48773,0.0,0.0,0.0,0.43301272,414.46423,-387.63043,2402.582
14.6477995,0.0,0.0,0.0,0.43301272,454.44324,307.20706,2375.1152
14.860136,0.0,0.0,0.0,0.43301272,537.3728,337.6318,2334.3047
14.928648,0.0,0.0,0.0,0.43301272,443.58762,-315.29877,2442.9133
15.010736,0.0,0.0,0.0,0.43301272,436.20758,-291.28235,2430.668
15.30291,0.0,0.0,0.0,0.43301272,550.5201,-144.14409,2450.7356
14.9640465,0.0,0.0,0.0,0.43301272,546.5204,-134.57675,2450.7935
14.924011,0.0,0.0,0.0,0.43301272,537.7708,-147.02856,2433.2888
15.015744,0.0,0.0,0.0,0.43301272,542.0152,-126.72728,2431.4717
15.068386,0.0,0.0,0.0,0.43301272,545.1011,-113.494385,2426.3616
14.543734,0.0,0.0,0.0,0.43301272,542.7114,-99.17784,2417.4397
