15.944071,0.0,0.0,0.0,0.43301272,265.78247,-108.61755,2419.8994
15.92237,0.0,0.0,0.0,0.43301272,260.90466,-78.2366,2432.075
15.9938,0.0,0.0,0.0,0.43301272,227.52109,-76.193146,2440.8967
15.800825,0.0,0.0,0.0,0.43301272,227.36209,-124.4758,2427.6384
15.2743025,0.0,0.0,0.0,0.43301272,224.13997,-135.64624,2458.335
14.859238,0.0,0.0,0.0,0.43301272,225.64366,-120.351074,2472.0173
14.648072,0.0,0.0,0.0,0.43301272,262.82724,-117.69298,2504.1663
14.46406,0.0,0.0,0.0,0.43301272,242.26099,-74.30296,2592.3372
14.359376,0.0,0.0,0.0,0.43301272,239.05789,-127.40965,2588.4963
13.729866,0.0,0.0,0.0,0.43301272,391.32968,372.83905,2213.581
14.281546,0.0,0.0,0.0,0.43301272,330.10098,-360.57266,2532.5894
14.393684,0.0,0.0,0.0,0.43301272,312.1965,-398.9703,2554.721
14.325775,0.0,0.0,0.0,0.43301272,298.404,-369.42694,2573.8657
14.401622,0.0,0.0,0.0,0.43301272,240.1079,-120.61209,2586.75
14.345698,0.0,0.0,0.0,0.43301272,247.48521,-135.51413,2592.6455
14.006103,0.0,0.0,0.0,0.43301272,237.66626,-130.8446,2541.006
13.651953,0.0,0.0,0.0,0.43301272,233.51585,-108.94786,2514.342
13.503468,0.0,0.0,0.0,0.43301272,227.6733,-128.30469,2466.2185
