13.733462,-0.09368493,0.23140901,0.68021446,0.6891888,315.31793,416.50293,2568.2078
13.564137,-0.23765248,0.40728733,1.9570891,0.25193045,323.26758,395.57596,2602.7585
13.650048,-0.19124092,0.33579496,2.008219,0.2562547,328.1856,399.60114,2619.3687
13.578787,-0.29791385,0.22732534,2.0138204,0.25652495,327.44708,395.4948,2620.2603
13.688179,-0.30839023,0.042837366,2.0257368,0.2564276,327.04022,393.83966,2619.7156
13.225945,-0.17243268,0.05669608,0.7070991,0.68342036,313.74673,414.1164,2584.7998
13.349317,-0.20314649,0.055787504,0.69550264,0.6869464,313.8023,365.18985,2565.6333
13.34731,-0.2696108,0.1602592,0.67389935,0.66894436,323.24722,324.46326,2514.783
13.582966,-0.94852275,-1.3372319,-1.1433814,0.3181488,326.72064,339.45758,2488.9685
13.744989,-0.96656567,-1.3894941,-1.1000181,0.31629038,315.15222,306.38882,2488.7334
14.227333,-0.24661651,0.20323701,0.7305838,0.6034254,313.01227,304.74792,2514.069
14.6709795,-0.2603288,0.17760414,0.6979662,0.64306206,321.09726,333.75806,2516.8396
15.005149,-0.22303142,0.3454485,0.6248544,0.66368616,330.4565,369.88092,2549.9636
14.467692,-0.15497561,0.2572618,0.64038646,0.70689744,336.8227,396.2354,2566.9172
14.319235,-0.10799428,0.20455603,0.6521538,0.7219345,338.9896,408.7354,2576.335
14.1075115,-0.1189715,0.29070705,0.6562133,0.68608993,334.4096,401.69794,2600.7976
14.358825,-0.12226845,0.24644035,0.6586889,0.7003189,332.5078,395.76068,2605.4878
14.608728,-0.114303365,0.23934354,0.65801656,0.70474356,334.06992,395.03473,2611.7761
