12.293752,0.20793647,0.018856848,-0.9304691,0.3032667,299.53146,347.2082,2064.1082
12.1683,-1.5048503,-0.15547322,-2.5145526,0.393138,306.52966,310.01526,2042.1915
12.660494,-1.7910638,0.1997338,-1.7469429,0.35711664,280.87186,286.66492,2016.966
12.746585,-1.6785402,0.13272545,-1.8622453,0.3614763,292.4095,356.3662,2019.9133
12.83548,-1.7830613,0.3515519,-2.136392,0.3739663,308.03616,424.6799,2057.147
13.197335,-1.7952284,0.39017475,-2.3990982,0.3888019,308.57715,438.01923,2078.4866
13.070254,-0.18669912,-1.4475892,-3.032469,0.43067393,321.13193,510.90222,2134.636
12.852766,0.34125543,-1.5004584,-2.940325,0.4227729,314.8889,533.2484,2155.3533
12.619357,0.75470245,-1.3547782,-2.9267173,0.42286184,302.43765,553.72156,2173.2715
12.570176,0.48080465,-1.3981177,-2.9805553,0.42652977,302.51562,570.04425,2177.2974
