12.660964,-0.1288222,0.43611664,1.9868735,0.25543147,341.52014,412.92773,2590.1594
12.586419,-0.13492371,0.3467624,2.0269632,0.2585509,343.15164,411.85568,2594.9976
12.622807,-0.12034556,0.28567967,2.0314927,0.25755924,341.77444,411.84134,2592.3586
13.329256,-0.15414335,0.31524315,2.0228066,0.25734535,341.04382,413.4201,2587.7844
13.590558,-0.16997172,0.31963798,2.0245566,0.2579005,339.63446,417.2771,2579.5728
13.823475,-0.22176012,0.4098222,1.9719328,0.25374997,338.80527,421.95795,2562.9463
14.093595,-0.098172754,0.18786703,0.6547366,0.725526,339.38956,404.695,2544.0103
14.380631,-0.768926,-1.3369467,-1.3581165,0.32055077,325.51202,310.69214,2445.0557
14.672307,-0.7990989,-1.3553518,-1.3085637,0.31897047,321.08148,266.32004,2429.887
14.767958,-0.027879503,0.80455047,-0.028398663,-0.5925493,310.07324,275.23682,2450.43
14.834111,-0.043134633,0.8256016,-0.02261169,-0.56214774,312.30502,275.9265,2442.3618
15.025381,-0.081936285,0.81814075,-0.15291108,-0.5482248,304.84308,305.28845,2423.4355
15.109038,-0.5256164,-0.32395905,0.43118563,0.26018846,312.49332,336.07782,2448.0923
15.125291,-0.15443334,0.24118204,0.65143174,0.7025796,312.8632,351.14343,2466.0679
15.078104,-0.10537169,0.17628255,0.6702373,0.7131642,313.4295,406.42728,2505.8918
15.036472,-0.08628563,0.1360585,0.68089443,0.7144408,312.3484,422.62027,2534.1047
14.888558,-0.074808314,0.14127493,0.6801352,0.71544474,315.6844,430.1162,2552.222
14.637295,-0.11277567,0.4662147,1.9699203,0.25393856,324.4233,436.26776,2569.6077
