14.658706,0.0,0.0,0.0,0.43301272,468.02548,-782.16504,2487.09
15.035734,0.0,0.0,0.0,0.43301272,470.2255,-808.04834,2500.7107
15.3238535,0.0,0.0,0.0,0.43301272,466.6812,-796.49963,2497.419
15.557596,0.0,0.0,0.0,0.43301272,467.2264,-791.2739,2502.332
15.536105,0.0,0.0,0.0,0.43301272,467.35962,-777.4999,2504.369
15.161125,0.0,0.0,0.0,0.43301272,468.34067,-776.85803,2507.3347
14.730184,0.0,0.0,0.0,0.43301272,469.88055,-778.4385,2509.7935
14.643108,0.0,0.0,0.0,0.43301272,464.98172,-791.3333,2481.077
14.9382105,0.0,0.0,0.0,0.43301272,465.50504,-791.546,2500.4678
15.296297,0.0,0.0,0.0,0.43301272,470.32114,-776.06836,2493.962
15.466553,0.0,0.0,0.0,0.43301272,473.24606,-785.54816,2515.095
15.732367,0.0,0.0,0.0,0.43301272,468.93573,-783.16174,2510.796
15.251738,0.0,0.0,0.0,0.43301272,465.33054,-765.9949,2505.3433
15.459368,0.0,0.0,0.0,0.43301272,465.81195,-783.7258,2499.685
15.748857,0.0,0.0,0.0,0.43301272,465.72336,-772.0999,2498.435
