14.243655,0.0,0.0,0.0,0.43301272,297.71957,-754.0299,2562.7002
14.35245,0.0,0.0,0.0,0.43301272,297.7582,-754.7743,2604.0122
14.235178,0.0,0.0,0.0,0.43301272,295.65775,-765.6103,2577.2856
14.175121,0.0,0.0,0.0,0.43301272,292.42865,-754.167,2563.7595
13.736042,0.0,0.0,0.0,0.43301272,293.85892,-786.2113,2568.1377
13.347771,0.0,0.0,0.0,0.43301272,300.00757,-775.1654,2539.4497
13.229468,0.0,0.0,0.0,0.43301272,302.1676,-777.71436,2546.3948
13.551208,0.0,0.0,0.0,0.43301272,300.27527,-786.3875,2524.956
14.130225,0.0,0.0,0.0,0.43301272,288.43942,-721.80566,2540.5776
14.463933,0.0,0.0,0.0,0.43301272,295.63248,-743.39966,2539.747
14.374133,0.0,0.0,0.0,0.43301272,302.11972,-767.78125,2532.9502
14.006634,0.0,0.0,0.0,0.43301272,285.8879,-776.9325,2540.032
13.859215,0.0,0.0,0.0,0.43301272,291.58807,-792.496,2540.8635
13.777615,0.0,0.0,0.0,0.43301272,295.11575,-783.45667,2542.3545
13.4794035,0.0,0.0,0.0,0.43301272,296.73926,-777.4306,2539.5652
13.262215,0.0,0.0,0.0,0.43301272,296.98392,-768.4474,2535.2388
13.293179,0.0,0.0,0.0,0.43301272,296.44,-768.708,2538.3628
