13.114534,0.22912197,0.96867305,-0.1889606,0.4315652,452.9491,403.82806,2555.8005
13.231673,0.1990268,1.1404037,-0.11726189,0.42774367,455.4362,408.52234,2566.0237
13.072117,0.34966597,0.9095515,-0.097969,0.43049693,454.801,407.29276,2554.5205
12.710124,0.12953731,1.1218494,-0.059817377,0.4266038,452.66345,415.41653,2534.158
12.703173,-1.5764308,1.1171447,-0.028887829,0.40754667,459.02347,407.76862,2512.8647
12.781476,-1.6394414,1.1753505,-0.011805405,0.40359747,458.78134,402.73428,2491.2832
13.059172,-2.5591168,0.44696543,0.11736722,0.3891042,442.90228,353.24603,2461.9382
13.082847,-2.718091,0.2863664,0.31797945,0.36978352,440.77454,315.50116,2436.0557
13.016201,-2.6654408,0.8088558,-0.32980415,0.36824065,445.64117,292.1717,2426.7166
13.381059,-2.6716473,0.7328573,-0.11815543,0.36461526,455.03253,291.10458,2442.7668
13.377268,-2.0383818,1.0531456,-0.07972673,0.3973602,454.46054,324.72925,2460.43
13.348133,-1.8448876,1.0282353,-0.013033294,0.4029165,455.4841,342.08453,2477.2473
13.429374,-1.4757601,0.9270447,-0.1365658,0.41719225,456.63318,397.3709,2510.1062
13.524172,-0.35543215,1.0871489,-0.108827874,0.4260171,457.78104,416.8982,2525.4114
13.6123085,-0.21324793,1.1123316,-0.17664115,0.42786312,453.63275,422.31818,2533.5825
13.692183,0.29534075,0.7593554,0.1114032,0.4274029,454.11255,421.90314,2542.2476
13.817649,0.38416436,0.6693015,0.029458584,0.4299516,448.15366,406.48517,2541.739
