14.190786,0.033945333,0.9168219,0.041751508,0.39565402,299.94226,41.420593,2535.5574
14.034514,0.029655633,0.91533256,0.041652247,0.39943954,299.17398,52.70758,2534.35
13.910326,0.030828193,0.92483556,0.041697633,0.3768157,301.4241,58.061325,2537.6487
13.301591,0.040210593,0.9258403,0.024365861,0.37497875,302.47278,67.18097,2578.9265
13.22134,0.041183583,0.9175908,0.042756423,0.39306867,304.7962,62.460876,2608.1147
13.272396,0.039407305,0.9198695,0.088938564,0.37997,292.4573,67.25786,2637.8936
13.25066,0.031493355,0.91240054,0.06726538,0.40250313,292.37415,60.766304,2632.1162
13.921048,0.07134587,0.97873133,0.049968235,0.18573587,334.9818,26.222458,2627.7646
14.086574,0.043727364,0.9335086,0.0501142,0.35233268,302.21677,49.64818,2583.5266
14.68152,0.02626417,0.93211097,-0.0032934048,0.36120427,308.45352,73.946915,2539.2092
14.832601,0.015829954,0.9432627,-0.0031793439,0.3316547,304.37012,91.230225,2526.9932
15.22403,0.022476643,0.9450861,0.015454404,0.32568112,301.74646,87.74454,2525.8142
15.029517,0.021203041,0.93869567,0.018864667,0.34357667,297.7022,89.40523,2514.4685
14.865455,0.018477013,0.93079716,0.012674267,0.36484876,297.87192,85.365265,2504.6702
