14.8349695,0.08713487,-0.15866639,0.6700444,0.7199118,-254.66193,256.8727,2600.529
14.641353,0.09741569,-0.16717441,0.6699441,0.71675503,-254.66628,257.54068,2600.249
14.058249,0.18621524,-0.24293783,0.6652251,0.6810145,-252.90427,212.37518,2584.5767
14.071896,0.21957242,-0.3238871,0.6499406,0.6515077,-253.95142,205.1872,2578.288
13.838116,0.29775724,-0.37941062,0.621981,0.6168693,-252.98589,202.60077,2580.6433
13.5324,0.37940672,-0.44362825,0.5837496,0.5643411,-247.49065,214.79642,2575.8276
13.221692,-0.5032253,0.5573153,-0.48630857,-0.44684207,-244.11989,248.69116,2589.4648
12.976723,-0.5591561,0.6102869,-0.41905364,-0.37321356,-243.19025,246.42862,2591.7593
13.727096,-0.6223542,0.6814162,-0.29156202,-0.25167173,-248.7893,252.34851,2570.707
13.242006,-0.630706,0.70943165,-0.24598722,-0.19597673,-254.89235,258.673,2559.8486
12.954117,-0.6245689,0.7391911,-0.20604791,-0.14510173,-268.41794,264.31854,2557.9214
12.926196,-0.62707865,0.74795705,-0.20116423,-0.0828589,-271.91708,270.29538,2555.948
12.864086,-0.6272321,0.7538369,-0.17994419,-0.07700494,-278.651,277.4187,2559.2966
12.954374,-0.6151036,0.76044655,-0.16920768,-0.12139745,-282.8015,275.6825,2558.1863
12.676557,-0.609203,0.72727793,-0.24542627,-0.19925983,-279.2515,258.70227,2547.8035
12.820623,-0.5809608,0.7111924,-0.30766645,-0.24906069,-280.61597,251.84476,2542.4036
12.892801,-0.51239794,0.63444364,-0.42679483,-0.39086533,-286.89798,257.207,2568.8516
13.385882,-0.44111565,0.546317,-0.5192465,-0.48717323,-288.72852,241.5484,2564.2002
13.634015,0.41436416,-0.5202836,0.5456223,0.5098074,-290.87405,214.2659,2553.0818
13.501376,0.3506527,-0.4073708,0.60376114,0.588697,-292.97485,205.06345,2558.772
14.078093,0.27895245,-0.34599528,0.6395804,0.62722373,-305.40848,195.45825,2568.2158
14.141141,0.17344362,-0.2906488,0.6678726,0.66286254,-318.08356,186.60593,2571.7964
14.0677395,0.1352334,-0.25373298,0.6732238,0.68124974,-318.54037,182.80057,2574.4036
13.560388,0.0923443,-0.223731,0.67930156,0.692796,-313.83014,217.47394,2579.6912
13.509398,0.07375821,-0.21899131,0.6761257,0.6996117,-309.414,214.73285,2580.361
13.140569,0.09097134,-0.22298169,0.6746644,0.6977329,-283.59674,195.6766,2570.8843
