12.449603,-0.1098714,0.42561632,-0.16898929,0.43516546,-78.238335,-327.10046,2339.0337
12.245365,-0.982745,0.35655922,-0.19019237,0.43200895,-79.889725,-334.9425,2337.0022
12.345473,-0.63886434,0.22083394,-0.26058352,0.43624857,-79.74401,-334.61157,2336.0056
12.539177,-0.43685278,0.41551378,-0.122048534,0.43333626,-88.64625,-307.34256,2325.9736
12.571906,-0.317429,0.4281091,-0.13567364,0.43395913,-86.412155,-319.14957,2335.6184
12.977348,-0.13100079,0.61012286,-0.145158,0.43342212,-84.729294,-326.30463,2345.3645
12.855835,-0.26518306,0.5896977,-0.16173762,0.43350613,-84.62408,-324.5999,2342.4844
12.772909,-0.17320624,0.55363286,-0.14749004,0.4337828,-84.947235,-326.08893,2345.2026
13.043642,-0.13542017,0.62092584,-0.051778667,0.4314151,-83.717926,-324.1511,2351.0066
13.1429405,-0.122854955,-0.4870256,0.01592272,0.431367,-86.784805,-315.3258,2323.2268
12.839676,-0.05062964,-0.05043555,-0.06307329,0.4342938,-84.78357,-323.101,2338.9307
12.757592,-0.13184322,0.08415661,-0.07365965,0.43439648,-85.13952,-312.80914,2318.511
13.16101,-0.20992023,0.45706812,-0.2567679,0.4364478,-76.864105,-326.8941,2328.8552
13.222435,-0.15693736,0.57120156,-0.18983279,0.4345342,-79.05131,-326.84714,2340.216
13.1853285,-0.011353553,0.5508963,-0.21418816,0.4354685,-80.93823,-325.30206,2341.2126
13.408787,-0.050011653,0.38682884,-0.16918153,0.43546674,-82.38957,-329.7843,2337.9517
13.598498,-0.09066618,0.6660196,-0.16856265,0.43353748,-82.460526,-328.81946,2346.4177
13.555481,-0.058273252,0.44498515,-0.16111259,0.43499824,-81.95175,-330.75507,2358.4658
13.319071,-0.17237541,0.25714257,-0.16746633,0.43577316,-81.982185,-337.26318,2361.6997
