15.632698,0.0,0.0,0.0,0.43301272,-172.70973,-45.261627,2212.0898
15.194515,0.0,0.0,0.0,0.43301272,-173.40436,-41.28598,2191.1892
14.749759,0.0,0.0,0.0,0.43301272,-167.1902,13.430603,2144.9077
14.803369,0.0,0.0,0.0,0.43301272,-162.82338,71.050385,2110.51
14.648282,0.0,0.0,0.0,0.43301272,-166.06532,173.64676,2091.749
14.943339,0.0,0.0,0.0,0.43301272,-160.171,253.63539,2082.0627
14.796179,0.0,0.0,0.0,0.43301272,-155.41026,357.16083,2096.693
14.376879,0.0,0.0,0.0,0.43301272,-137.94547,459.28534,2139.7942
14.200847,0.0,0.0,0.0,0.43301272,-122.76506,528.9525,2186.0276
14.25511,0.0,0.0,0.0,0.43301272,-116.64851,606.6206,2239.4138
14.899838,0.0,0.0,0.0,0.43301272,-116.75843,594.3834,2215.9253
15.31079,0.0,0.0,0.0,0.43301272,-127.4939,498.138,2150.2615
15.500021,0.0,0.0,0.0,0.43301272,-132.5167,422.42517,2124.2866
15.034213,0.0,0.0,0.0,0.43301272,-139.72751,239.97345,2086.066
15.482711,0.0,0.0,0.0,0.43301272,-152.70154,83.24225,2131.9495
15.761716,0.0,0.0,0.0,0.43301272,-162.73285,-25.601074,2198.9731
