14.238147,0.0,0.0,0.0,0.43301272,88.007225,-819.6471,2627.2935
14.48211,0.0,0.0,0.0,0.43301272,90.01336,-819.1245,2637.129
14.760581,0.0,0.0,0.0,0.43301272,78.070625,-790.36487,2642.3486
14.788382,0.0,0.0,0.0,0.43301272,82.34087,-801.58496,2643.4458
14.327364,0.0,0.0,0.0,0.43301272,83.50375,-805.8737,2640.0825
13.903485,0.0,0.0,0.0,0.43301272,83.68002,-808.7246,2639.3223
13.70237,0.0,0.0,0.0,0.43301272,81.7898,-803.67554,2635.2966
13.267085,0.0,0.0,0.0,0.43301272,83.32043,-803.0698,2638.348
13.022733,0.0,0.0,0.0,0.43301272,83.61789,-808.5845,2639.1204
12.802398,0.0,0.0,0.0,0.43301272,82.5334,-806.86096,2631.1047
11.96713,0.0,0.0,0.0,0.43301272,83.83588,-823.5762,2630.2998
12.413309,0.0,0.0,0.0,0.43301272,84.944626,-818.5248,2632.1462
12.764519,0.0,0.0,0.0,0.43301272,86.89009,-807.0255,2632.7117
13.435112,0.0,0.0,0.0,0.43301272,85.8784,-802.0165,2630.6184
13.843861,0.0,0.0,0.0,0.43301272,84.792496,-804.0599,2623.4111
14.272217,0.0,0.0,0.0,0.43301272,84.48534,-798.97424,2622.1938
14.081591,0.0,0.0,0.0,0.43301272,86.25499,-797.9357,2628.5117
14.500941,0.0,0.0,0.0,0.43301272,86.61604,-792.7521,2624.0605
14.713584,0.0,0.0,0.0,0.43301272,105.98634,-835.62506,2611.9722
15.086548,0.0,0.0,0.0,0.43301272,106.93074,-803.4784,2581.27
15.085199,0.0,0.0,0.0,0.43301272,112.86427,-805.1056,2573.4233
15.112986,0.0,0.0,0.0,0.43301272,110.84189,-802.96204,2577.279
