16.245708,-0.17535529,0.40207452,-0.0804227,0.4333872,-78.31627,94.83478,2342.6077
15.947724,-0.19987796,0.4053216,-0.033142194,0.4323385,-83.45062,93.457016,2341.5505
16.053553,-0.19445494,0.31119445,-0.00804941,0.4322964,-83.40393,93.6317,2335.0474
16.192581,-0.22812721,0.3152612,-0.007143484,0.43218353,-82.984764,98.364655,2336.6792
16.268353,-0.23182784,0.30706495,-0.015353364,0.43238345,-77.60879,97.80875,2338.5037
16.542631,-0.24194592,0.12005324,-0.057225678,0.43384275,-65.85824,100.390976,2330.3726
16.720526,-0.2787134,0.057855725,-0.1856081,0.43643528,-54.300064,84.23488,2326.94
16.89291,-0.27096367,0.082338974,-0.2180224,0.43703026,-57.383774,90.79422,2334.29
16.980057,-0.19947386,0.05275458,-0.18233007,0.43650267,-54.937614,81.363205,2329.5444
17.023481,-0.24062209,0.1299021,-0.21320815,0.436899,-58.29563,78.567505,2333.6357
16.012026,-0.20577987,0.24254312,-0.18141384,0.43603337,-66.84805,95.72859,2339.348
16.1941,-0.22455786,0.25760347,-0.1262972,0.43486062,-73.30834,96.720215,2333.9902
16.082447,-0.23880303,0.23518871,-0.0758227,0.43389902,-73.862785,95.791336,2334.8088
15.974497,-0.2500176,0.11473133,-0.05990139,0.43389392,-71.99474,95.3969,2329.2656
15.692803,-0.26730502,0.28701094,-0.08379465,0.43379277,-80.42242,94.767075,2334.3386
15.628258,-0.23806313,0.38455576,-0.032159187,0.432335,-81.922775,95.81235,2339.5261
15.813362,-0.18517148,0.4190705,-0.02479097,0.4321229,-81.68675,91.839096,2339.11
15.399971,-0.16421103,0.38031444,-0.036930513,0.4326336,-77.93838,94.27832,2339.5576
