16.33035,0.039100893,-1.3441712,-0.038418286,0.4215364,-145.17348,103.38046,2599.9854
16.413065,0.15993285,-1.4057996,-0.13800347,0.42178503,-112.86445,102.95221,2601.1138
16.549822,0.3209276,-1.3600607,-0.33744755,0.4259099,-97.927704,101.81885,2613.3445
16.59681,0.35079968,-1.3127618,-0.445559,0.4287792,-95.66841,100.99083,2629.8308
16.64009,0.37466538,-1.2991177,-0.52898335,0.43042186,-93.54467,104.06441,2636.6467
16.603718,0.23415679,-1.4108952,-0.531315,0.4291505,-95.529,99.21724,2643.4712
16.72615,0.080354884,-1.4575852,-0.46351308,0.42783582,-118.815094,101.673584,2628.6755
16.782394,0.039646123,-1.395722,-0.40230948,0.42818034,-145.89203,102.030685,2627.305
16.918587,0.06501268,-1.3936176,-0.38128066,0.4276834,-176.61696,95.91705,2620.5364
16.418415,-0.033366907,-1.3787212,-0.32808998,0.42741206,-213.85031,93.186844,2614.4856
16.449406,-0.05565078,-1.3539127,-0.29294404,0.4272858,-236.3266,92.96141,2613.3657
15.776011,-0.067017525,-1.3272445,-0.094083875,0.423629,-276.8791,91.364136,2611.2715
16.041498,-0.07746823,-1.1475136,0.111043684,0.42214185,-306.18277,90.26265,2610.8477
15.92921,-0.051939387,-1.1599905,0.18953933,0.41992876,-312.1891,89.25403,2611.0022
15.402518,-0.06180319,-1.0053151,0.26860186,0.4204096,-314.2942,89.10239,2614.8123
15.21942,-0.038152073,-1.0008644,0.30977955,0.41934994,-311.09543,94.43498,2610.3901
15.204477,-0.037830822,-0.85450107,0.36876875,0.41977638,-294.36465,93.3649,2624.065
15.049275,-0.008715487,-1.014246,0.3973495,0.41674012,-264.36145,96.02211,2618.8328
15.23921,-0.009358191,-0.9735736,0.32855386,0.4191615,-248.82121,95.000885,2621.0015
14.964858,0.07928059,-1.0091947,0.26891074,0.4198311,-225.28568,91.379776,2619.3794
15.145279,0.014360276,-1.0074717,0.13990934,0.42327145,-203.58557,90.91826,2618.1353
15.056801,0.021998566,-1.0076066,0.11864867,0.423744,-195.31879,91.82008,2619.8967
14.863234,0.032665584,-1.064721,0.008006859,0.42541614,-174.98785,94.59947,2612.305
14.976158,-0.009695458,-1.0766804,-0.04214299,0.42650774,-169.51227,100.46619,2606.2908
15.0627985,0.005849113,-1.0614635,-0.055934597,0.42697626,-168.31117,97.43584,2605.2087
15.355173,-0.0047879927,-1.1109383,-0.06634953,0.4265042,-167.40154,95.71185,2601.7805
13.998796,-0.049960714,-1.0893139,-0.07026711,0.42707127,-170.95813,98.7193,2591.408
