16.57811,-0.34499574,-0.6553093,0.03397216,0.42996556,23.9433,98.49832,2631.0996
16.455368,-0.3226165,-0.61986184,0.08048691,0.42920366,27.033968,101.81973,2630.6194
16.152111,-0.40744054,-0.6191538,0.056123365,0.42970955,32.03855,101.46646,2634.0476
15.943511,-0.26918378,-0.65603924,0.009176045,0.43048584,39.920555,92.45383,2642.6152
14.6950245,-0.36230728,-0.7607277,-0.07446293,0.43143356,54.34614,103.867935,2636.8606
14.465224,-0.35875106,-0.72555155,-0.11634747,0.43258178,52.72752,107.37184,2630.7092
14.32203,-0.30271187,-0.7626228,-0.124212705,0.43242314,53.59479,106.734695,2628.0012
14.5051775,-0.33831477,-0.6936183,-0.113081,0.43276295,47.947456,112.86934,2620.088
14.321449,-0.32385096,-0.69042695,-0.08334266,0.43217897,41.702206,69.055176,2617.112
14.096439,-0.4161587,-0.39663613,-0.041044287,0.43288493,44.78984,96.45155,2613.8528
14.077345,-0.40730935,-0.40642896,-0.066350386,0.4333805,44.308285,101.12381,2610.2947
13.877998,-0.39242238,-0.21268293,-0.088314295,0.43433827,37.834526,103.49217,2601.465
13.482739,-0.5195086,-0.24911578,-0.04191322,0.43307945,36.34518,107.004944,2597.5574
13.498439,-0.46664247,-0.38136515,-0.042882543,0.43289816,36.637806,108.91737,2602.0984
13.099449,-0.37765372,-0.4856095,-0.06738626,0.43309692,37.605087,107.28006,2612.2058
13.153622,-0.33184278,-0.60334957,-0.044230945,0.43198204,40.149048,107.15341,2619.02
13.124424,-0.29350877,-0.66030896,-0.07398703,0.43220645,43.072006,106.20082,2621.9756
13.235521,-0.31855527,-0.6784278,-0.124372914,0.43310407,48.20214,115.69388,2616.8025
13.881146,-0.31625375,-0.6346985,-0.11226313,0.4331708,48.287918,117.19469,2611.5957
14.006544,-0.41054487,-0.64353937,-0.13370234,0.43351427,49.709366,117.43591,2608.4766
14.622855,-0.44219977,-0.6817098,-0.13924955,0.43334374,53.079205,118.44148,2608.333
15.0049095,-0.44041657,-0.68308,-0.14837371,0.43351772,51.986176,111.794464,2616.4077
15.125987,-0.3943596,-0.6468755,-0.17051683,0.4342324,51.484634,112.24681,2612.2524
