16.57811,0.120522216,-0.39691156,0.056388635,0.4306638,-90.50075,336.74414,2626.474
16.455368,0.14800414,-0.3700825,0.0075347284,0.43178955,-84.182434,341.56937,2628.999
16.152111,0.12695423,-0.3671733,0.010670503,0.43177933,-79.334915,341.18982,2631.0464
15.943511,0.037646286,-0.3998121,0.019260073,0.4315856,-71.62298,331.91998,2632.3208
14.6950245,0.14201076,-0.49681416,0.056464676,0.43001592,-59.91859,342.1385,2630.4448
14.465224,0.20365691,-0.46123597,0.04231287,0.43039593,-60.954826,346.0055,2629.825
14.32203,0.19554327,-0.49733326,0.039536387,0.4302388,-59.772903,345.5666,2625.394
14.5051775,0.2897026,-0.43510488,0.016726539,0.43085814,-64.4052,352.0351,2626.174
14.321449,0.19765031,-0.43872496,-0.030402265,0.43209374,-66.90872,309.94232,2616.9365
14.096439,0.16272864,-0.13511558,0.026685828,0.432196,-67.70539,335.42523,2620.7734
14.077345,0.19007,-0.14213298,0.036167093,0.4319388,-69.02367,339.74304,2618.8628
13.877998,0.21339272,0.052777268,0.020128231,0.43247104,-74.15846,342.3765,2617.9504
13.482739,0.30705556,0.0077415453,0.024352396,0.43222362,-75.89586,345.29517,2619.0874
13.498439,0.31812835,-0.12828706,0.015754255,0.4321528,-75.27309,347.6354,2620.0444
13.099449,0.29240447,-0.23101656,0.013013513,0.43195176,-74.38396,346.38077,2625.0742
13.153622,0.27887583,-0.35147816,0.016403185,0.43137908,-72.131615,346.36383,2627.0632
13.124424,0.27979773,-0.40449354,0.032120697,0.4307466,-70.2406,344.96234,2628.3003
13.235521,0.35253942,-0.4177071,0.061419323,0.4297938,-67.51715,353.1527,2627.5947
13.881146,0.38954726,-0.3747608,0.064546,0.42985705,-67.81932,354.2726,2626.35
14.006544,0.40401003,-0.38455048,0.06763918,0.42967683,-66.68321,354.34418,2623.9026
14.622855,0.40233573,-0.4233573,0.071425594,0.42935264,-63.589767,355.30615,2622.351
15.0049095,0.272994,-0.41725516,0.07285011,0.42980877,-64.21519,349.17923,2621.6138
15.125987,0.2909817,-0.378285,0.06920978,0.43006283,-64.56996,349.6635,2620.0098
