14.483579,-0.090601124,0.6650342,0.06963749,0.73801833,141.35327,778.56976,2488.877
14.091595,-0.5375068,2.2644284,0.07787173,0.3612839,117.349304,789.5488,2462.451
13.735416,-0.57213974,2.2099974,0.059475236,0.36949673,104.186386,792.0917,2453.3906
13.590911,-0.7275802,2.060527,0.04821544,0.3802569,85.817795,786.1095,2431.0999
13.223593,-0.755952,1.9036695,-0.034078777,0.39373562,70.35871,786.79895,2420.6174
13.193806,-0.7008535,1.6041794,-0.0033858325,0.40741053,49.445065,786.95044,2417.9202
13.057153,-0.6079284,1.0371172,-0.3345477,0.4297075,29.518135,782.2925,2390.5032
12.779902,-0.65874517,1.0358322,-0.32699054,0.42917654,-15.01218,779.4762,2370.9756
12.06936,-0.30943504,0.19649339,-0.5791663,0.4430389,-42.556168,775.4226,2357.9307
11.844893,-1.2797004,0.07970764,-0.3960679,0.43530568,-76.80351,786.5188,2253.6597
11.87976,-1.0533483,-0.12655047,-0.59376305,0.44101486,-78.13376,793.3468,2252.7502
12.57834,-0.6421358,-0.95897406,-0.6834676,0.44059366,-45.033997,788.47546,2247.2273
13.452112,-0.6895757,-1.6385359,-0.89100194,0.4333773,-18.18438,779.4759,2228.9727
14.175196,-0.4950964,-2.4299452,-0.7221948,0.39615187,14.050049,770.0603,2220.637
14.403259,-0.47943085,-2.5798478,-0.56844294,0.3534596,29.178757,770.1189,2218.0134
14.047123,-0.3797314,-2.5094273,-0.51576257,0.3297123,38.223026,759.0266,2188.9941
13.680217,-0.33677778,-2.347177,-0.50691783,0.30329973,75.940895,770.5293,2191.0757
13.241634,-0.26770592,-2.1672788,-0.50570184,0.28104702,110.82484,783.2743,2193.5962
12.947056,-0.24512781,-1.9836359,-0.4952813,0.2617002,143.68661,773.42957,2185.0486
12.941166,0.0976405,0.7758072,0.17603728,-0.597996,165.03955,768.2759,2179.4863
13.692809,0.10152979,0.8198048,0.16328622,-0.539396,210.84573,779.07745,2162.705
14.282339,1.3073554,1.9818114,-0.43551272,0.41413787,254.749,769.2354,2150.9844
14.812541,1.3925872,1.9701564,-0.0109348325,0.40322492,271.64816,766.4856,2156.2368
15.00874,1.4255254,1.9547553,0.08347557,0.4006714,278.80664,770.30225,2166.7332
14.64199,1.2669922,1.8820658,0.2453659,0.3997971,279.41177,768.86847,2165.9478
14.773428,1.3982147,1.7571768,0.34277374,0.40010148,290.0125,749.6802,2190.7307
15.195299,1.4300513,1.2172133,0.39635548,0.41115862,313.20068,761.9252,2252.007
15.151135,1.3399366,0.72605866,0.51066923,0.41395995,313.8245,761.051,2277.0808
