13.591576,1.3009962,0.669628,1.8824618,0.30347815,8.078754,252.53003,2638.8813
13.405193,1.1670896,0.5712119,1.9643337,0.30227885,-41.082626,241.76657,2626.43
13.418535,0.8907865,0.52215815,2.0393443,0.29221228,-126.16781,220.19693,2592.0312
13.075254,0.68971974,-0.031140555,2.1313658,0.29135653,-253.42409,237.73737,2527.9353
13.533651,0.8070626,-0.32664245,2.040251,0.2876011,-301.041,233.63037,2482.2708
13.56041,0.6134476,-0.4328843,2.0024312,0.27200118,-378.43036,223.31085,2374.052
13.768151,0.4997708,-0.6767192,1.8072835,0.25013724,-425.25253,223.26636,2288.069
13.862706,0.045313653,-0.31827787,0.6001175,0.73246485,-435.2689,237.95822,2257.0251
14.005349,0.021179514,-0.32276982,0.6156973,0.7185317,-432.09006,223.7211,2221.8184
14.313664,0.04831271,-0.29385749,0.6411375,0.707288,-392.58417,208.58466,2166.5679
14.394533,-0.04433523,-0.4017809,0.6180162,0.6742866,-365.1875,244.65848,2121.374
14.305322,-0.16864818,-0.45406228,0.6624578,0.5714323,-280.879,190.806,2041.3678
14.078887,-0.24760166,-0.53093785,0.6261372,0.5145394,-223.54803,183.27649,1997.8499
13.549382,0.25595102,0.6712807,-0.49645564,-0.4872403,-132.53078,238.46277,1911.2029
13.739727,0.31017277,0.6400793,-0.5177338,-0.47543973,7.3806915,237.43575,1863.0558
13.739415,0.31891266,0.69314444,-0.4880587,-0.4238445,42.74811,246.96411,1852.1252
13.901174,0.34299174,0.726157,-0.45225665,-0.3879647,134.73337,263.33224,1856.8141
13.991241,1.100981,1.2341794,1.0161015,0.2607014,20.271065,178.72339,2185.4836
