23.370613,-0.14120716,-0.585431,0.6155676,0.5083381,-146.46896,219.13788,1958.5674
21.033129,0.34723517,0.7872346,-0.43246627,-0.2695596,-75.15341,222.6463,1892.6659
20.586954,0.40451273,0.79593444,-0.3899376,-0.22540271,-38.251698,228.68413,1864.4508
19.688707,0.52091366,0.8181822,-0.20779115,-0.12668738,35.561756,282.94257,1841.7738
18.744165,-0.12762022,0.1568791,0.70980465,0.674744,-73.7054,248.87846,2242.268
18.044067,-0.08397101,0.10354883,0.7075246,0.69399965,-55.53266,234.99692,2212.5496
17.597677,-0.13592139,0.024396697,0.7093217,0.6912257,-53.76187,266.97388,2187.779
17.016006,-0.49253398,-0.15673362,2.0155363,0.2603064,-43.496243,271.7215,2159.2756
16.344124,-0.5632553,-0.37151283,2.0300057,0.26833665,-22.344204,252.77354,2120.7188
15.757961,-0.58501536,-0.54361963,2.0143688,0.27244216,6.8036804,248.11253,2121.7363
14.991901,-0.6862467,-0.74706024,1.8418502,0.26284948,33.67837,210.67966,2113.5469
14.670815,-0.698136,-0.6942483,1.8442713,0.26141223,67.578705,187.754,2144.6614
14.463218,-0.79658186,-0.63268137,1.8112247,0.260338,87.563225,180.27106,2168.5273
14.260019,-0.95673114,-0.5639927,1.7791451,0.26350003,112.80214,176.60526,2184.3318
13.88372,-1.2016393,-0.5535807,1.6520417,0.26852265,144.34384,149.60172,2155.3147
13.622003,1.2659252,0.3565623,1.797171,0.2784277,211.51935,222.03029,2300.844
13.544295,0.626379,0.6568272,-0.41967875,0.28002182,226.89314,214.13843,2342.0322
13.441508,0.5881392,0.6301572,-0.37280312,0.2748014,235.10251,224.32312,2377.483
13.150514,0.5867627,0.61250263,-0.3357556,0.27464706,244.53705,224.59595,2414.886
12.924122,0.56668437,0.5925458,-0.30684942,0.272351,261.96567,225.81265,2446.5632
12.900454,0.57617843,0.5955214,-0.2839378,0.27226228,273.55176,211.63138,2478.5745
12.898893,1.3314267,1.0690334,-0.2508517,0.31059086,280.6517,213.75626,2511.3635
12.666958,1.8401856,1.208532,0.22670478,0.32033384,267.45233,198.07571,2534.3955
12.4735365,1.5173169,0.69247085,1.7535474,0.30465654,113.3125,145.2579,2693.8225
12.503033,1.5638628,0.5107547,1.7854522,0.30759403,94.16915,175.29376,2687.2812
12.557001,1.7288915,0.7119043,1.6153717,0.30980876,6.6875286,202.15286,2639.6465
