10.645206,-0.017432902,0.959464,-0.089492895,-0.2666756,485.07047,-367.06,2396.1404
10.514505,-0.3759999,0.6570369,0.41347662,0.4192556,475.28152,-353.7185,2326.8313
10.45286,-1.3411568,1.0764849,-0.31663105,0.42011347,277.87262,-446.66064,2379.37
10.40678,-0.31507716,1.4216229,0.12858866,0.4137954,262.9431,-463.949,2382.7593
10.369004,-0.41652736,1.4895939,0.12362467,0.4111475,210.69234,-382.2791,2339.5562
11.621917,-0.53881997,1.4127762,0.22671624,0.40914088,207.9474,-399.33966,2361.3555
11.826507,-0.46763238,1.3518611,0.2545331,0.4107451,209.11148,-414.07236,2380.3184
11.801372,-0.23753363,-0.6478511,0.6384361,0.4149095,112.89218,-392.04858,2368.451
12.406191,-0.5984382,2.0551164,0.5737467,0.29724038,-7.809227,-397.1814,2399.063
12.427216,-0.59604067,2.1439013,0.5043269,0.3376849,-7.8943024,-401.78455,2389.2656
12.833115,-0.081351556,2.27956,-0.043811575,0.38185307,-8.386417,-413.3962,2381.4763
13.398193,-1.0495853,-0.4654178,-0.42769763,0.43806145,0.22262573,-428.72498,2379.8938
13.811241,0.26006076,-0.659958,-0.34519058,0.43644708,2.9774876,-430.74268,2379.594
13.447724,-1.7267404,-1.16433,-0.52988034,0.4305766,22.778542,-485.0669,2348.6602
13.502237,-1.2413291,-1.8620832,-0.44793195,0.41880378,38.761356,-458.5196,2314.5574
13.391001,-1.0589913,-2.0082374,-0.44946483,0.4146498,46.71141,-450.14935,2307.8918
12.976696,-2.622374,-0.15844518,-0.28131187,0.41106018,23.348986,-423.64984,2293.666
13.3564005,-1.9035238,-1.6591815,-0.16651233,0.4118278,67.73451,-392.2023,2360.1436
13.522521,-1.7201877,-1.9421321,-0.056956433,0.40165102,72.18531,-386.8888,2340.205
12.985943,0.013038866,0.95387584,0.26181582,-0.14629868,89.81087,-401.125,2315.426
12.931139,-0.056890003,0.93835396,0.34013733,-0.023704566,96.82973,-402.1625,2312.0566
13.048089,-0.24906217,0.9678768,0.03173091,0.013256318,95.35567,-448.78378,2027.1182
