15.584334,-0.7882879,-0.81400156,-0.7851083,0.44313464,35.558254,-444.9613,2323.5068
15.8998785,0.10444967,0.9250197,0.33365965,-0.14866082,-6.415531,-555.27014,2367.3203
16.18559,0.118561834,0.9865988,0.0572194,-0.09639371,39.17087,-379.7252,2344.8196
16.3268,0.054485317,0.9507734,-0.17260876,0.2515303,53.670532,-390.24292,2366.512
16.484356,0.056052525,0.92436075,-0.14387769,0.3488761,57.96263,-409.8267,2355.959
16.635656,0.04276965,0.908079,0.39251673,-0.13962075,68.096436,-405.2444,2338.9082
16.751467,0.0044793747,0.9644784,0.19993171,-0.17259388,95.98291,-412.06506,2320.878
16.681967,0.0050459583,0.9601014,0.19922322,-0.19618835,106.1688,-417.30484,2317.9766
15.526697,-2.7726822,-0.12699074,0.33265373,0.37988067,154.44641,-481.5276,1907.6617
15.205968,-2.6823962,0.08224458,0.084588856,0.39379513,161.57083,-452.4345,1998.5385
15.013971,-2.4997275,0.17477259,-0.045916375,0.40464425,203.15613,-439.77643,2014.5542
14.531272,-2.0351875,-1.0036486,-0.47484952,0.4275723,294.8899,-452.28857,2076.3284
14.278954,-1.214336,0.13143378,-0.2730342,0.43327883,381.50598,-409.95483,2198.404
14.80958,-0.09394171,0.04781317,0.35430214,0.42496786,407.58676,-408.04895,2221.112
14.8888445,-0.7538657,0.086708374,0.10598351,0.42871076,399.39774,-429.46008,2283.078
15.3439455,-0.6071238,-0.5676904,0.47800982,0.41959414,363.8885,-443.376,2299.9844
15.570739,-0.35726583,-0.750293,-0.078335464,0.43160126,447.29276,-462.18536,2373.2654
15.881162,-0.3613489,-1.9407992,0.25594085,0.39758992,397.21445,-351.01288,2406.1736
