12.10358,0.0,0.0,0.0,0.43301272,-92.60957,-14.744583,2429.2034
12.229261,0.0,0.0,0.0,0.43301272,-76.77211,-54.42813,2423.771
12.188853,0.0,0.0,0.0,0.43301272,-108.22316,30.760803,2415.3477
12.005518,0.0,0.0,0.0,0.43301272,346.52417,-51.44171,1850.8066
11.958348,0.0,0.0,0.0,0.43301272,423.3698,-20.595047,2012.9282
12.120615,0.0,0.0,0.0,0.43301272,451.43475,-8.634094,2052.1672
12.369641,0.0,0.0,0.0,0.43301272,469.41608,-26.923706,2054.2954
12.906877,0.0,0.0,0.0,0.43301272,482.24237,-47.235962,2056.6357
13.352462,0.0,0.0,0.0,0.43301272,501.1869,-60.498474,2063.316
13.734142,0.0,0.0,0.0,0.43301272,528.7833,-87.51938,2069.0823
14.059715,0.0,0.0,0.0,0.43301272,557.4998,-56.965607,2087.8271
14.336753,0.0,0.0,0.0,0.43301272,577.9663,-56.825012,2120.7544
14.846259,0.0,0.0,0.0,0.43301272,615.67993,-73.173584,2209.8608
15.251107,0.0,0.0,0.0,0.43301272,628.1119,-88.68454,2303.605
15.635089,0.0,0.0,0.0,0.43301272,571.6797,-53.99626,2360.1426
15.884771,0.0,0.0,0.0,0.43301272,382.1235,47.605988,2600.5024
16.13447,0.0,0.0,0.0,0.43301272,333.5337,45.69867,2630.104
16.342447,0.0,0.0,0.0,0.43301272,147.97775,-63.648926,2062.9495
15.43108,0.0,0.0,0.0,0.43301272,-1.017746,-3.184845,2242.24
15.79541,0.0,0.0,0.0,0.43301272,-32.35446,-12.05864,2212.1604
15.604141,0.0,0.0,0.0,0.43301272,-18.584518,-42.97342,2178.6106
15.535199,0.0,0.0,0.0,0.43301272,29.122482,-58.423157,2159.8914
15.723872,0.0,0.0,0.0,0.43301272,160.30577,-94.73642,2153.338
16.01545,0.0,0.0,0.0,0.43301272,225.19136,-59.35965,2223.5557
15.804491,0.0,0.0,0.0,0.43301272,259.5136,-23.806519,2279.1006
14.873873,0.0,0.0,0.0,0.43301272,280.58218,-64.7818,2391.1777
14.703871,0.0,0.0,0.0,0.43301272,271.34955,-70.28403,2443.0518
15.128745,0.0,0.0,0.0,0.43301272,249.33768,-86.5009,2456.5479
