12.748521,0.0,0.0,0.0,0.43301272,-201.45682,-123.39865,2054.9412
12.811248,0.0,0.0,0.0,0.43301272,-126.70118,-120.41388,2004.147
13.280473,0.0,0.0,0.0,0.43301272,45.778435,-97.13626,1935.0525
13.912615,0.0,0.0,0.0,0.43301272,194.38808,-65.79932,1896.8174
14.370057,0.0,0.0,0.0,0.43301272,309.24948,-63.96234,1888.5432
14.8588915,0.0,0.0,0.0,0.43301272,402.27545,-75.66696,1889.565
15.294952,0.0,0.0,0.0,0.43301272,518.1208,-74.17313,1922.8589
15.611432,0.0,0.0,0.0,0.43301272,622.80115,-75.440094,1986.6134
15.881833,0.0,0.0,0.0,0.43301272,706.9908,-63.819,2093.4148
15.8260355,0.0,0.0,0.0,0.43301272,724.5568,-63.37622,2159.6443
