13.868959,0.0,0.0,0.0,0.43301272,607.6785,-15.071259,1907.8077
13.574508,0.0,0.0,0.0,0.43301272,611.5446,15.750275,1924.486
13.320524,0.0,0.0,0.0,0.43301272,676.84045,-35.81758,2016.2019
12.839136,0.0,0.0,0.0,0.43301272,678.94995,-58.733673,2148.5457
12.833831,0.0,0.0,0.0,0.43301272,643.57544,-47.656647,2293.5557
12.963975,0.0,0.0,0.0,0.43301272,664.11816,107.379555,2557.2375
12.674795,0.0,0.0,0.0,0.43301272,705.95087,127.432686,2533.1636
13.10628,0.0,0.0,0.0,0.43301272,461.47528,101.25923,2242.7249
13.474745,0.0,0.0,0.0,0.43301272,177.49988,-78.210144,2226.0803
13.547084,0.0,0.0,0.0,0.43301272,202.94102,-47.68515,2217.3718
13.387371,0.0,0.0,0.0,0.43301272,270.99307,-47.946625,2217.922
13.707426,0.0,0.0,0.0,0.43301272,347.44357,-80.24429,2236.9233
13.887172,0.0,0.0,0.0,0.43301272,383.7759,-106.338196,2276.7031
13.445759,0.0,0.0,0.0,0.43301272,420.53647,-99.89722,2332.638
13.982648,0.0,0.0,0.0,0.43301272,354.9201,-109.224365,2319.7122
13.984783,0.0,0.0,0.0,0.43301272,303.27676,-141.17584,2296.1975
14.02175,0.0,0.0,0.0,0.43301272,208.86208,-91.50046,2245.8633
