12.64807,0.0,0.0,0.0,0.43301272,-436.51266,-116.5683,2276.9922
12.196531,0.0,0.0,0.0,0.43301272,-428.97955,-111.8685,2110.3772
12.672463,0.0,0.0,0.0,0.43301272,-358.24188,-93.1637,1867.3091
12.922427,0.0,0.0,0.0,0.43301272,-224.09833,-68.93826,1709.5166
13.07967,0.0,0.0,0.0,0.43301272,-117.72935,-62.470123,1665.1403
12.877126,0.0,0.0,0.0,0.43301272,65.103745,-75.47601,1665.4894
12.95195,0.0,0.0,0.0,0.43301272,143.83493,-73.02194,1687.4833
13.197542,0.0,0.0,0.0,0.43301272,271.74658,-64.32593,1748.307
13.076546,0.0,0.0,0.0,0.43301272,307.89862,-52.17105,1781.5642
12.341077,0.0,0.0,0.0,0.43301272,402.7178,-45.296906,1810.3044
12.193685,0.0,0.0,0.0,0.43301272,479.4048,-60.650818,1821.4954
11.891309,0.0,0.0,0.0,0.43301272,648.2365,-69.76401,1903.6329
11.768503,0.0,0.0,0.0,0.43301272,727.6797,-71.688385,2007.6221
11.876151,0.0,0.0,0.0,0.43301272,764.11566,-70.8053,2124.1157
11.7338295,0.0,0.0,0.0,0.43301272,752.8888,-39.42627,2300.968
11.7887745,0.0,0.0,0.0,0.43301272,689.85187,2.0016174,2301.7307
11.820281,0.0,0.0,0.0,0.43301272,552.3612,-17.421936,2354.3792
11.852967,0.0,0.0,0.0,0.43301272,491.03308,-26.973633,2377.1814
