12.702616,-0.30815536,-0.48448732,0.6438959,0.505678,328.48938,622.57196,2358.568
12.842494,-0.25243637,-0.396885,0.6780421,0.564816,323.07486,621.4109,2365.614
12.50358,-0.39523,-0.5544566,0.59140754,0.43198192,138.71199,570.7721,2412.2505
12.385926,-0.34454775,-0.42863712,0.6653829,0.5047996,22.857811,555.5,2432.7393
12.384776,-0.2918312,-0.30436313,0.69068414,0.5874973,-54.271175,555.4829,2441.0745
12.554342,-0.5689562,-0.39245883,1.8944297,0.25252753,-146.66074,559.8247,2417.856
13.016785,-0.5339731,-0.31189093,1.9867046,0.26015192,-175.49539,561.368,2397.1958
12.618897,-0.6515207,-0.5738571,2.0813286,0.29016584,-182.58499,565.0016,2318.024
12.597203,-0.77722573,-0.80967695,1.9893788,0.29320806,-166.81079,567.79407,2281.6592
12.378936,-0.83213633,-1.0211784,1.8649904,0.2902165,-134.83887,576.3803,2249.619
12.223641,-0.9445935,-1.2012923,1.7023665,0.28795964,-86.703,587.2626,2219.7424
12.562086,-1.108943,-1.3757069,1.4200685,0.2834012,-3.4514637,603.18713,2187.7793
12.968079,-1.2080245,-1.4302578,1.0760796,0.27611053,36.32167,616.61554,2176.8098
