12.430848,-1.177634,-1.0720675,1.700402,0.29198563,-116.135925,572.2648,2199.9832
12.839039,-1.404266,-1.3397739,1.2991127,0.29309565,-60.205433,584.7846,2115.69
13.51381,-1.5221342,-1.432939,0.928149,0.29492494,6.97628,600.4264,2039.5958
13.806278,-1.4637909,-1.428716,0.8674122,0.29030356,21.712097,606.7245,2008.0793
13.646553,-1.280661,-1.3507149,0.42545852,0.2794929,118.033554,595.7552,1982.1372
13.859239,-1.0879036,-1.2026256,0.21390066,0.26967853,161.75427,587.32874,1991.4915
14.210086,0.5985817,0.73852456,-0.03165894,-0.3086733,220.5458,580.71265,2039.1066
13.906541,0.57585514,0.79430884,-0.0044757016,-0.19350556,262.10016,578.1056,2103.1602
13.817064,0.5663887,0.81190926,0.011995665,-0.1409373,280.26373,581.1388,2140.9204
14.011099,0.546833,0.834787,0.06262119,-0.013520046,302.64694,581.3316,2202.4048
14.253835,0.5325345,0.8384974,0.1018235,0.054416068,311.13638,579.9467,2234.2432
13.835943,0.5555825,0.82601327,0.08326113,0.045799762,346.3602,588.9137,2303.1753
14.096363,0.5903941,0.8055071,0.035591405,-0.036418393,379.05106,587.2053,2352.7568
13.726314,0.5594923,0.7811602,-0.26607716,-0.07720141,355.1267,629.75,2348.3577
13.714716,0.5357147,0.76409847,-0.34682813,-0.09419975,338.74222,642.4174,2352.331
13.601771,0.49581203,0.77952415,-0.35795748,-0.13556932,331.39096,633.01794,2356.5981
13.277164,0.43686014,0.68683904,-0.49685153,-0.30090526,322.42545,630.3794,2355.8713
