14.483579,-1.4843667,1.2805072,-1.2107726,0.29775703,229.58434,457.00934,2362.4277
14.091595,-1.5615141,1.3257042,-2.3674843,0.39232072,250.69855,475.36255,2393.577
13.735416,-1.4912256,1.2234281,-2.5230222,0.39743003,237.35905,475.66013,2399.6323
13.590911,-1.4291741,1.0922695,-2.710487,0.407613,230.09662,471.80457,2403.221
13.223593,-1.6127665,1.2301725,-2.176118,0.37298277,216.68034,475.31525,2402.053
13.193806,-1.5742173,1.2511363,-2.2193515,0.37518996,200.95184,466.54346,2411.023
13.057153,-1.452814,0.9913291,-2.7595809,0.4097272,162.20168,476.50684,2400.3196
12.779902,-1.2170941,0.5800342,-3.1366634,0.43081206,115.18055,464.10193,2388.2183
12.06936,-0.82107896,-0.041820087,-3.3551366,0.43181947,76.85449,484.8471,2375.548
11.844893,-0.8177077,-0.1991619,-3.3536837,0.4322268,53.74682,500.66235,2363.4724
11.87976,-0.09639472,-1.0967195,-3.216972,0.42537144,23.164589,512.7925,2347.0205
12.57834,-0.21148682,-1.1200662,-3.1830952,0.42263427,24.118177,480.83862,2336.6008
13.452112,-0.36794037,0.59005743,0.5002731,-0.5159252,0.85574913,485.77,2336.2874
14.175196,-0.3618461,0.65834326,0.441052,-0.49104446,-1.2654896,464.0264,2341.231
14.403259,-0.40213323,0.6680949,0.40490332,-0.47748435,-23.497759,482.3557,2355.5815
14.047123,-0.45953366,0.66864634,0.3527358,-0.46617422,-32.227707,474.52112,2304.5857
13.680217,-0.5042693,0.67870116,0.30192396,-0.4403623,-25.916853,472.24756,2304.7483
13.241634,-0.5187334,0.69897515,0.2680854,-0.4128918,-14.881649,476.40894,2298.6724
12.947056,-0.5478633,0.7061246,0.24736504,-0.3742248,-5.20961,473.97095,2288.5823
12.941166,-0.35688588,0.6158793,0.4482754,-0.5407164,5.7532015,474.4628,2282.459
13.692809,-1.0787098,-1.2374401,-0.75426704,0.30852836,28.949875,476.45825,2270.7305
14.282339,1.183656,-0.69010717,-3.1031878,0.42586756,262.75348,424.48785,1943.582
14.812541,1.2203245,-0.9026851,-2.9851534,0.4206398,329.5581,485.8087,1927.7607
15.00874,1.1887033,-1.0498263,-2.930891,0.42536023,345.92517,483.46964,1925.0806
14.64199,1.1691974,-1.2059159,-2.8341238,0.4228558,380.63797,463.15497,1931.3329
14.773428,1.241007,-1.2398683,-2.7655787,0.4205708,409.98422,448.72607,1941.2504
15.195299,1.2458785,-1.7208074,-2.2009716,0.3864019,471.46103,443.6432,2026.2826
15.151135,1.2137365,-1.8455317,-1.7588497,0.35337722,507.7828,439.37366,2089.428
