15.256257,0.0,0.0,0.0,0.43301272,25.06592,-787.68744,2127.7212
15.434893,0.0,0.0,0.0,0.43301272,27.753101,-762.1598,2100.8757
15.05744,0.0,0.0,0.0,0.43301272,55.010952,-771.708,2089.2354
14.610698,0.0,0.0,0.0,0.43301272,24.32811,-847.44617,2353.6064
14.361773,0.0,0.0,0.0,0.43301272,52.64467,-844.7939,2271.0493
14.236741,0.0,0.0,0.0,0.43301272,5.919861,-889.0708,2322.7144
13.95435,0.0,0.0,0.0,0.43301272,82.30914,-897.7925,2240.0024
14.253779,0.0,0.0,0.0,0.43301272,92.550934,-896.44666,2235.302
14.551438,0.0,0.0,0.0,0.43301272,175.1681,-878.7706,2136.0403
14.78663,0.0,0.0,0.0,0.43301272,338.65427,-861.0842,2003.7167
14.8129015,0.0,0.0,0.0,0.43301272,275.47787,-784.4497,2225.836
14.64939,0.0,0.0,0.0,0.43301272,353.11133,-775.09985,1953.217
14.084929,0.0,0.0,0.0,0.43301272,374.74573,-829.5139,1960.75
14.256329,0.0,0.0,0.0,0.43301272,382.2389,-830.5575,1998.4661
14.540723,0.0,0.0,0.0,0.43301272,414.90973,-906.8432,2255.0342
14.826066,0.0,0.0,0.0,0.43301272,445.4076,-905.9126,2243.1057
15.052525,0.0,0.0,0.0,0.43301272,426.50348,-922.0869,2186.3875
15.301887,0.0,0.0,0.0,0.43301272,414.0857,-918.37256,2190.191
15.501432,0.0,0.0,0.0,0.43301272,396.4477,-883.47473,2211.6047
15.685667,0.0,0.0,0.0,0.43301272,381.3556,-851.52576,2222.715
15.848851,0.0,0.0,0.0,0.43301272,379.7744,-876.1727,2199.1445
15.944559,0.0,0.0,0.0,0.43301272,359.92557,-886.1636,2242.81
16.160906,0.0,0.0,0.0,0.43301272,321.31125,-786.9584,2368.2097
16.243254,0.0,0.0,0.0,0.43301272,312.0092,-837.6007,2298.8225
16.176056,0.0,0.0,0.0,0.43301272,321.62222,-931.254,2413.656
16.235018,0.0,0.0,0.0,0.43301272,189.48383,-807.2952,2445.7617
16.223265,0.0,0.0,0.0,0.43301272,367.71857,-913.51245,2507.7705
