11.3616,0.0,0.0,0.0,0.43301272,170.28531,-700.68774,1978.5815
11.003388,0.0,0.0,0.0,0.43301272,464.92902,-757.3751,2122.4666
11.274727,0.0,0.0,0.0,0.43301272,553.0889,-750.94836,2205.3752
11.665283,0.0,0.0,0.0,0.43301272,652.0142,-751.2666,2281.7605
12.22239,0.0,0.0,0.0,0.43301272,667.44836,-750.17554,2272.4382
12.667329,0.0,0.0,0.0,0.43301272,683.78394,-741.9294,2296.1494
12.917617,0.0,0.0,0.0,0.43301272,660.5132,-755.5477,2327.2913
12.861967,0.0,0.0,0.0,0.43301272,638.6396,-760.49414,2324.2527
12.776448,0.0,0.0,0.0,0.43301272,636.07336,-798.6783,2313.5813
12.347545,0.0,0.0,0.0,0.43301272,287.74152,-797.2099,2563.9094
12.103492,0.0,0.0,0.0,0.43301272,242.69423,-814.647,2596.1375
12.007727,0.0,0.0,0.0,0.43301272,286.6718,-811.6808,2547.961
12.087586,0.0,0.0,0.0,0.43301272,92.870514,-818.36,2616.9106
12.112159,0.0,0.0,0.0,0.43301272,-17.36676,-824.24744,2642.628
11.909786,0.0,0.0,0.0,0.43301272,-105.832825,-823.2361,2652.6543
12.016736,0.0,0.0,0.0,0.43301272,-102.41999,-826.807,2647.9338
11.790586,0.0,0.0,0.0,0.43301272,-140.34465,-832.67487,2636.886
11.950061,0.0,0.0,0.0,0.43301272,-174.85287,-854.5321,2599.0254
12.460527,0.0,0.0,0.0,0.43301272,-176.53093,-823.4678,2515.7747
12.4635935,0.0,0.0,0.0,0.43301272,-156.6566,-821.2577,2486.4456
12.560868,0.0,0.0,0.0,0.43301272,-149.0907,-789.857,2430.525
