13.605503,0.031830423,0.85836315,-0.044775646,-0.5100929,141.15982,21.041916,2030.2821
13.667854,0.047631264,0.9252131,-0.03521928,-0.37479532,178.24751,40.859436,2055.7869
13.759933,-0.010899041,0.94984204,-0.012250835,-0.3122999,173.46162,39.619415,2059.8743
13.177753,-0.18601012,0.92994463,-0.12123858,-0.29309484,237.57794,20.133423,2130.3086
13.149826,-0.06255181,0.9582311,-0.0016322342,-0.2790659,274.88016,29.20607,2153.7952
13.498659,-0.013858865,0.98787534,-0.036157705,-0.15034267,311.89725,18.99681,2207.209
13.371326,0.01493308,0.9889607,-0.036321465,-0.14287943,341.98334,18.195389,2242.0293
13.270579,-0.1782414,-2.2259154,-0.048499648,0.28001815,400.75055,31.120163,2357.8286
14.046619,0.08324714,0.9748387,-0.026640482,-0.2050604,352.8418,64.79971,2356.876
14.487404,0.07056212,0.7862122,0.031271037,-0.6131179,373.89108,51.7836,2414.1912
14.291964,-0.20239633,-2.1040492,-0.05251239,0.2643071,372.89987,44.435898,2418.0728
14.238677,-0.014534175,0.7993576,-0.25558782,0.5435909,325.93106,12.054001,2411.7065
13.513256,0.2742169,1.9723552,-0.6600096,0.26887643,292.02936,29.425064,2443.2327
13.429679,0.3591584,2.1700134,-0.74232423,0.2925298,266.03046,32.93712,2454.8115
13.42519,0.20123304,2.2136216,-0.7265506,0.29297352,251.5036,36.059525,2468.4158
13.099724,0.007648725,2.4382956,-0.11853456,0.36679128,58.27073,30.271759,2560.7979
12.952249,0.18123825,2.1269429,-0.641596,0.4116375,16.698086,29.32872,2543.7344
12.889546,-0.2000193,2.1989105,-0.07422672,0.38754144,-67.58271,59.775482,2544.7917
