12.35004,-0.13199882,1.4798257,-0.26799545,0.42310947,-87.030235,257.64322,2474.2222
12.1247425,-0.22256143,0.8638144,0.02657661,0.42694783,-139.56621,261.75552,2446.4229
12.2242985,0.39204562,0.72042245,-0.5526252,0.44065925,-193.56221,272.7706,2400.8123
12.018365,0.024469528,0.0019428425,-0.13703348,0.43578312,-224.93796,271.10486,2324.0068
12.1222515,-0.18227346,-0.20052736,-0.037617773,0.43355924,-231.5671,268.53134,2299.593
12.374142,-0.06410921,-1.3450669,-0.076378845,0.42287198,-218.48099,283.90338,2254.086
12.601822,-0.038418863,-1.1708908,-0.15228906,0.4275294,-190.56827,269.05988,2215.3584
12.36437,-0.02583222,-2.3881476,0.1518317,0.31641737,-134.73177,254.31543,2206.0906
12.254821,-0.036117405,-2.2267873,0.14326741,0.28272074,-114.00815,257.65732,2195.5825
12.312585,-1.2785729,-1.793642,0.482369,0.3947144,-87.033714,184.62315,2114.497
12.222697,-0.23412117,-2.1084852,0.21328542,0.26697862,-70.19673,241.38449,2136.892
12.033633,0.40013757,-2.3587682,0.045026183,0.3274064,0.71303767,257.89185,2053.286
12.171596,-0.118997686,0.8156945,0.0041735405,-0.5660862,43.10908,261.64853,2037.0024
12.158806,-0.099925935,0.8043542,0.010721851,-0.58558,65.938,271.4785,2031.801
11.929772,-0.26381165,1.5906315,0.3803235,0.4019658,127.39094,268.59692,1972.1826
12.338815,-0.3315294,1.6683234,0.21986748,0.40356556,134.00417,274.80875,1978.608
12.742348,-0.3944041,1.3969793,0.054150242,0.41563866,192.2144,295.9433,2010.1204
13.267343,-0.36743098,1.0407406,0.090371095,0.42218953,221.14993,263.20804,2081.434
