12.430848,-0.041216932,-1.9743111,-0.47868797,0.41377825,-20.752825,312.99255,2290.505
12.839039,0.06489975,-2.4373674,-0.5772022,0.38367328,-6.9250407,318.43335,2219.064
13.51381,0.19022241,-2.492793,-0.6302766,0.33744547,12.855597,325.9401,2133.5938
13.806278,0.25253657,-2.450093,-0.6502434,0.3287663,22.52163,328.27887,2093.3696
13.646553,-0.0026568735,0.7792775,0.18679224,-0.59817904,20.753002,337.60413,2058.8325
13.859239,0.013991374,0.84150493,0.18242392,-0.50831234,34.762886,338.4157,2058.7622
14.210086,0.020345006,0.90679127,0.16666998,-0.38669413,65.643814,339.88483,2087.1396
13.906541,0.009328922,0.94622606,0.13570124,-0.2935136,101.05171,337.66437,2136.0168
13.817064,0.0052527958,0.95991975,0.12993012,-0.24827513,116.03436,341.06317,2161.7336
14.011099,0.0015389039,0.97502553,0.11904607,-0.18747517,135.08127,341.91168,2208.4854
14.253835,0.001915527,0.9767027,0.12712842,-0.17286596,141.42163,341.6833,2231.9307
13.835943,-0.03008153,0.97186804,0.14108178,-0.1861714,191.2959,341.24182,2294.516
14.096363,-0.050012093,0.9803831,0.1371982,-0.13236515,232.91612,336.1233,2326.5664
13.726314,-0.14525156,0.8848576,0.11850238,-0.42647585,301.81665,353.49945,2378.5515
13.714716,-0.17434786,0.832531,0.103035755,-0.5156211,318.70135,360.99896,2397.614
13.601771,-0.17609255,0.8191678,0.066794775,-0.54173934,325.88016,352.79266,2425.44
13.277164,-0.18181051,0.8105022,0.032251783,-0.555859,331.84033,353.52304,2442.435
