14.098035,-0.10252091,0.1456039,0.104711756,0.4305721,-94.96691,797.3605,2447.2004
13.73894,0.11594968,0.17246377,0.12237986,0.43023062,-100.88813,797.7428,2474.3552
14.081737,0.22809342,0.2144964,0.11465996,0.43026954,-104.54847,799.63,2490.1733
14.220309,0.04327031,0.2848768,0.083164684,0.43078208,-103.486404,800.43866,2468.8857
13.853505,-0.09772924,0.32031068,0.04525003,0.43130916,-101.75183,799.27893,2450.6807
13.867151,-0.28738722,0.34272477,0.023887092,0.43124107,-100.60414,798.577,2426.574
14.106594,-0.89462054,0.26775363,0.011312218,0.42906287,-99.730095,771.05225,2353.532
14.04495,-1.3503014,0.24218677,0.0042872345,0.42548105,-98.454544,726.88086,2299.5776
14.51652,-2.1178713,0.15477155,0.0059831105,0.41443178,-97.95195,620.03467,2201.4858
14.5114765,-2.5894554,0.14294873,0.0072111464,0.3999506,-94.48762,487.42816,2130.1082
14.595788,-2.8080297,-0.07710006,0.1273627,0.38651276,-92.21816,349.2856,2080.728
14.839528,-2.852845,-0.11865474,0.1536519,0.3808607,-91.35723,284.30948,2070.1216
14.583275,-2.8890054,-0.06052242,0.09611339,0.3749276,-83.604774,200.00014,2071.6284
15.02493,-2.889312,-0.045482256,0.09407073,0.37374082,-78.993416,204.32082,2072.2554
14.559329,-2.6204789,0.07966706,0.09148678,0.3969498,-83.356834,369.7258,2148.6821
14.4442,-2.2925124,0.13249937,0.038981885,0.40956047,-80.945724,458.1127,2197.1846
14.69014,-1.5346667,0.17820865,0.049681325,0.4228386,-79.56868,595.7786,2286.9941
14.647237,-1.1974007,0.31008402,-0.048648037,0.42762342,-77.74813,706.7297,2336.1077
15.191743,-0.59915805,0.308475,-0.03271856,0.43144542,-78.625015,771.1002,2409.7266
