15.256566,0.014853082,0.55845356,-0.1811977,0.43482035,-107.41878,766.64026,2468.4353
15.262865,-0.1543962,0.2221795,-0.07359069,0.43405446,-108.835915,771.3813,2457.5137
14.898933,-0.14606294,0.13180964,-0.08777988,0.43458387,-113.05843,788.7881,2452.9553
14.75335,-0.25310487,0.112957254,-0.09347703,0.4345708,-115.83821,797.16907,2434.5852
14.388562,-0.5353229,0.03832857,-0.09066248,0.43393767,-115.42588,784.3395,2395.0286
14.039682,-0.9364623,-0.008934098,-0.11349839,0.43267247,-110.542564,760.04285,2347.3252
14.394644,-1.764395,-0.015969258,-0.07969584,0.42416444,-108.65012,672.0298,2250.9116
13.906284,-2.2296715,-0.09398483,-0.042348016,0.41566256,-109.1477,589.7617,2191.4438
13.957565,-2.6306386,-0.56162316,0.2127225,0.3984579,-111.882576,420.79208,2114.2734
14.383958,-2.7158444,-0.7708918,0.41494077,0.3828386,-113.636665,266.0412,2084.2449
14.551323,-2.7192605,-0.8030909,0.47048914,0.3775419,-113.71267,213.05557,2083.5422
14.647634,-2.6858344,-0.87569225,0.5427937,0.3725977,-111.44633,185.82834,2076.6765
14.576601,-2.6722217,-0.9093551,0.54658246,0.3731072,-109.359436,195.64954,2074.238
14.7532835,-2.634687,-0.9828829,0.5467576,0.37574464,-106.776924,227.59782,2078.0154
14.328776,-2.6150444,-0.9023315,0.4325964,0.3874586,-106.46849,313.1201,2103.3462
14.194077,-2.5974553,-0.5526936,0.23056506,0.3992242,-107.88419,401.8734,2134.4536
14.141486,-2.4160597,-0.28711858,0.10385895,0.40845114,-108.24015,488.25244,2176.0261
13.783182,-2.0702577,-0.19222502,0.056786217,0.41706523,-105.729576,577.4817,2229.7097
13.831869,-1.5921787,-0.09410084,0.039260764,0.4240767,-106.14346,651.7689,2292.4104
14.206686,-1.0166725,-0.0013368155,0.048000753,0.42873508,-107.078545,738.63666,2370.8994
13.804404,-0.77008057,-0.11888692,0.08130913,0.42963207,-108.179344,759.64703,2402.2837
13.506314,-0.41224495,-0.11014293,0.101298496,0.43039545,-111.46954,775.0853,2443.4512
13.391819,-0.18232413,-0.039885815,0.11075163,0.4305592,-114.99016,791.3144,2471.5513
13.631317,-0.08677685,-0.019457953,0.19891475,0.42866296,-122.79123,793.34406,2491.933
13.664055,0.0739404,-0.029419176,0.17138733,0.4292763,-130.00058,800.8963,2492.3757
13.52363,0.022235325,-0.05514971,0.16827308,0.42935106,-132.35332,800.56226,2479.1064
