12.995869,-0.21257903,-2.496826,-0.11237503,0.33220825,-235.13603,-357.2242,2410.1729
13.615378,-0.2816834,-2.4998214,-0.0782919,0.33430824,-228.61366,-352.60406,2403.664
14.27774,-0.32297602,-2.496393,-0.05453586,0.33375543,-228.37395,-351.79807,2397.9116
14.242799,-0.32473153,-2.4980695,-0.06623391,0.3335873,-226.86679,-356.74084,2403.202
13.786778,-0.26406533,-2.5006948,-0.10794034,0.33291805,-227.78929,-342.91315,2422.3652
14.299532,-0.2122292,-2.5073805,-0.16251011,0.33377796,-224.18973,-350.18567,2445.7307
14.678664,-0.12929735,-2.5008588,-0.21034619,0.33125108,-226.45845,-367.78467,2490.481
14.529165,-0.046491686,-2.4863222,-0.2582662,0.3273438,-227.8934,-379.04755,2515.7185
14.522787,0.13390979,-2.4811385,-0.39753315,0.3305718,-232.1739,-403.66922,2561.3547
14.4650135,0.24482487,-2.457504,-0.46922362,0.32862356,-238.06137,-424.78372,2552.2034
14.342936,0.24957184,-2.4610746,-0.47890335,0.32995012,-244.89873,-489.40076,2540.2275
14.4268675,0.4296115,-2.4381738,-0.6006149,0.3355988,-249.76352,-543.93427,2562.8884
14.878326,0.5028289,-2.417695,-0.64724755,0.33549237,-256.71622,-571.1323,2566.778
15.036631,0.5482502,-2.4197998,-0.6744541,0.34154296,-251.37009,-581.0096,2558.6404
14.505686,0.52042836,-2.4217625,-0.6582625,0.3388593,-244.52376,-566.7191,2533.625
14.40851,0.35182786,-2.4288738,-0.58541626,0.32733333,-237.35646,-516.9199,2515.023
14.368198,0.26498282,-2.4431736,-0.52066153,0.3258829,-237.46523,-493.2198,2500.0476
13.781658,0.06705743,-2.4793773,-0.3783293,0.3272412,-234.4531,-437.8645,2488.623
13.691178,-0.008182042,-2.49144,-0.31307158,0.32905743,-228.11012,-404.7919,2475.1738
14.092317,-0.1839813,-2.5052795,-0.18862529,0.33230367,-224.59888,-365.84918,2437.4546
14.261932,-0.23248743,-2.5001245,-0.145482,0.33119723,-223.87653,-357.52374,2423.8809
14.179453,-0.24646641,-2.4994428,-0.13021336,0.3314362,-223.83875,-355.196,2417.6738
14.033986,-0.26083452,-2.5021832,-0.117068574,0.33305028,-224.46858,-353.90088,2421.5554
