14.559804,0.0,0.0,0.0,0.43301272,-395.07178,-88.824524,2439.1716
14.254513,0.0,0.0,0.0,0.43301272,-391.97784,-96.026276,2439.6885
14.222611,0.0,0.0,0.0,0.43301272,-389.8849,-100.16107,2441.744
14.032657,0.0,0.0,0.0,0.43301272,-385.31174,-95.354614,2438.8804
13.696349,0.0,0.0,0.0,0.43301272,-379.73242,-88.19537,2442.1248
13.549652,0.0,0.0,0.0,0.43301272,-379.67114,-85.94272,2447.618
13.586375,0.0,0.0,0.0,0.43301272,-378.80017,-91.19647,2446.2415
13.362474,0.0,0.0,0.0,0.43301272,-384.26453,-113.776764,2445.5315
13.506626,0.0,0.0,0.0,0.43301272,-388.0777,-139.82559,2452.9387
14.093275,0.0,0.0,0.0,0.43301272,-393.7545,-182.95697,2468.5886
14.533595,0.0,0.0,0.0,0.43301272,-381.2303,-216.79346,2506.6252
15.058076,0.0,0.0,0.0,0.43301272,-377.32837,-229.01523,2546.2034
15.432089,0.0,0.0,0.0,0.43301272,-379.96924,-236.45566,2577.3694
15.769053,0.0,0.0,0.0,0.43301272,-380.00543,-208.01598,2552.8223
15.599899,0.0,0.0,0.0,0.43301272,-397.98703,-180.35056,2526.6316
15.760337,0.0,0.0,0.0,0.43301272,-407.73535,-164.33482,2507.0776
15.790999,0.0,0.0,0.0,0.43301272,-420.90524,-144.95822,2491.1404
15.756268,0.0,0.0,0.0,0.43301272,-426.48047,-132.0893,2475.588
15.928859,0.0,0.0,0.0,0.43301272,-440.2565,-92.99063,2442.774
16.079033,0.0,0.0,0.0,0.43301272,-448.39072,-75.550385,2432.4495
16.196095,0.0,0.0,0.0,0.43301272,-430.2257,-80.73038,2420.401
15.873254,0.0,0.0,0.0,0.43301272,-425.43384,-82.81247,2423.109
15.570143,0.0,0.0,0.0,0.43301272,-416.24396,-79.790405,2423.8901
15.302272,0.0,0.0,0.0,0.43301272,-404.77393,-81.862915,2426.7805
