15.08666,-1.2822202,0.1905247,-3.1959388,0.43797413,84.734314,564.3048,2449.6675
14.509209,-1.1503329,0.28483438,-3.2390652,0.43883848,82.4227,577.8278,2469.6848
14.444357,-0.9898512,0.15810694,-3.3204165,0.4410331,77.81959,594.07294,2477.4607
14.408153,-0.88840926,-0.107398845,-3.3688514,0.44221935,83.6259,565.3424,2473.4521
14.443231,-1.0447223,0.06382698,-3.3089914,0.44126666,78.98629,583.79913,2468.6343
14.738857,-1.246654,0.13314846,-3.216505,0.43980488,78.389694,575.44574,2443.5957
15.086889,-1.3723534,0.056081377,-3.1653807,0.43864962,79.43695,562.24005,2422.3489
14.614295,-1.5939655,-0.057462674,-3.051838,0.43427387,82.41546,531.51215,2383.7073
14.818827,-1.855123,-0.25911593,-2.84702,0.42631778,84.736885,462.4989,2343.6555
15.028182,-1.9781559,-0.43494406,-2.689581,0.42098176,86.7625,414.41528,2319.9841
15.056746,-0.80867916,0.24765247,-3.2579844,0.42230436,53.420475,322.19998,2299.9749
14.892216,0.67336446,1.0025098,-2.1065297,0.36195642,17.236755,229.80153,2281.509
14.874809,0.21689887,0.15689841,-0.6994313,0.2939207,19.50628,161.25415,2296.5974
15.111304,0.057194743,0.015855202,-0.20746978,0.26584664,35.577713,183.04086,2344.1018
14.978876,0.6496675,0.9044415,-1.2105272,0.31392646,52.326202,278.42493,2315.3826
15.472475,0.7661002,1.0665346,-2.2727437,0.37253144,82.31857,316.7252,2354.2808
15.701185,0.7135444,0.9933684,-2.6319723,0.38989744,90.73507,331.89096,2374.6367
15.440089,0.29363555,0.8121789,-3.211929,0.41850618,95.20898,439.09137,2389.959
15.836431,-0.34856954,0.3966452,-3.434303,0.43539986,88.11722,530.1157,2416.4116
