13.418077,-0.38310376,0.23907441,2.0971668,0.2724227,-250.86136,534.26697,2456.3647
13.513766,-0.53300357,0.27937502,2.0426934,0.26926768,-254.33704,545.42676,2422.9656
13.520729,-0.6773707,0.2754697,1.9986411,0.26844144,-253.69179,533.9586,2401.891
13.356296,-0.8859275,0.47361663,1.8070893,0.25938544,-253.78244,462.41183,2345.2456
13.313143,-0.9954155,0.5833,1.6383853,0.25070393,-253.01724,414.92618,2317.0906
13.460052,-0.39749554,0.24612512,0.5480978,0.6935478,-265.9706,320.6543,2300.228
13.745341,-0.42194098,0.2202835,0.54486936,0.69033206,-267.41595,275.8102,2307.795
13.321852,-1.4912477,0.10282287,1.60746,0.2744874,-232.46315,306.8916,2355.0469
13.2283745,-1.7360802,-0.20242497,1.4794116,0.2876321,-201.73111,312.69965,2375.8887
13.667785,-1.589755,0.11453434,1.532564,0.27663234,-246.11183,266.8867,2366.8232
13.89676,-1.3222886,0.6112407,1.4253252,0.25479436,-246.67589,264.73126,2304.4734
13.88765,-1.2213045,0.64523226,1.5000627,0.25523323,-252.79738,297.15192,2302.5298
13.5482235,-0.9740236,0.49407595,1.8259594,0.26868126,-265.4475,395.90823,2348.0852
13.902065,-0.92631984,0.37100917,1.9238769,0.27485347,-267.59647,428.6834,2370.054
14.006891,-0.75440174,0.21360311,2.0360901,0.27750358,-278.51224,507.3589,2396.759
14.245967,-0.6620888,0.06447421,2.095911,0.2806093,-296.8272,544.3183,2428.492
14.355948,-0.46454862,0.056846656,2.143502,0.28139198,-306.19473,567.2614,2464.9402
