16.087465,0.0,0.0,0.0,0.43301272,80.557365,-719.24225,2182.9846
15.948082,0.0,0.0,0.0,0.43301272,76.327385,-718.3234,2195.3967
15.836517,0.0,0.0,0.0,0.43301272,82.077126,-722.53394,2204.9128
15.355847,0.0,0.0,0.0,0.43301272,84.65698,-721.4247,2214.6443
14.921063,0.0,0.0,0.0,0.43301272,73.36233,-731.81213,2223.0925
14.763634,0.0,0.0,0.0,0.43301272,82.639786,-725.176,2224.4194
14.275608,0.0,0.0,0.0,0.43301272,89.18533,-718.56116,2226.7898
14.637793,0.0,0.0,0.0,0.43301272,91.30318,-723.645,2220.0146
14.946423,0.0,0.0,0.0,0.43301272,96.47224,-723.1836,2206.4302
15.207935,0.0,0.0,0.0,0.43301272,87.22946,-737.17725,2214.7512
15.448538,0.0,0.0,0.0,0.43301272,90.52991,-742.0597,2206.2722
15.681883,0.0,0.0,0.0,0.43301272,77.30598,-741.28894,2201.912
15.423047,0.0,0.0,0.0,0.43301272,87.71555,-729.0835,2199.714
15.662666,0.0,0.0,0.0,0.43301272,83.9841,-728.2815,2191.769
15.237085,0.0,0.0,0.0,0.43301272,87.57273,-722.0427,2194.8833
14.94099,0.0,0.0,0.0,0.43301272,86.55068,-721.3413,2175.677
15.004211,0.0,0.0,0.0,0.43301272,89.06741,-719.0399,2172.3657
15.461405,0.0,0.0,0.0,0.43301272,86.250854,-722.07556,2169.9595
15.442854,0.0,0.0,0.0,0.43301272,81.06257,-723.7103,2170.105
15.295291,0.0,0.0,0.0,0.43301272,80.28671,-710.935,2171.1548
15.369756,0.0,0.0,0.0,0.43301272,84.07465,-712.9224,2170.6147
