12.935179,0.0,0.0,0.0,0.43301272,-277.19583,-814.524,2445.8088
12.65406,0.0,0.0,0.0,0.43301272,-272.99918,-815.214,2439.959
13.220919,0.0,0.0,0.0,0.43301272,-277.526,-819.06006,2438.9907
13.938013,0.0,0.0,0.0,0.43301272,-280.96744,-824.40027,2444.7668
14.319915,0.0,0.0,0.0,0.43301272,-282.2665,-825.45215,2447.6172
14.320464,0.0,0.0,0.0,0.43301272,-282.03882,-818.65,2457.4934
14.877972,0.0,0.0,0.0,0.43301272,-281.97076,-824.0141,2467.7322
14.865915,0.0,0.0,0.0,0.43301272,-282.43948,-827.5813,2475.7693
15.271985,0.0,0.0,0.0,0.43301272,-285.9549,-830.83264,2481.9282
15.191243,0.0,0.0,0.0,0.43301272,-285.45132,-815.8906,2481.4949
15.471891,0.0,0.0,0.0,0.43301272,-283.1518,-830.3751,2482.356
15.702883,0.0,0.0,0.0,0.43301272,-283.8448,-825.1686,2477.929
16.1257,0.0,0.0,0.0,0.43301272,-278.66223,-820.7046,2468.1392
15.963137,0.0,0.0,0.0,0.43301272,-303.93915,-842.7964,2455.4736
16.017399,0.0,0.0,0.0,0.43301272,-294.28204,-833.1981,2444.0461
15.835978,0.0,0.0,0.0,0.43301272,-286.79068,-816.4542,2440.3625
15.439041,0.0,0.0,0.0,0.43301272,-284.20648,-821.2803,2439.7578
14.369217,0.0,0.0,0.0,0.43301272,-286.91336,-822.1114,2419.0095
14.25984,0.0,0.0,0.0,0.43301272,-292.5462,-801.94336,2446.5793
