13.719423,-0.073433116,0.23697245,0.105623,0.4303444,-89.471344,584.071,2489.6333
13.922107,-0.2690254,0.20895459,0.09482664,0.43032998,-90.15695,580.7509,2477.217
13.942156,-0.78176683,0.21096765,0.08891194,0.42839473,-89.24382,566.80457,2445.7068
14.169042,-1.4937155,0.11502607,0.08680202,0.42294273,-86.48479,531.33606,2405.2644
14.104889,-1.8428806,0.105034694,0.07451787,0.41845977,-85.64894,499.27014,2385.9036
14.386015,-2.41389,0.06054916,0.10559503,0.40503868,-83.27654,408.76923,2345.2761
14.354986,-2.7355604,0.0037494816,0.11993175,0.3907949,-75.26939,301.72845,2317.1575
14.165516,-2.8216543,-0.029995559,0.112046584,0.3846252,-72.50769,242.21716,2306.5605
14.04816,-2.888278,-0.038720977,0.08056337,0.3755156,-70.15465,167.19447,2293.0117
14.0632715,-2.8958817,-0.01720319,0.051930293,0.373906,-67.47329,153.86636,2295.8572
13.674043,-2.8955982,-0.05766287,0.05826801,0.3767287,-64.995636,190.83916,2291.07
13.962971,-2.8652782,-0.019400561,0.031078873,0.3832127,-67.05757,238.8302,2289.964
13.725175,-2.5212393,-0.0064814775,0.017607147,0.4049203,-70.66025,360.26065,2323.9224
14.038325,-2.2527049,0.04022109,0.015901435,0.41236454,-73.71862,414.92728,2342.1106
14.071106,-1.4221805,0.09438042,0.0657061,0.4243771,-77.93304,497.63843,2385.0947
14.092421,-0.7197221,0.13748601,0.08058678,0.42925557,-82.637,548.53687,2421.6548
14.114891,-0.40355673,0.15244366,0.086061694,0.43034983,-85.342064,563.095,2438.1733
