14.592786,0.01930549,-0.15043272,0.06763217,0.4314347,-81.72278,340.13794,2464.888
14.722325,-0.05365766,-0.1002786,0.06668617,0.43154943,-84.09656,335.02863,2461.5098
14.306017,-0.18639229,-0.079018116,0.06218024,0.4316006,-84.78916,332.21832,2459.1333
13.625414,-0.47318316,-0.120180674,0.06621748,0.43101105,-85.55916,321.75192,2454.2317
13.352665,-0.98001045,-0.07038145,0.053890865,0.42903206,-86.19049,305.4503,2453.9639
13.337819,-1.425101,-0.13170962,0.045332093,0.42586523,-87.304855,282.26624,2454.291
13.897484,-2.248577,0.052698318,-0.07077168,0.41454318,-89.88336,224.31354,2456.8987
14.478875,-2.634003,-0.027194897,-0.024697931,0.40200067,-91.39689,162.12569,2459.9194
14.890598,-2.820082,0.034781177,-0.05438898,0.39052507,-90.14162,76.20581,2475.7107
15.268857,-2.8702374,-0.13278884,0.08419302,0.383076,-87.95848,18.620848,2484.0176
15.595763,-2.8650475,-0.22817056,0.112928055,0.3843722,-93.36429,-0.16507006,2489.2874
15.898585,-2.8132825,-0.4083636,0.1966343,0.3876562,-98.22325,37.46359,2479.755
15.9811945,-2.7738137,-0.36468866,0.16213243,0.3920201,-98.16057,79.28735,2475.9475
16.21757,-2.4093199,-0.04185241,0.030735824,0.40864518,-95.184074,152.11789,2479.3254
16.119526,-1.7207856,0.1426916,0.023386272,0.421248,-91.80104,225.41718,2478.0117
16.169086,-1.0451993,0.20782857,0.035643097,0.4278156,-89.03046,272.25604,2472.2676
16.040415,-0.7218486,0.27297002,0.050461352,0.42923978,-86.92889,298.03177,2474.9404
15.127237,0.14903334,0.1841454,-0.069279306,0.43424845,-87.70921,279.57446,2460.0938
