14.457474,0.4879573,0.7726588,-0.35346538,-0.19989546,589.1497,263.24005,1869.3362
14.408107,-0.3576525,-0.34271628,0.687742,0.5306986,411.26965,189.6416,2283.8708
14.376608,-1.0421062,-0.7511431,1.3037549,0.2528334,416.93326,242.08572,2241.7954
14.417439,-1.2740105,-0.98384833,1.064012,0.27020985,429.0207,230.15341,2274.5723
14.635629,-1.263431,-0.9494839,1.1291275,0.26900274,432.28027,239.32956,2285.7349
14.407707,-1.32657,-0.974979,1.097218,0.2734712,442.0414,247.31897,2323.275
14.366995,-1.3406326,-1.0257463,1.0120252,0.27529016,433.37265,243.38278,2362.4302
14.497793,-1.4242297,-1.1190214,0.90481746,0.2824086,410.87152,220.84412,2420.0247
14.598058,1.0849662,1.748686,0.56089383,0.27394527,757.71326,252.57384,2606.437
14.255066,1.2516637,1.3157493,-0.6706121,0.3151008,419.81815,272.2152,2597.9546
13.954971,1.3750306,1.3706353,-0.6994763,0.32312915,424.74747,288.6016,2669.7532
13.907355,1.339691,1.2957021,-0.58696055,0.317773,417.78287,256.91113,2687.951
13.770853,-0.07238314,-0.42111477,0.78728795,0.44452295,168.94867,299.76837,2952.1528
13.686498,0.0391003,-0.1395527,0.85139626,0.50410396,194.47359,272.11072,2928.1975
13.747849,0.90729314,0.84757185,1.8063112,0.27401522,170.7149,254.30013,2919.6287
13.785549,0.94683945,0.8370021,1.7918348,0.2740823,168.25981,266.61465,2912.4617
13.931633,1.5714804,0.2867201,1.7650539,0.2995489,-200.45485,272.63843,2648.0518
14.181586,1.5443802,0.03787515,1.7772094,0.29811683,-206.60747,284.485,2645.7034
14.062388,1.1988262,-0.4466824,1.8283802,0.28618944,-285.0894,279.40448,2522.5698
14.013044,0.95646507,-0.5413155,1.8841977,0.27997965,-299.4129,290.9878,2459.0027
