14.457474,-1.1981547,-2.4827676,-0.43337283,0.3756302,743.9691,-338.12268,1940.2704
14.408107,-0.19576097,0.70805234,0.11469374,0.6687188,547.14703,-396.2456,2234.2266
14.376608,-0.3521332,1.9765832,0.16761534,0.25351173,571.65356,-353.7337,2238.7222
14.417439,-0.2568473,2.0897183,0.68934965,0.2944096,574.8789,-371.37704,2280.538
14.635629,-0.30415857,2.1596208,0.5167853,0.2974779,587.02686,-392.24127,2298.2866
14.407707,-0.2506087,2.253221,0.43525338,0.31352296,598.0929,-400.9952,2343.206
14.366995,-2.0543282,0.7973646,0.65117675,0.37774292,588.46387,-390.19452,2372.5088
14.497793,-0.14735135,0.9460468,0.22235537,0.1839588,557.98114,-380.15552,2495.598
14.598058,-0.04518904,0.85417604,0.5080957,0.10089611,462.13364,-376.64087,2705.707
14.255066,-0.036774684,0.97533375,-0.110756464,-0.18736257,385.32678,-370.53918,2584.2637
13.954971,0.09920141,0.87369466,-0.044633813,-0.47415665,248.24142,-390.3659,2577.4124
13.907355,0.048790317,0.85297936,-0.055689417,-0.51666653,190.04105,-394.35913,2580.53
13.770853,-1.1073632,2.0319495,-0.012478661,0.3681342,-26.183716,-367.58862,2642.8875
13.686498,-0.80739605,1.7698762,-0.6022,0.41361192,-131.76544,-412.79053,2570.154
13.747849,-0.34026378,1.8193495,-0.80133885,0.4218854,-137.06677,-402.65262,2539.0999
13.785549,-0.42493737,0.9173943,-0.4729113,0.43523583,-197.17621,-385.91992,2547.7263
13.931633,0.9945211,-0.9714689,0.09721465,0.41758776,-201.51144,-401.44525,2557.8274
14.181586,1.0289227,-1.0361576,-0.028399954,0.41894805,-203.81073,-392.2497,2559.92
14.062388,-0.01714663,0.99344933,0.09832991,0.05563916,-262.2697,-343.61737,2402.481
14.013044,-1.0010586,-0.3419122,-0.46416,0.43916848,-223.8772,-308.90158,2191.344
