9.735658,0.0,0.0,0.0,0.43301272,-53.341965,-5.7650757,2109.6926
9.492587,0.0,0.0,0.0,0.43301272,458.26578,147.99109,1547.6088
9.417713,0.0,0.0,0.0,0.43301272,187.63571,262.01932,2305.7183
9.14808,0.0,0.0,0.0,0.43301272,187.65648,263.65652,2158.7686
8.936996,0.0,0.0,0.0,0.43301272,276.28915,208.05801,2216.7144
8.666306,0.0,0.0,0.0,0.43301272,792.08276,59.319427,2171.0356
8.779171,0.0,0.0,0.0,0.43301272,797.6554,30.282196,2306.629
8.901983,0.0,0.0,0.0,0.43301272,757.5856,31.78656,2423.0696
8.974841,0.0,0.0,0.0,0.43301272,635.43524,50.760147,2561.1245
9.078432,0.0,0.0,0.0,0.43301272,335.81256,167.42477,2348.5781
9.082956,0.0,0.0,0.0,0.43301272,258.16022,689.4922,2405.8118
9.1515045,0.0,0.0,0.0,0.43301272,226.01836,620.51917,2420.0332
9.181618,0.0,0.0,0.0,0.43301272,109.695984,600.74384,2418.7625
9.225542,0.0,0.0,0.0,0.43301272,83.39426,-16.876923,2244.768
9.273981,0.0,0.0,0.0,0.43301272,-37.96678,-29.2816,2229.4004
