13.804651,0.0,0.0,0.0,0.43301272,170.37498,-45.430298,2311.1719
14.331885,0.0,0.0,0.0,0.43301272,130.73274,-21.833618,2312.503
13.913545,0.0,0.0,0.0,0.43301272,102.1804,-13.884308,2282.5012
13.9567585,0.0,0.0,0.0,0.43301272,113.66631,-26.159973,2276.9531
14.143597,0.0,0.0,0.0,0.43301272,144.07516,-20.302155,2312.4456
14.5507965,0.0,0.0,0.0,0.43301272,177.9088,-21.150787,2360.6064
14.4176,0.0,0.0,0.0,0.43301272,180.18997,-47.42813,2374.5083
14.13866,0.0,0.0,0.0,0.43301272,193.31924,-71.12262,2378.6057
13.659549,0.0,0.0,0.0,0.43301272,153.3334,-11.591827,2354.1316
13.091199,0.0,0.0,0.0,0.43301272,224.93637,-51.98239,2329.1174
12.981318,0.0,0.0,0.0,0.43301272,177.37813,-28.584991,2380.0735
12.974595,0.0,0.0,0.0,0.43301272,200.29703,6.0648193,2414.2844
12.6398735,0.0,0.0,0.0,0.43301272,204.14996,-12.611755,2401.7507
12.291494,0.0,0.0,0.0,0.43301272,277.4754,-45.655365,2377.0767
12.623611,0.0,0.0,0.0,0.43301272,712.072,-8.302368,2042.4896
12.817336,0.0,0.0,0.0,0.43301272,772.2167,0.4607544,2192.8157
12.771965,0.0,0.0,0.0,0.43301272,794.64734,-28.980743,2282.7268
12.6779785,0.0,0.0,0.0,0.43301272,810.18964,-68.37659,2410.4258
12.610168,0.0,0.0,0.0,0.43301272,746.63306,-122.016205,2606.533
12.381277,0.0,0.0,0.0,0.43301272,746.3173,184.68446,2574.6816
12.386237,0.0,0.0,0.0,0.43301272,367.56003,-19.155975,2290.3435
12.572488,0.0,0.0,0.0,0.43301272,321.37006,-38.77278,2245.4658
13.268824,0.0,0.0,0.0,0.43301272,255.94832,-35.34221,2295.372
12.852252,0.0,0.0,0.0,0.43301272,182.0934,-47.404602,2318.7363
12.779415,0.0,0.0,0.0,0.43301272,84.89752,-79.84186,2369.4011
12.8644905,0.0,0.0,0.0,0.43301272,177.47238,-67.30737,2354.2458
12.513395,0.0,0.0,0.0,0.43301272,167.11288,-60.10086,2348.9092
12.484467,0.0,0.0,0.0,0.43301272,176.35728,-78.90979,2343.549
12.768473,0.0,0.0,0.0,0.43301272,186.69788,-101.95926,2302.3618
12.887405,0.0,0.0,0.0,0.43301272,176.45642,-102.00256,2265.177
