10.11504,-1.2861625,1.4106947,-2.2514231,0.37043792,78.69979,482.304,2375.9224
10.073503,-1.5860244,1.4296093,-2.0441756,0.36951447,-90.234146,546.49744,2353.211
9.927701,-1.672571,1.3960896,-2.086748,0.37739784,-105.67832,545.42035,2335.009
9.923495,-1.5835752,1.3885819,-2.3210878,0.39507407,-72.24864,582.9646,2308.6172
9.762456,-0.5948534,0.85163015,-3.2576017,0.43728662,-131.43234,552.4237,2222.5059
9.451644,0.058885176,0.17496116,-3.4720588,0.4478456,-154.18971,591.5609,2184.6226
9.518539,-0.17767568,0.14309424,-3.4889834,0.4442857,-152.07957,597.4426,2125.5432
9.562478,0.35694697,-0.85901904,-3.306479,0.43165883,-128.4798,580.70593,2063.8318
9.326514,0.23821956,-1.2352673,-3.0841546,0.41638047,-96.81628,581.4603,2055.4756
9.297798,0.2655038,-1.6816988,-2.311235,0.36519518,-16.31801,565.097,1980.7119
9.299868,0.3833071,-1.6885469,-2.5108743,0.382375,-11.369709,579.38947,1970.0889
9.313668,0.53423196,-1.7332176,-2.2728186,0.36592174,2.5214024,606.926,1955.846
9.285079,-0.70617044,-0.79442453,-0.82274234,0.30028188,152.7225,431.57617,1904.2479
9.332175,-0.6548791,0.7234761,-0.02131643,-0.21739653,262.37085,379.57788,1722.174
9.431655,0.64916474,-0.56929404,-0.21497457,-0.45637187,417.99725,357.4423,1822.889
9.496183,1.2946572,2.1658833,-1.587863,0.37360424,478.90216,489.1819,1874.8208
9.493197,-1.5007354,1.2175117,-1.6190858,0.32635748,462.8754,415.97382,1779.6255
9.541255,-0.9560276,0.47333556,-3.1539586,0.41772184,553.69696,338.25577,1905.6233
9.634043,1.9405291,-0.3948671,-1.4716412,0.34291887,402.9069,611.35785,2205.4841
9.595688,-1.9418104,1.1688663,-1.7521136,0.35903537,577.527,583.59894,1995.5919
