13.804651,-1.5011533,1.3036249,-2.498241,0.4023881,104.57506,515.1794,2462.8213
14.331885,-1.5879016,1.2578812,-2.450197,0.39963526,73.21223,541.9298,2448.449
13.913545,-1.1967729,0.7530028,-3.0798597,0.43146077,34.46268,551.3614,2427.0974
13.9567585,-0.45153975,-0.11407848,-3.461472,0.4450087,11.289193,548.1618,2394.4421
14.143597,-0.07418176,-0.70635444,-3.3984118,0.44064698,11.330163,553.53485,2377.6667
14.5507965,0.25600368,-1.5120425,-2.8881292,0.40900645,34.502354,548.752,2326.6812
14.4176,0.2673315,-1.6022179,-2.7438662,0.39864248,47.14424,540.1193,2313.9272
14.13866,0.31045532,-1.624697,-2.6425934,0.3904674,59.982075,544.0139,2319.7146
13.659549,-0.256874,-1.6281478,-2.3360634,0.36984783,119.10894,534.9656,2247.89
13.091199,0.18422322,-1.5485622,-2.208787,0.35404915,208.0532,516.9605,2239.217
12.981318,0.20665841,-1.5791616,-2.1826763,0.35260403,167.93497,518.6335,2267.5012
12.974595,1.1784923,-1.4847498,-2.158949,0.36165494,202.26143,543.4728,2274.6853
12.6398735,-1.4668738,-0.56838495,-2.9520776,0.42031124,204.95314,514.49725,2268.7954
12.291494,-1.5024095,-1.2264327,-1.7243881,0.3691809,360.03455,533.4651,2291.957
12.623611,-0.9839491,-2.1855984,-1.798483,0.37494764,353.86047,519.67786,2309.8657
12.817336,0.6936555,-0.5207422,0.32603818,-0.37599018,606.5637,541.9076,2169.1284
12.771965,0.6249783,-0.4771136,0.38668206,-0.4819146,632.21814,532.2446,2218.0295
12.6779785,-1.2834738,0.6229525,-0.80933166,0.25868765,647.55066,519.8629,2257.638
12.610168,-1.4297092,0.5552937,-1.440318,0.31782717,705.70416,320.6178,2414.2524
12.381277,0.18297142,-1.8686317,-2.3420277,0.37598747,689.58716,449.19757,2487.6877
12.386237,-2.4412508,-0.0450735,-2.212273,0.4121383,498.47604,503.5158,2438.8486
12.572488,-1.3632777,1.5781074,-1.5037222,0.32367092,411.3875,472.11505,2433.0828
13.268824,-1.3318573,1.4950451,-1.2820399,0.3023076,342.05368,491.2951,2463.105
12.852252,-1.3836367,1.4742601,-1.2100966,0.2993186,295.4435,501.61963,2489.8901
12.779415,-1.4480081,1.4765929,-1.154532,0.2996989,132.68748,523.32166,2557.0132
12.8644905,-1.6313996,1.4845395,-1.7968979,0.35571823,202.19391,505.26965,2524.05
12.513395,-1.7105107,1.3539383,-2.0984995,0.37863472,134.02798,527.03674,2487.9265
12.484467,-1.6264329,1.1687531,-2.4723177,0.3986488,120.55033,533.3943,2453.4124
12.768473,-1.2874305,0.7076057,-3.0536246,0.42876723,88.91103,550.11145,2385.947
12.887405,-1.1158625,0.51295084,-3.2046762,0.43480334,84.833725,552.0166,2352.264
