28.139284,0.0,0.0,0.0,0.43301272,-27.690735,-689.9199,2191.2751
26.214266,0.0,0.0,0.0,0.43301272,-21.857307,-681.3218,2255.7952
24.591503,0.0,0.0,0.0,0.43301272,-3.1102295,-666.7634,2237.5054
23.254555,0.0,0.0,0.0,0.43301272,-8.131638,-696.6577,2230.6667
22.09365,0.0,0.0,0.0,0.43301272,282.73663,-736.881,1956.8004
21.242949,0.0,0.0,0.0,0.43301272,337.4817,-726.7845,1928.8511
20.193647,0.0,0.0,0.0,0.43301272,452.47263,-602.69836,1951.8168
19.250944,0.0,0.0,0.0,0.43301272,446.09344,-646.30225,1960.0686
18.183573,0.0,0.0,0.0,0.43301272,417.32373,-657.96436,1947.3345
16.874662,0.0,0.0,0.0,0.43301272,597.4002,-730.4922,2126.5522
16.461653,0.0,0.0,0.0,0.43301272,592.3864,-729.2197,2532.4922
15.711381,0.0,0.0,0.0,0.43301272,820.04333,-792.2251,2260.0916
15.268896,0.0,0.0,0.0,0.43301272,756.1988,-859.3761,2480.3123
14.925509,0.0,0.0,0.0,0.43301272,755.2223,-862.7975,2479.2385
14.72511,0.0,0.0,0.0,0.43301272,745.749,-837.3783,2467.6116
14.311918,0.0,0.0,0.0,0.43301272,724.4377,-829.05615,2425.012
