14.284985,0.0,0.0,0.0,0.43301272,673.4802,-775.88806,2082.9644
13.963899,0.0,0.0,0.0,0.43301272,672.33215,-795.07886,2111.8594
13.63387,0.0,0.0,0.0,0.43301272,676.8001,-768.1926,2250.5796
13.230956,0.0,0.0,0.0,0.43301272,575.0652,-823.94366,2399.6484
13.730877,0.0,0.0,0.0,0.43301272,528.0525,-810.6798,2432.7942
14.012479,0.0,0.0,0.0,0.43301272,431.84973,-807.91833,2520.3464
14.03824,0.0,0.0,0.0,0.43301272,390.85596,-809.8883,2571.8816
13.624513,0.0,0.0,0.0,0.43301272,334.2662,-815.6245,2712.885
13.935588,0.0,0.0,0.0,0.43301272,333.59344,-759.55914,2649.4795
13.77144,0.0,0.0,0.0,0.43301272,-36.288746,-807.603,2607.7964
13.404475,0.0,0.0,0.0,0.43301272,-38.350895,-784.345,2638.4773
13.207836,0.0,0.0,0.0,0.43301272,-54.870396,-772.63586,2648.8584
13.183042,0.0,0.0,0.0,0.43301272,-59.598656,-767.9884,2647.8499
12.75444,0.0,0.0,0.0,0.43301272,-174.23515,-745.0122,2515.384
12.362257,0.0,0.0,0.0,0.43301272,-288.6183,-727.85046,2330.0803
13.021441,0.0,0.0,0.0,0.43301272,-366.44763,-654.7908,2415.0361
13.771076,0.0,0.0,0.0,0.43301272,-338.91534,-670.38306,2462.875
14.069751,0.0,0.0,0.0,0.43301272,-336.4978,-672.04675,2464.2104
13.751033,0.0,0.0,0.0,0.43301272,-325.26105,-666.5232,2396.9075
13.530125,0.0,0.0,0.0,0.43301272,-233.96019,-703.84045,2160.8816
13.536004,0.0,0.0,0.0,0.43301272,-220.51666,-733.5654,2130.1467
