12.099753,0.0,0.0,0.0,0.43301272,-124.630516,-781.655,2499.5046
12.475599,0.0,0.0,0.0,0.43301272,-131.4895,-750.08813,2449.8054
12.783644,0.0,0.0,0.0,0.43301272,-119.14914,-714.3971,2336.4978
12.909141,0.0,0.0,0.0,0.43301272,-81.07602,-712.6591,2228.6958
12.854232,0.0,0.0,0.0,0.43301272,-14.482414,-801.9084,2080.46
13.276257,0.0,0.0,0.0,0.43301272,51.479187,-764.7212,2419.477
13.097046,0.0,0.0,0.0,0.43301272,54.84156,-801.46735,2201.8445
12.903458,0.0,0.0,0.0,0.43301272,37.67562,-749.13245,2068.3125
12.825116,0.0,0.0,0.0,0.43301272,109.05226,-786.91174,2371.3472
12.916172,0.0,0.0,0.0,0.43301272,365.74567,-688.9442,1935.6427
12.923703,0.0,0.0,0.0,0.43301272,381.67847,-730.0836,1935.3225
13.035513,0.0,0.0,0.0,0.43301272,454.02045,-620.8467,1927.5118
13.100098,0.0,0.0,0.0,0.43301272,524.4664,-588.99963,2240.9773
13.196277,0.0,0.0,0.0,0.43301272,526.18384,-653.6345,2241.518
13.111306,0.0,0.0,0.0,0.43301272,694.50507,-766.77344,2097.9785
13.430063,0.0,0.0,0.0,0.43301272,669.76355,-644.22174,2404.3328
13.526253,0.0,0.0,0.0,0.43301272,834.70654,-848.6509,2090.2837
13.460714,0.0,0.0,0.0,0.43301272,748.9819,-897.69495,2158.4517
13.378429,0.0,0.0,0.0,0.43301272,754.4164,-884.74036,2229.23
13.29924,0.0,0.0,0.0,0.43301272,784.14154,-828.4181,2383.658
13.514354,0.0,0.0,0.0,0.43301272,860.065,-825.0615,2530.8381
13.010514,0.0,0.0,0.0,0.43301272,813.54425,-715.6399,2361.809
13.028858,0.0,0.0,0.0,0.43301272,530.8987,-857.78,2539.2695
