19.515999,-0.2931245,-0.3221731,-0.5205988,0.44216874,-89.281136,587.57086,2286.2542
18.66938,-0.41437104,-1.899694,-0.49995008,0.4191274,-73.689514,578.33887,2268.871
16.829653,-0.06044844,-2.5386941,-0.4269586,0.35935348,19.29081,557.7964,2209.7083
16.320812,0.64826614,-0.48987016,-0.6485914,0.44133982,44.732494,411.3795,2095.7686
15.502294,0.009015974,-2.5136378,-0.8342345,0.37895504,109.86415,462.0158,2123.23
14.7885275,-1.1667894,2.164797,-0.8901065,0.37470344,162.02286,401.95273,2172.9487
14.195745,0.15083067,0.8330543,0.07488519,-0.52693564,232.003,448.11157,2073.2288
13.75016,1.957302,1.9384576,0.40652177,0.37302923,322.12323,575.0224,2060.486
13.363482,1.965204,1.8038815,0.49899682,0.37969375,342.58932,557.5722,2088.7551
13.276515,2.2285228,1.2352479,0.3409275,0.40039474,353.54285,549.29395,2106.2073
13.05673,1.8855009,0.75821024,0.15320829,0.41751945,359.17227,508.37973,2206.2947
12.7656555,2.1128998,0.347647,0.8653103,0.38990933,358.8559,516.4404,2242.1687
12.303261,1.9178514,0.30803254,1.0725157,0.38547477,361.75912,535.59784,2322.623
12.204496,0.029632771,0.6978276,0.2239704,0.67970175,325.6397,488.08856,2448.2847
