14.930169,-0.5562514,-0.36532655,0.14614294,0.42869338,-124.53856,916.961,2214.279
14.320858,-0.22757842,-0.41097352,0.15706769,0.42869684,-129.18341,924.2723,2274.1306
14.605196,-0.09751129,-0.46379787,0.12973529,0.4289993,-129.49203,926.3911,2297.5142
14.614588,0.11901136,-0.49031404,0.15896787,0.4278369,-136.3917,929.91797,2336.23
14.789659,0.19012825,-0.5233882,0.16861938,0.4271972,-140.15932,923.903,2348.058
14.460945,0.26635072,-0.52290374,0.17734176,0.4267576,-150.05806,925.5535,2362.4163
14.476753,0.28169045,-0.41265208,0.1873129,0.42724392,-155.31824,925.5901,2364.4995
14.696906,0.29220575,-0.41802824,0.18821962,0.42715558,-155.54547,931.38025,2365.597
14.298796,0.14040682,-0.39537412,0.17386782,0.42802715,-150.75131,932.17975,2338.5188
14.353656,-0.108830325,-0.38619462,0.18112318,0.428242,-148.10161,934.14777,2296.5386
14.689759,-0.35457352,-0.1896788,0.21289185,0.42795196,-154.74481,929.7179,2252.1104
14.674304,-0.5194964,-0.18502437,0.21422525,0.42756316,-154.00636,925.92773,2222.4773
14.117354,-0.9576344,-0.14234057,0.2347657,0.4251656,-150.69965,899.42633,2139.971
14.036752,-1.128772,-0.08421516,0.2087068,0.42450628,-148.88455,885.7914,2104.8872
14.589771,-1.4442953,-0.170388,0.34185088,0.41855997,-151.37984,840.7498,2045.7242
14.228308,-1.7315811,-0.13809417,0.33383402,0.41507387,-146.16641,798.724,1989.2642
14.438693,-1.9861956,-0.16861817,0.12104785,0.41682148,-118.04418,753.4759,1945.7948
14.313889,-2.0086615,-0.07205882,0.20244974,0.41367346,-129.86134,718.9625,1957.1284
14.204291,-1.952241,-0.76918525,0.14100592,0.41682115,-81.35486,691.6939,1980.932
13.836898,-2.0773768,-0.5128097,0.017154912,0.41867504,-71.11025,677.77014,1956.7125
13.810313,-2.1389701,-0.45515496,-0.033241834,0.4188009,-65.74251,678.74445,1947.4689
14.342592,-2.132838,-0.34477556,-0.09015645,0.4200604,-62.4358,696.2971,1946.0693
13.79639,-1.9655104,-0.381901,-0.093948916,0.42298713,-62.433693,742.7635,1981.5677
13.715951,-1.8228315,-0.43056807,-0.080405034,0.4247039,-64.64758,766.3366,2010.0911
13.6037245,-1.419733,-0.4452254,0.09081082,0.42513865,-90.84859,824.19464,2083.0269
14.350596,-0.9964965,-0.46830246,0.17040923,0.42617893,-107.49527,869.0656,2153.9016
14.79221,-0.57307076,-0.5616215,0.21575537,0.42623833,-122.78986,905.5562,2219.1528
