14.00286,0.048328485,-0.2282889,0.66725564,0.7073319,-299.17926,344.479,2331.4836
14.016727,0.057537794,-0.23556876,0.6665863,0.7048826,-296.59766,342.24634,2331.7244
14.162655,0.05611382,-0.22558838,0.67720324,0.69810957,-298.15857,344.06818,2330.9146
14.171362,0.041362748,-0.21145152,0.68154186,0.69934106,-299.53717,349.51822,2337.9734
14.045806,0.03678695,-0.20697157,0.6757295,0.7065402,-299.51324,361.9713,2343.465
13.62839,0.025431374,-0.19608128,0.6719428,0.71372145,-299.10822,368.26532,2345.4348
13.084269,0.016390644,-0.5279927,1.9296814,0.25023922,-297.33502,369.3901,2343.579
13.058828,-0.020729015,-0.16231388,0.68242437,0.7124055,-305.43604,367.46918,2338.4265
13.130777,-0.05120921,-0.1518455,0.6956888,0.7002412,-316.47845,370.62354,2331.522
13.5968485,-0.07129652,-0.13228874,0.69867426,0.6994789,-318.72684,373.90903,2327.4001
13.3014965,-0.116889186,-0.10316352,0.7117628,0.68490005,-320.39954,359.312,2321.1511
13.707203,-0.13448994,-0.09013561,0.71390545,0.68126875,-322.50146,351.17892,2318.5942
13.294502,-0.21106923,-0.08121009,0.7140788,0.6625301,-324.22195,332.63428,2313.9011
13.66426,0.4277927,-0.18163641,0.70740944,0.5325162,-194.19269,343.4122,2139.008
14.070621,0.3881427,-0.16480148,0.715579,0.55689555,-144.92126,164.38992,2102.329
13.614061,0.31813392,-0.13507642,0.72536725,0.5953048,-186.85632,173.022,2095.2654
13.603452,0.4384604,-0.28359404,0.7081103,0.4752964,-202.7214,345.91168,2079.2427
13.524366,0.39892018,-0.25801966,0.71903884,0.5072198,-176.66388,203.55215,2066.023
13.062542,0.3282792,-0.21232942,0.732119,0.5578089,-224.65497,240.21783,2121.2249
13.039155,0.29714352,-0.19219103,0.73551714,0.5777395,-245.79758,267.59714,2150.8894
12.9695215,0.24270427,-0.15698,0.73828584,0.6094144,-256.24014,329.24225,2210.699
13.407942,0.23021081,-0.19364548,0.72138035,0.62379074,-269.3693,460.51572,2259.0105
13.786759,0.16837858,-0.1876241,0.70970434,0.65784925,-292.35385,366.6046,2303.9844
14.006992,0.14709109,-0.18152323,0.7057038,0.6688765,-301.30307,352.05316,2322.1638
13.631262,0.13278839,-0.17617103,0.70364785,0.67543375,-311.3588,345.43005,2336.876
12.935368,0.114928566,-0.15882175,0.69522935,0.69153696,-323.95007,337.16898,2339.1536
12.836637,0.1245839,-0.16265647,0.6950773,0.689122,-324.96295,331.5074,2340.567
