18.38508,0.0,0.0,0.0,0.43301272,-71.7331,-616.8071,2274.6843
17.769266,0.0,0.0,0.0,0.43301272,-72.421646,-619.12427,2290.3423
17.035997,0.0,0.0,0.0,0.43301272,-58.016495,-635.4418,2294.702
16.557213,0.0,0.0,0.0,0.43301272,-30.475285,-635.60474,2285.5173
16.196117,0.0,0.0,0.0,0.43301272,-35.31253,-652.30536,2295.6335
16.161453,0.0,0.0,0.0,0.43301272,-54.019455,-678.96985,2305.8657
15.534327,0.0,0.0,0.0,0.43301272,-47.946186,-703.99426,2297.8164
15.42571,0.0,0.0,0.0,0.43301272,-51.20044,-695.45264,2286.0723
15.0324955,0.0,0.0,0.0,0.43301272,-21.92086,-752.17004,2270.3904
14.605213,0.0,0.0,0.0,0.43301272,-25.946844,-721.88403,2273.2773
14.463464,0.0,0.0,0.0,0.43301272,-28.434587,-692.6302,2258.2644
14.330449,0.0,0.0,0.0,0.43301272,-31.132034,-675.3389,2241.7625
13.959066,0.0,0.0,0.0,0.43301272,-25.059252,-685.73425,2205.004
13.732159,0.0,0.0,0.0,0.43301272,-18.471554,-681.2091,2198.6477
13.670903,0.0,0.0,0.0,0.43301272,13.63942,-921.9949,2118.8347
13.460923,0.0,0.0,0.0,0.43301272,-15.2997055,-645.63007,2199.2014
13.183463,0.0,0.0,0.0,0.43301272,-17.89901,-630.187,2199.859
13.093504,0.0,0.0,0.0,0.43301272,-7.8576202,-606.55963,2211.4817
12.993981,0.0,0.0,0.0,0.43301272,-3.89534,-629.02905,2210.9314
