15.872361,-0.07854538,2.1173985,0.2143232,0.26880792,-224.59618,234.47299,2310.0442
15.313487,-0.08325263,2.0953069,0.21097039,0.265557,-225.5903,234.57462,2310.712
14.818895,-0.08189573,2.0808454,0.21598929,0.2635677,-226.21985,234.52788,2310.179
14.89464,-0.0911111,2.037613,0.22945805,0.25788152,-218.79962,233.96384,2315.0042
15.049825,-0.06797309,2.0575898,0.22606051,0.26033106,-218.45325,232.94514,2316.097
14.697626,-0.07166609,2.0779493,0.22306477,0.2631847,-221.75224,234.54681,2320.4312
14.809585,-0.07518962,2.1255744,0.22172236,0.27015868,-208.701,234.80247,2324.529
14.735897,-0.06416779,2.1663687,0.18323979,0.27529156,-203.48521,232.8223,2329.652
14.292181,-0.04376256,2.1483743,0.16730052,0.27194345,-209.40807,232.33904,2352.068
14.244725,-0.044094387,2.1066062,0.17364363,0.2659729,-217.88113,234.62314,2368.1733
14.04824,-0.02830181,2.0911753,0.21616763,0.26447228,-224.71185,231.62427,2377.0405
13.71658,-0.033979163,2.0216959,0.23969163,0.25536636,-229.41255,227.6867,2386.6787
13.756794,-0.042283498,2.014485,0.25262228,0.25472158,-230.14197,223.19255,2391.211
13.727854,-0.03590152,1.9827269,0.26248825,0.250625,-230.0832,214.57726,2395.8694
13.434635,-0.020368801,2.0363235,0.28532925,0.258295,-234.3671,192.67844,2398.223
13.278593,-0.027296847,2.0335534,0.30356005,0.25842744,-231.69034,172.89705,2409.4763
13.365095,-0.0027894594,2.0924935,0.358777,0.26833266,-231.89667,115.3947,2413.766
13.077021,0.016425792,2.0741055,0.38264793,0.26624763,-231.8237,97.98888,2423.5325
13.227024,-0.027853848,2.0503206,0.41449767,0.26431653,-230.74556,89.79291,2431.3308
13.653071,-0.019260056,2.0581222,0.42761624,0.26586977,-234.22932,84.23784,2434.0483
14.245706,-0.017795721,2.0589569,0.4708759,0.26774183,-242.2897,83.20792,2429.1194
14.872554,-0.03920285,2.0479307,0.49008122,0.26718384,-245.89886,80.009796,2427.3604
14.9775095,0.007186937,2.00879,0.5022822,0.26140517,-238.5034,109.258896,2418.273
14.862456,0.005281557,2.0435503,0.46635422,0.26499736,-236.28166,112.60968,2414.5312
14.386427,0.011785755,2.0818684,0.44722915,0.26990467,-235.77185,143.84036,2393.353
14.181891,0.0050030043,2.1187685,0.42474154,0.27481234,-234.48633,168.47108,2379.767
13.9012985,-3.4267956E-4,2.151,0.3936877,0.27881712,-231.9739,176.6859,2372.488
13.533968,9.228801E-4,2.1280386,0.36781225,0.27406114,-225.39548,189.61134,2370.164
13.334845,0.020636614,2.1066692,0.33758053,0.26954105,-219.66423,194.21889,2366.4087
13.040783,0.03180221,2.1364498,0.31214797,0.27314436,-217.4066,204.48996,2350.364
12.831027,-0.0094994195,2.1524277,0.2963878,0.27554303,-212.36542,211.91658,2336.2097
13.769978,-0.03685138,2.1680055,0.24260314,0.27671528,-211.9442,228.56079,2327.1611
14.054217,-0.04273719,2.197651,0.24405168,0.2816595,-216.04279,232.41957,2322.871
