13.979648,-0.8411829,0.16330568,-0.16133182,0.43355143,42.584896,795.1665,2494.4885
14.211442,-0.92856264,0.0722948,-0.15978087,0.4333847,53.04277,788.6696,2481.596
14.134379,-1.014892,0.03808635,-0.17465746,0.43326253,57.94227,786.2847,2465.1658
13.578769,-1.4877653,0.010233489,-0.13303064,0.42852968,50.359917,756.48804,2399.352
13.539905,-1.7416339,-0.058298625,-0.08866202,0.4249165,44.08831,732.03235,2363.1028
13.549374,-2.105657,-0.07558947,-0.040327005,0.41805157,34.113007,683.8969,2303.5088
12.812493,-2.5749502,-0.0133923935,0.022178661,0.40283787,17.55791,569.3524,2207.3586
13.241175,-2.7416265,0.2179919,-0.06607862,0.39177233,11.165066,482.61462,2147.446
13.4448395,-2.7508197,0.42120272,-0.1853774,0.38707232,10.349646,449.43054,2126.5942
13.386343,-2.725546,0.615619,-0.3021329,0.3817472,10.05164,417.4463,2111.158
13.197477,-2.7019868,0.72406375,-0.40756562,0.378895,18.274475,365.01514,2091.0981
13.282254,-2.756286,0.60608315,-0.35301653,0.37901998,18.803114,339.56018,2086.9224
12.925808,-2.8037646,0.5115728,-0.3376106,0.3778582,18.620523,311.6592,2080.7705
13.012095,-2.8180141,0.4800029,-0.34087014,0.37804115,19.500893,319.44324,2082.7485
12.964635,-2.8822541,0.16883585,-0.1370298,0.3804557,16.192608,332.08218,2089.233
13.030807,-2.808478,-0.1959973,0.119085625,0.38927504,11.388419,407.87848,2141.3853
13.541004,-2.5494466,-0.18286946,0.17787187,0.4009748,-2.5449963,509.4544,2201.3064
13.755783,-2.433282,-0.11927844,0.16916853,0.4046702,-4.884633,543.58655,2221.9536
13.30302,-2.1144512,-0.095599145,0.1845297,0.41222805,-10.7818775,622.54236,2276.4587
13.381977,-1.8572191,-0.070117585,0.2004396,0.41635895,-12.235547,659.15796,2315.0376
13.323219,-1.5337573,-0.03854133,0.20000888,0.4206622,-13.010167,712.89453,2367.754
13.210139,-1.031704,0.023675907,0.16770993,0.4258381,-10.577656,760.3787,2437.688
13.195622,-0.8107702,-0.0457606,0.17234588,0.42728534,-8.405336,777.2455,2468.6526
13.24799,-0.6627405,0.07328934,0.12786183,0.4287054,-1.3811364,788.78766,2493.7139
13.182815,-0.60163015,0.3246524,0.0136528285,0.43035603,20.19168,798.50745,2515.5505
13.303786,-0.63327533,0.28371918,0.020913776,0.43028212,29.659264,797.2371,2516.634
12.972811,-0.6041226,0.2505807,-0.03603958,0.43180108,60.643013,797.34814,2525.4495
13.109174,-0.57503796,0.25938407,-0.043199055,0.4320363,71.277855,797.58704,2529.5918
