14.442495,0.01016845,1.7955439,-2.4653552,0.38269955,349.5097,149.87102,2655.2378
14.374368,0.048128158,1.7740343,-2.5166945,0.38617134,351.8042,160.98497,2669.573
13.771878,0.27188808,1.6433328,-2.7164545,0.399155,353.234,179.92374,2683.6875
13.730842,0.3987375,1.5236351,-2.8845491,0.410862,344.6997,198.51257,2688.5354
13.100078,0.45347357,1.3330283,-3.055204,0.4206286,328.55005,229.96936,2691.6846
13.014319,0.3727681,1.291074,-3.092742,0.4216945,324.78714,230.99469,2685.3508
12.9164915,0.42628473,1.2446477,-3.1197321,0.4234717,320.67548,234.70374,2683.158
13.746714,0.3902749,1.2290611,-3.131751,0.4235963,316.97766,232.54962,2677.6223
14.565001,0.21814176,1.2404407,-3.1172369,0.42027882,313.90506,232.17993,2671.3389
14.149278,0.09062141,1.1488687,-3.1699162,0.42163584,307.87555,234.63217,2659.8098
14.017553,0.077175066,1.1103435,-3.192522,0.42265865,305.50128,235.41934,2657.9712
14.034992,0.042194206,0.98401266,-3.2688901,0.4270609,297.32922,236.79337,2647.4937
13.5264845,-0.05671794,0.6144043,-3.417744,0.436004,278.3564,234.16833,2624.3374
13.54334,-0.07227166,0.41951564,-3.4631484,0.43871072,267.43713,223.57962,2617.396
13.439683,0.09145562,0.16818555,-3.494907,0.4437436,250.20532,211.3905,2605.7676
13.147018,0.054338366,-0.0050617666,-3.491801,0.4461593,242.7012,195.50311,2594.382
13.538489,-0.3341093,0.1500071,-3.4777348,0.4402135,261.4597,180.15472,2599.8271
13.681813,-0.4365999,0.2491919,-3.445556,0.43645617,270.7681,173.0766,2599.8813
13.505094,-0.5716867,0.3025288,-3.3970742,0.4324883,283.32825,169.53026,2599.4841
13.049291,-0.70890415,0.37856328,-3.3148882,0.42649657,297.57678,163.133,2594.873
13.042788,-0.72762644,0.40919164,-3.2876523,0.42441052,302.8509,162.59663,2595.394
13.115347,-0.7107627,0.44122857,-3.2782183,0.4234753,305.41714,162.79674,2595.2039
13.4486,-0.6533927,0.5552883,-3.2579546,0.4217884,308.11774,166.96877,2601.2964
14.301543,-0.507188,0.4757719,-3.3659003,0.42966312,295.56442,182.70244,2601.2805
14.9796,-0.3462267,0.5379273,-3.400232,0.43326122,291.18854,208.7654,2605.0662
14.904322,0.0469867,0.55037487,-3.4414685,0.4396984,276.04868,225.5681,2614.3303
15.41097,0.26643774,0.6136308,-3.4195342,0.44075727,269.76456,270.40637,2592.3047
15.760492,0.2152651,1.1067419,-3.218627,0.4269237,310.06442,232.79364,2646.5002
16.219728,0.20266035,1.1628406,-3.181195,0.4244645,317.83765,238.25513,2660.8196
16.518064,0.3903973,1.040179,-3.257559,0.43252984,310.302,247.97092,2660.2668
16.168333,0.50716025,1.1446426,-3.1971586,0.4324199,322.7771,245.13525,2668.0405
16.482492,0.5342964,1.236477,-3.1422663,0.4300232,329.5619,242.68689,2676.0015
16.43347,0.61781126,1.2389263,-3.1287127,0.4305911,326.9339,242.95264,2677.7463
