16.03448,0.33295503,1.575118,-2.9180105,0.41813344,292.10397,234.38785,2359.7727
15.421862,-0.21217582,1.4702362,-2.9846022,0.4207006,309.97934,262.5099,2410.1946
15.623457,-0.14381759,1.4869353,-2.9792202,0.4198969,303.01318,264.39044,2409.0496
15.824582,-0.10053351,1.5295995,-2.9437885,0.41719204,301.02386,263.20886,2400.5198
15.541132,-0.041506186,1.6383675,-2.793142,0.40487358,304.417,272.00693,2398.3076
15.911332,-0.052294638,1.6547874,-2.5998633,0.38750526,308.20377,286.3969,2400.6116
15.83447,-0.08457609,1.5885886,-2.5634623,0.3821774,304.592,283.6895,2398.3826
15.352736,-0.23545635,1.4558434,-2.568892,0.3788311,297.1554,290.83624,2392.469
15.060557,-0.36125836,1.3151174,-2.5884213,0.3777869,288.95935,295.41745,2384.6833
15.347234,-0.46911064,1.1819416,-2.5748773,0.37556767,287.0144,293.67712,2372.8762
15.59345,0.47339767,1.1601003,-1.1696705,0.2921191,192.08258,347.4712,2182.5312
15.773193,0.3664521,0.46999946,-0.313666,0.25075334,130.10071,391.81845,2063.3425
16.0074,0.6319408,0.6919517,-0.34082446,0.07544774,93.04714,370.97974,1988.3666
15.848086,0.64985,0.7104684,-0.26537734,0.050043847,72.61803,321.8052,1931.7305
15.670177,0.66418236,0.71627873,-0.20781752,0.05116879,56.55595,258.2648,1893.9888
15.685742,0.2683687,0.28417414,-0.078778565,0.25042346,43.8594,161.00546,1871.3264
16.05987,0.33052054,0.32425147,-0.11036952,0.26179388,33.4572,99.07652,1873.1848
16.255999,0.59231156,0.58659065,-0.20376696,0.27196836,32.58281,99.66464,1885.301
16.060495,0.5181145,0.5822035,-0.19603066,0.2577715,51.40649,119.50706,1909.6697
16.237663,0.56047386,0.5059101,-0.32696712,0.2840076,35.711105,240.00279,1943.2205
16.46089,-0.44326678,0.41434562,0.60208875,0.51896185,56.66051,400.64557,2064.436
16.712343,-0.37443587,0.35007784,0.6678529,0.5396441,83.70665,459.21973,2120.3025
16.838348,-0.32424265,0.34285864,0.7225663,0.5051856,108.85928,505.8679,2131.56
16.60548,-0.2868449,0.3118982,0.764295,0.48609945,129.63615,545.03253,2163.3828
16.35661,-0.27050552,0.22024986,0.78399587,0.5134854,110.01877,634.12683,2128.4148
16.221636,-0.24763438,0.20162782,0.9042229,0.28355685,-72.48282,552.77985,2180.611
15.896359,-0.21661885,0.1763745,0.95665306,0.08236056,-50.78842,402.67014,2263.2886
16.257898,0.06403009,-0.052134328,-0.33621484,0.25929698,20.00064,321.41296,2318.2812
16.057392,0.11680523,-0.095104694,-0.6668768,0.2806591,49.733917,293.0334,2335.0603
16.131552,0.16017157,-0.13041423,-0.99351937,0.2997941,76.7715,275.45007,2346.057
16.279476,0.19351363,-0.1575619,-1.3037926,0.31669497,94.69462,260.80264,2347.8857
