15.050086,0.4065667,0.5110572,-3.402706,0.44683215,182.81494,265.6147,2632.785
14.853609,0.64273214,0.5429287,-3.342694,0.44784346,187.35974,271.2644,2629.971
14.637312,0.6072071,0.49124932,-3.372334,0.44707152,190.51256,269.55597,2631.146
14.142925,0.93875253,0.31209663,-3.328989,0.4448883,192.18423,269.60516,2632.2627
14.060219,0.46253106,0.3702843,-3.430385,0.4460353,213.70398,267.6454,2618.659
14.146698,0.3082903,0.3913839,-3.4473512,0.44572118,217.94398,260.17676,2616.4697
13.499032,0.016846886,0.2395066,-3.4619098,0.44816193,219.79144,263.8912,2620.1655
13.143066,-0.39024654,0.18765065,-3.4569867,0.4451844,227.20308,259.78583,2608.8513
12.785924,-0.60423046,0.29272652,-3.416095,0.4411384,233.89034,267.1663,2613.6458
12.503748,-0.6169375,0.10731426,-3.4325123,0.44258815,228.13997,260.3202,2603.3281
12.252924,0.73027056,1.3571503,-0.7465907,0.27702233,215.33522,238.62814,2450.7349
11.998128,0.7009325,-0.37888697,0.49014902,0.35340086,205.96611,199.71774,2264.2888
11.793434,-1.5902331,0.7279573,-2.1139917,0.36275235,261.0074,171.29324,2549.34
11.605756,-1.3792018,0.07782825,-3.0782857,0.4222448,257.64636,168.31769,2581.5088
11.547666,-1.381082,0.3104343,-3.1184807,0.42983106,211.10822,271.27982,2585.7346
12.075349,-1.2186505,0.20083785,-3.2238235,0.43403742,224.61066,223.7003,2585.4512
12.379294,-1.3016789,0.21979837,-3.155144,0.42775926,243.10587,208.73769,2593.2727
12.839702,-1.1236882,0.20295945,-3.2497225,0.4311988,241.31165,213.37547,2573.9321
13.232206,-0.95580375,0.26466832,-3.3091867,0.43277478,243.92247,213.31854,2584.2314
13.588617,-0.87386054,0.25177753,-3.3484316,0.43607253,241.26666,209.22859,2594.4973
14.246212,-0.29424557,0.27584553,-3.4670954,0.4432125,230.51628,217.77637,2607.3914
14.330143,-0.302626,0.3039926,-3.4632032,0.4427586,233.91245,230.18573,2603.2234
13.964605,-0.19192694,0.42311484,-3.4551282,0.44221947,236.59088,231.38773,2617.6296
13.5296335,-0.06104157,0.59335625,-3.4273114,0.44075468,239.02963,256.96722,2634.727
13.28954,0.11092323,0.56868356,-3.4332926,0.44247088,239.41518,251.83536,2630.6765
13.998446,0.19489679,0.56599677,-3.433256,0.44196588,239.28087,250.86954,2627.975
14.232201,0.31995648,0.5337726,-3.431266,0.4426712,239.32281,251.56102,2629.9863
14.40603,0.4219984,0.56861573,-3.410369,0.4432813,237.51257,260.34824,2634.0596
14.433135,0.46235976,0.69560015,-3.3752477,0.4418915,239.0466,267.31976,2643.5415
14.506606,0.4094588,0.7951094,-3.3545177,0.43967602,242.55817,269.88934,2647.2715
14.761583,0.39469433,0.88644385,-3.3239417,0.43884468,242.59395,265.74908,2639.462
14.874448,0.40057945,0.8770869,-3.3269877,0.4388346,243.00835,264.43362,2645.7734
