13.946251,0.5487834,1.3412066,-3.0773506,0.433927,253.03731,375.22723,2430.0464
13.834449,0.6847802,1.3947942,-3.0208552,0.43267077,259.12372,357.27176,2433.298
13.80632,0.6340989,1.3314224,-3.0670528,0.43484312,252.67123,386.05902,2439.0232
13.779764,0.6563715,1.3327714,-3.0635726,0.43449563,253.03757,384.6778,2434.6167
13.6630945,0.5019268,1.3712678,-3.0696707,0.43001854,258.67206,386.07562,2424.054
13.544229,0.15564317,1.3791491,-3.0697203,0.42271525,279.95938,360.3617,2395.7314
13.408562,-0.14549796,1.3378068,-3.0681713,0.41985333,284.92438,349.23505,2383.4814
13.668224,-0.31063712,1.2652285,-3.0787296,0.41841924,283.4832,352.94586,2370.6328
13.558935,-0.40922806,1.1788892,-3.0850015,0.4159975,284.28363,321.54193,2373.841
13.282089,-0.69488347,0.95644104,-3.124818,0.41762388,282.8567,302.80087,2377.7397
13.72002,-0.6449358,0.844266,-3.2100148,0.42272568,277.27466,300.11838,2388.0842
13.966763,-0.8421886,0.6080927,-3.2239344,0.42340222,270.48398,272.2995,2386.8762
13.927616,-1.0447655,0.7265476,-2.9632154,0.406468,286.00238,230.88956,2364.699
14.12855,-0.9055259,0.7769007,-2.8063896,0.3931277,313.42932,222.30676,2380.3052
14.4893055,-0.8677338,0.53527296,-3.1036267,0.41238603,291.1817,198.06406,2390.4995
14.301296,-0.8687403,0.5388407,-3.0354354,0.407509,333.86688,169.58638,2450.8005
13.926992,0.3841597,1.1673181,-3.190924,0.43770996,184.45674,199.03384,2508.6304
13.743326,-0.33938444,0.4818263,-3.4269946,0.4372211,239.53027,209.50398,2452.37
14.035092,-0.7155202,0.49527252,-3.3026764,0.42692474,259.76913,263.44022,2383.3816
14.291303,-0.4578164,0.5623575,-3.3816047,0.43363184,250.05112,301.11185,2380.942
13.999371,-0.41338363,0.7035573,-3.3417075,0.43083048,256.56824,296.14243,2369.4219
13.6666565,0.030850809,1.1005899,-3.2197957,0.42599776,278.05344,307.4671,2410.1707
13.586621,0.14708026,1.102994,-3.2284377,0.42793304,268.88733,308.67572,2402.148
13.58226,0.10376054,1.2341033,-3.1457453,0.4231552,274.4878,322.11145,2384.6594
13.29826,0.34937054,1.2381268,-3.1594653,0.42882812,270.457,324.43942,2386.6426
13.154129,0.42797738,1.239471,-3.1508243,0.4287821,268.5692,326.93744,2387.8992
13.574464,0.33408305,1.2432152,-3.1355212,0.42418817,269.11615,341.72406,2389.003
13.363664,0.29083937,1.2813802,-3.0976899,0.42070025,267.77942,335.2928,2382.9575
13.205186,0.37422895,1.0332767,-3.2619646,0.4325278,249.52722,364.0386,2374.9927
13.602304,0.3935796,0.95480984,-3.29673,0.43484604,242.72162,372.71527,2385.3252
13.455878,0.3748063,0.88925976,-3.325842,0.43707377,240.0709,375.24622,2388.3887
