15.050086,-0.5663103,0.12678179,-0.12584572,0.4342983,-123.88139,-389.79346,2536.2048
14.853609,-0.51824564,0.18625993,-0.12078592,0.43416864,-120.068375,-393.62097,2536.519
14.637312,-0.4927084,0.2477195,-0.1261702,0.43411678,-117.38245,-392.0249,2538.4783
14.142925,-0.48425856,0.2941159,-0.120003656,0.43380475,-115.57901,-390.09497,2540.6606
14.060219,-0.22397153,0.47241277,-0.20415893,0.43530872,-101.245094,-376.85834,2579.2087
14.146698,-0.08194263,0.4877386,-0.1570901,0.43462798,-107.52881,-377.71344,2593.837
13.499032,0.004357433,0.59661037,-0.14220515,0.43376607,-105.11946,-379.8468,2606.232
13.143066,0.031684916,0.36769202,-0.09691737,0.43421727,-103.36243,-381.90396,2605.5852
12.785924,-0.11000631,0.41776714,-0.13911551,0.43461886,-101.436554,-379.73538,2619.1252
12.503748,-0.14385767,0.8787801,-0.1811749,0.43148178,-103.684265,-391.20663,2610.2407
12.252924,-0.061587855,-0.054841377,-0.14383176,0.43589923,-159.45172,-476.6447,2603.0264
11.998128,-0.06331252,0.16833138,-0.127708,0.43539128,-127.68357,-435.1336,2600.877
11.793434,-0.36401057,0.4224825,-0.017225925,0.43140733,-119.62891,-415.6839,2597.851
11.605756,-0.24032839,0.835995,-0.078276575,0.4294755,-107.9479,-395.72986,2618.8005
11.547666,-0.14120844,-0.7121807,-0.08291472,0.43186703,-106.19649,-372.57574,2612.313
12.075349,-0.18304187,0.5004202,-0.12491436,0.43367523,-103.561554,-418.91187,2615.3728
12.379294,-0.15606691,0.5791311,-0.09835575,0.43264934,-103.996414,-398.44946,2617.0457
12.839702,-0.12376603,0.6701117,-0.098429814,0.43199676,-110.30679,-395.88794,2599.314
13.232206,-0.33366096,0.5798741,-0.07619787,0.4315985,-111.97228,-401.3415,2574.64
13.588617,-0.12281429,0.491551,-0.07086973,0.4327836,-108.66603,-396.80072,2586.5906
14.246212,-0.20572639,0.31021747,-0.1984371,0.43610084,-106.21695,-399.7475,2590.4783
14.330143,-0.17192368,0.1858293,-0.19626461,0.4365526,-101.8777,-392.91357,2590.9536
13.964605,-0.16740587,0.10102017,-0.1907927,0.43663806,-101.86226,-399.02148,2597.6453
13.5296335,-0.18998373,0.12732227,-0.17964025,0.4363431,-102.37042,-394.6593,2594.395
13.28954,-0.22232625,0.14717816,-0.19846764,0.43660972,-101.55015,-390.5467,2591.1348
13.998446,-0.36958113,0.22098118,-0.22960556,0.4366456,-98.1685,-382.99994,2574.2683
14.232201,-0.3263955,0.1791251,-0.20283076,0.43638924,-100.18122,-385.52454,2571.541
14.40603,-0.33076665,0.21307866,-0.190887,0.43603694,-100.238304,-383.22668,2567.6184
14.433135,-0.5507273,0.2024796,-0.2999365,0.4374312,-86.12211,-387.2453,2539.3813
14.506606,-0.50207895,0.20979269,-0.2369821,0.43640235,-90.51603,-386.50873,2546.0994
14.761583,-0.5432002,0.12760113,-0.253454,0.43685633,-88.027565,-389.0894,2536.9275
14.874448,-0.5078612,0.060768507,-0.23530586,0.43681002,-87.92266,-382.61176,2547.9856
