15.786773,0.0,0.0,0.0,0.43301272,-164.45412,-91.11374,2615.4412
15.968391,0.0,0.0,0.0,0.43301272,-165.59447,-91.97684,2622.7114
16.133402,0.0,0.0,0.0,0.43301272,-184.97783,-88.874054,2606.799
15.737677,0.0,0.0,0.0,0.43301272,-217.0065,-96.48154,2584.049
15.532151,0.0,0.0,0.0,0.43301272,-234.24135,-89.24521,2565.1582
15.173241,0.0,0.0,0.0,0.43301272,-250.71698,-88.54965,2554.709
14.718435,0.0,0.0,0.0,0.43301272,-258.939,-88.27045,2548.618
14.306278,0.0,0.0,0.0,0.43301272,-250.91217,-82.230804,2535.0198
14.776902,0.0,0.0,0.0,0.43301272,-233.76204,-96.04825,2536.257
14.943903,0.0,0.0,0.0,0.43301272,-226.63297,-108.451935,2535.8943
15.250172,0.0,0.0,0.0,0.43301272,-230.71985,-119.6431,2541.614
15.304924,0.0,0.0,0.0,0.43301272,-232.257,-123.31891,2543.1711
15.580605,0.0,0.0,0.0,0.43301272,-232.6412,-124.59427,2545.4285
15.817311,0.0,0.0,0.0,0.43301272,-229.25168,-133.81175,2544.5623
15.736375,0.0,0.0,0.0,0.43301272,-230.2617,-144.88773,2542.53
14.844564,0.0,0.0,0.0,0.43301272,-232.70612,-156.53699,2552.256
14.664474,0.0,0.0,0.0,0.43301272,-228.72937,-154.48444,2565.9885
14.488625,0.0,0.0,0.0,0.43301272,-229.09883,-153.80458,2583.044
13.975799,0.0,0.0,0.0,0.43301272,-230.90308,-176.7196,2599.8315
13.896595,0.0,0.0,0.0,0.43301272,-230.69547,-187.12373,2609.3684
14.24464,0.0,0.0,0.0,0.43301272,-231.12073,-189.76929,2614.8452
14.360272,0.0,0.0,0.0,0.43301272,-231.31508,-192.09755,2619.0867
14.290297,0.0,0.0,0.0,0.43301272,-231.1269,-192.34428,2618.6204
13.700811,0.0,0.0,0.0,0.43301272,-236.27234,-174.97563,2609.413
13.654986,0.0,0.0,0.0,0.43301272,-234.43411,-155.39877,2588.3035
13.489734,0.0,0.0,0.0,0.43301272,-240.37091,-136.69061,2577.066
13.749222,0.0,0.0,0.0,0.43301272,-239.34668,-133.64159,2576.7869
13.532615,0.0,0.0,0.0,0.43301272,-254.00555,-122.657425,2578.3271
13.595009,0.0,0.0,0.0,0.43301272,-257.2839,-118.50714,2578.3691
13.652051,0.0,0.0,0.0,0.43301272,-252.64122,-116.16675,2567.2727
14.316513,0.0,0.0,0.0,0.43301272,-245.67644,-102.935486,2549.2983
14.849806,0.0,0.0,0.0,0.43301272,-240.47522,-99.21167,2540.3542
15.306464,0.0,0.0,0.0,0.43301272,-232.63857,-92.12665,2524.202
15.095392,0.0,0.0,0.0,0.43301272,-226.62268,-104.28604,2529.8386
14.716369,0.0,0.0,0.0,0.43301272,-223.2459,-106.72342,2531.079
14.587602,0.0,0.0,0.0,0.43301272,-218.53238,-108.67996,2530.9534
14.738582,0.0,0.0,0.0,0.43301272,-206.72491,-114.43808,2526.9092
