15.997443,0.0,0.0,0.0,0.43301272,-248.33447,-100.90811,2464.8618
15.566754,0.0,0.0,0.0,0.43301272,-251.75082,-105.23544,2472.255
15.438441,0.0,0.0,0.0,0.43301272,-246.92746,-106.88904,2469.1562
15.4774065,0.0,0.0,0.0,0.43301272,-240.37874,-110.78284,2471.1787
14.681211,0.0,0.0,0.0,0.43301272,-228.29897,-106.2713,2503.4749
14.483221,0.0,0.0,0.0,0.43301272,-225.8651,-107.56619,2515.4976
14.044179,0.0,0.0,0.0,0.43301272,-224.99304,-108.70383,2520.3896
14.106086,0.0,0.0,0.0,0.43301272,-224.42465,-109.19293,2522.2188
14.634456,0.0,0.0,0.0,0.43301272,-217.0434,-108.865326,2516.39
14.713958,0.0,0.0,0.0,0.43301272,-219.26736,-114.39227,2517.302
15.225142,0.0,0.0,0.0,0.43301272,-220.2931,-126.984985,2524.059
15.097024,0.0,0.0,0.0,0.43301272,-220.31232,-134.67065,2531.6094
15.300139,0.0,0.0,0.0,0.43301272,-220.91576,-142.16939,2540.2947
15.608616,0.0,0.0,0.0,0.43301272,-225.84099,-171.25813,2557.8057
14.94729,0.0,0.0,0.0,0.43301272,-228.87665,-184.5742,2591.4463
14.6992655,0.0,0.0,0.0,0.43301272,-229.8472,-187.34341,2600.3281
14.606561,0.0,0.0,0.0,0.43301272,-230.83731,-188.72589,2607.8052
14.027072,0.0,0.0,0.0,0.43301272,-230.23859,-189.91423,2604.7327
14.639653,0.0,0.0,0.0,0.43301272,-233.22919,-180.51439,2600.8853
14.975717,0.0,0.0,0.0,0.43301272,-234.09138,-167.72287,2577.2402
15.48316,0.0,0.0,0.0,0.43301272,-239.04376,-156.03247,2559.386
14.405724,0.0,0.0,0.0,0.43301272,-236.07516,-143.23409,2553.8003
14.355248,0.0,0.0,0.0,0.43301272,-232.27383,-135.09396,2547.4766
13.900382,0.0,0.0,0.0,0.43301272,-231.23839,-129.83932,2541.039
13.682782,0.0,0.0,0.0,0.43301272,-231.03825,-127.20947,2538.7764
13.542215,0.0,0.0,0.0,0.43301272,-228.33867,-121.59238,2543.0095
14.267309,0.0,0.0,0.0,0.43301272,-213.08119,-115.7608,2544.4578
14.500279,0.0,0.0,0.0,0.43301272,-199.53923,-101.97235,2544.8215
14.996787,0.0,0.0,0.0,0.43301272,-184.514,-92.73233,2548.627
15.221062,0.0,0.0,0.0,0.43301272,-174.98932,-91.8869,2570.7788
