14.341488,-0.6729887,-0.29533467,2.1449466,0.2969906,-126.40447,533.94934,2352.3208
14.173063,-0.68521464,-0.39731398,2.1239936,0.29461667,-127.09343,529.2884,2347.0098
13.831752,-0.8194308,-0.46302354,2.085055,0.29612964,-117.144585,529.9087,2335.2134
13.843609,-0.87598515,-0.37817433,2.0665143,0.2914672,-121.396225,526.181,2314.404
14.23045,-0.8709537,-0.19661106,2.0488746,0.28330505,-121.98248,525.5329,2286.4844
14.8678465,-0.94509435,-0.09579526,1.9951718,0.2782452,-117.50699,520.81165,2256.5588
15.376964,-1.1051412,0.053701367,1.8875954,0.27429006,-99.46632,508.5254,2208.0508
15.860066,-1.114234,0.16152415,1.8111464,0.26669818,-101.09081,484.78018,2190.557
16.20136,-1.1080132,0.2560069,1.7603979,0.26200604,-105.35414,465.89883,2183.7283
16.49267,-1.1063677,0.22488469,1.7601144,0.26138657,-115.53728,468.67554,2183.9321
16.733505,-1.0645947,0.16296197,1.8271943,0.26524103,-117.328995,483.74902,2197.3206
16.927317,-1.1240226,0.034018394,1.8784769,0.2742948,-106.84981,500.76978,2214.0552
16.931934,-1.1003911,-0.022800615,1.9439529,0.2815128,-101.79818,508.6833,2235.3186
17.088102,-1.0092337,-0.09151736,2.0072093,0.28503382,-104.76743,513.726,2260.034
16.453714,-1.05528,-0.24593404,2.007312,0.28975555,-103.653015,520.1682,2277.7148
16.548168,-1.0346252,-0.32444373,2.024379,0.29321578,-98.89795,518.8717,2299.682
15.968968,-0.9593345,-0.39027068,2.0470204,0.29398796,-97.208115,521.4781,2317.1875
16.229004,-0.9223916,-0.47853467,2.0430071,0.2934747,-101.64198,523.2913,2331.0479
16.417982,-0.88588285,-0.47479096,2.0526085,0.29276258,-103.1513,524.87024,2341.4417
16.578869,-0.8804633,-0.49493653,2.045978,0.29164276,-104.506546,522.29736,2342.0945
16.441032,-0.71579605,-0.49026346,2.0817537,0.28896546,-113.70434,524.9917,2360.461
16.682896,-0.6745575,-0.52773845,2.0716693,0.2861692,-115.53212,528.525,2360.369
