14.547792,0.0,0.0,0.0,0.43301272,-159.54951,-808.4147,2552.8203
14.9297495,0.0,0.0,0.0,0.43301272,-155.91656,-807.901,2556.4854
14.453809,0.0,0.0,0.0,0.43301272,-161.55847,-809.93896,2552.9326
14.748141,0.0,0.0,0.0,0.43301272,-155.90555,-809.5044,2555.3433
14.418318,0.0,0.0,0.0,0.43301272,-153.94164,-804.5702,2552.3025
13.484232,0.0,0.0,0.0,0.43301272,-140.0086,-803.5127,2554.8926
13.412881,0.0,0.0,0.0,0.43301272,-131.93565,-798.04065,2550.4978
13.078727,0.0,0.0,0.0,0.43301272,-125.5031,-808.0947,2549.0928
13.174784,0.0,0.0,0.0,0.43301272,-134.36961,-813.8186,2557.5693
13.305345,0.0,0.0,0.0,0.43301272,-147.51556,-812.52563,2539.442
13.640072,0.0,0.0,0.0,0.43301272,-142.5051,-806.4671,2546.929
13.990203,0.0,0.0,0.0,0.43301272,-144.04037,-803.0277,2540.8945
13.6797905,0.0,0.0,0.0,0.43301272,-155.4162,-803.5677,2526.6406
13.712561,0.0,0.0,0.0,0.43301272,-153.68744,-812.7122,2529.347
13.407095,0.0,0.0,0.0,0.43301272,-156.19173,-812.8264,2530.1726
13.796045,0.0,0.0,0.0,0.43301272,-152.3303,-803.03357,2535.2983
14.23268,0.0,0.0,0.0,0.43301272,-150.26607,-805.85156,2548.046
13.905389,0.0,0.0,0.0,0.43301272,-151.06056,-810.5045,2555.8552
13.950536,0.0,0.0,0.0,0.43301272,-150.7145,-809.5655,2549.987
13.342308,0.0,0.0,0.0,0.43301272,-148.95062,-806.5938,2559.245
13.351464,0.0,0.0,0.0,0.43301272,-148.03835,-802.5004,2554.488
13.790859,0.0,0.0,0.0,0.43301272,-149.98042,-804.1167,2547.4692
14.45971,0.0,0.0,0.0,0.43301272,-146.03864,-810.84595,2547.4104
14.79811,0.0,0.0,0.0,0.43301272,-147.72673,-809.7616,2535.1597
14.732725,0.0,0.0,0.0,0.43301272,-145.85359,-802.9209,2547.1343
14.108297,0.0,0.0,0.0,0.43301272,-150.33401,-818.55286,2535.5732
14.03567,0.0,0.0,0.0,0.43301272,-149.7803,-811.83105,2545.4985
13.990718,0.0,0.0,0.0,0.43301272,-148.0753,-805.59216,2538.1118
13.543995,0.0,0.0,0.0,0.43301272,-146.92455,-792.7925,2550.2349
13.609066,0.0,0.0,0.0,0.43301272,-145.56924,-815.73804,2545.04
13.16807,0.0,0.0,0.0,0.43301272,-157.87328,-819.5243,2522.28
13.206117,0.0,0.0,0.0,0.43301272,-150.63254,-819.26794,2532.1096
13.213662,0.0,0.0,0.0,0.43301272,-146.6266,-801.2476,2538.139
12.913524,0.0,0.0,0.0,0.43301272,-145.93036,-803.0145,2533.9377
12.736392,0.0,0.0,0.0,0.43301272,-148.40175,-799.7575,2530.2427
12.43821,0.0,0.0,0.0,0.43301272,-147.6887,-793.62683,2526.411
12.551548,0.0,0.0,0.0,0.43301272,-149.97104,-792.3486,2525.445
12.631731,0.0,0.0,0.0,0.43301272,-150.16531,-792.6473,2530.876
12.425962,0.0,0.0,0.0,0.43301272,-152.27507,-797.56067,2538.1768
12.606007,0.0,0.0,0.0,0.43301272,-157.0174,-802.18475,2534.409
12.384291,0.0,0.0,0.0,0.43301272,-163.93848,-803.29626,2539.8833
12.493251,0.0,0.0,0.0,0.43301272,-163.12468,-805.8474,2546.1252
