15.745274,0.0014395418,0.9794641,-0.13338841,0.15118033,132.21048,141.18893,2241.6885
15.349212,-0.0030220225,0.9800251,-0.1408297,0.14038762,130.88753,141.39093,2238.868
15.529666,-0.0035030022,0.98061854,-0.1396867,0.13734132,129.7648,140.07759,2238.4863
14.851025,-0.0037592833,0.97998124,-0.14223239,0.13925697,130.1742,136.28075,2237.7146
14.788163,-0.0012061209,0.9781134,-0.15265386,0.14138436,134.65654,137.75517,2240.5876
14.828956,0.003851713,0.9769349,-0.14713138,0.15471153,141.14172,145.13905,2239.9846
14.5478325,0.01307417,0.9721974,-0.15258972,0.17713773,144.75995,148.53622,2236.5847
14.44344,0.010846767,0.9722714,-0.13599694,0.18993564,142.79993,146.5201,2226.871
14.690044,0.012762359,0.9697843,-0.12802467,0.20728037,143.8632,140.15427,2224.2988
14.431708,0.013721971,0.96815926,-0.13030241,0.21330875,143.66524,135.5481,2218.9336
14.8160925,0.010463027,0.9686266,-0.12889995,0.21222104,131.25638,130.5068,2216.576
14.933356,6.0231256E-4,0.97321564,-0.12643814,0.192001,126.30782,129.85582,2216.4595
14.973663,-0.0020810477,0.97352344,-0.119397596,0.19491537,128.0175,129.91974,2222.2383
15.213435,0.004107276,0.9736231,-0.104473606,0.20279686,130.1281,130.87099,2230.0562
15.494731,0.010426721,0.9744107,-0.08905099,0.2061191,129.71176,132.83894,2249.0571
15.745839,0.013784003,0.9747454,-0.066251755,0.21281928,124.46491,132.42422,2270.8542
15.935063,0.00950755,0.9742953,-0.050864298,0.21925099,124.37273,132.93921,2287.0254
16.13426,0.012371483,0.9711308,-0.043507766,0.23421997,132.14337,130.18495,2312.2063
16.295124,0.027523085,0.9686312,-0.030282106,0.24511023,138.81184,129.04852,2327.6646
16.445673,0.039100967,0.9644118,-0.025351372,0.26026613,145.34056,121.72917,2330.576
16.58024,0.045610942,0.959821,-0.030333217,0.2752148,135.70413,96.24449,2342.732
16.687231,0.037613466,0.9602082,-0.012139719,0.27647468,136.70079,85.02983,2360.2288
16.939766,0.03728336,0.96151745,0.008068049,0.27208272,106.45053,26.237701,2370.9253
17.168478,-0.005740738,0.93778354,0.06453477,0.3411221,78.87388,-6.005905,2411.0217
17.328495,0.013608023,0.90586436,0.11688802,0.4068929,67.57657,-42.656982,2444.1594
17.495174,8.7407045E-4,0.95187986,0.13010094,0.27748445,77.70271,-74.28652,2421.8428
17.513386,-0.0028182033,0.9718893,0.02733202,0.23382927,86.43338,-11.852676,2396.3635
17.001637,-0.018124698,0.98310584,-0.00843816,0.18194264,85.41612,56.428085,2392.7886
16.932478,-8.86524E-4,0.9774967,0.0059114504,0.21086618,104.61209,123.897736,2382.4795
16.378574,0.008529,0.9735996,0.011672176,0.22780438,113.462875,156.60834,2376.8613
16.108028,0.01676249,0.9719136,0.017353116,0.23409815,115.62178,184.62076,2363.2996
16.232286,0.008422589,0.97954166,0.019351251,0.2001319,92.98767,203.95032,2326.1091
15.884825,-0.013517372,0.98059744,0.020831345,0.19445297,102.093864,217.9726,2314.1396
15.050487,-0.0015671318,0.9762935,0.0018643029,0.2164373,114.94887,248.5092,2298.6548
14.924373,0.0016900328,0.9746581,-0.012710242,0.22333197,118.94743,255.71935,2292.4849
15.171216,0.0014991609,0.9746045,-0.041613564,0.2200276,119.083466,261.33292,2281.9424
15.916212,-0.0063985935,0.97479546,-0.06459567,0.21344848,121.66167,264.64642,2276.7646
