15.285446,-0.030366737,1.4312538,-0.20217302,0.42339906,753.94806,773.9618,2663.1133
15.364399,-0.29947886,1.165808,-0.13836835,0.42566502,744.03,775.871,2636.7363
15.587826,-0.7781504,1.0940272,-0.06785694,0.42155272,719.9296,775.0695,2557.0984
15.661021,-1.2106212,1.1082819,0.060787886,0.41250372,685.5106,738.12585,2492.8284
15.756934,-1.5237786,1.0782593,0.13693255,0.40522105,671.4565,713.2633,2461.4524
15.324244,-2.3265185,0.98545396,0.2035505,0.37193298,628.3349,616.4126,2359.976
15.176674,-2.3565414,1.1308041,-0.037568215,0.36669073,627.1897,547.8941,2329.1372
15.034182,-2.3703768,1.040539,0.13314423,0.3645778,623.4883,539.82336,2326.9373
14.923598,-2.4140744,0.77177185,0.39343247,0.36804286,614.92175,528.1043,2321.3665
14.996104,-2.3637645,1.0095775,0.23118402,0.36147335,613.55676,529.49695,2321.0515
14.802019,-2.2194517,1.0802743,0.17097126,0.3758039,615.85693,580.89343,2328.555
14.741207,-2.087675,1.2202384,0.10422853,0.3784004,615.66876,629.11694,2370.7537
14.50394,-1.8790615,1.2195005,0.24400495,0.38430226,618.0342,660.67676,2393.2144
14.608032,-1.6484289,1.1662532,0.14535409,0.3988721,642.29504,712.17737,2427.7827
14.730016,-0.8932193,1.3317724,0.13538486,0.4094212,656.82733,759.3296,2501.973
14.991293,-0.5496572,1.3539842,-0.06835111,0.4182215,694.2739,782.5357,2551.037
