10.36869,-0.4120333,1.0010133,-0.021230938,0.42510504,520.2295,830.741,2440.982
10.410617,-0.14350237,1.13728,0.07475168,0.42223185,514.156,834.7271,2477.296
10.583951,-0.1511234,1.0564146,0.083001666,0.42331633,513.1085,833.7484,2481.1406
10.794258,-0.07880688,1.2062188,0.10044453,0.4207267,512.53827,828.81323,2486.65
10.806128,-0.0075065535,0.99867755,0.10320023,0.42428154,511.84814,830.5273,2484.9373
10.769376,-0.19795293,0.8574144,0.1589488,0.42410067,507.52417,834.7696,2464.5586
10.7438,-0.45372313,0.9683754,0.17693472,0.4206905,496.03888,833.51855,2432.3484
10.799013,-0.42995018,1.1500697,0.09116246,0.4198048,495.3222,831.60486,2410.1526
10.7838,-1.2259284,0.9715289,0.19476803,0.41188207,471.28583,794.6543,2321.477
10.565881,-1.551621,0.91578,0.13844527,0.4089786,465.75278,774.4562,2280.1892
10.721143,-1.9083382,0.8373335,0.079070166,0.40430304,461.597,736.0687,2248.7305
10.854536,-2.0802116,0.9472294,-0.008869474,0.39776817,459.63736,718.08435,2230.104
10.828765,-2.1193247,0.82125497,0.19495836,0.3940643,455.9046,699.94574,2210.5068
10.955566,-2.125457,0.832646,0.1960778,0.3933515,455.7598,693.5796,2204.5073
10.945012,-2.1844416,0.79938674,0.1587868,0.39350265,457.58337,692.3789,2204.2664
10.68891,-1.7613274,0.99760365,0.021998141,0.4052174,477.0272,752.5763,2256.0476
10.811102,-1.6189029,0.9308457,0.0799379,0.40883225,482.93237,768.8008,2273.7612
10.819655,-1.1467379,0.884749,0.13550207,0.41635507,493.34637,786.4481,2318.7544
10.800032,-0.6422757,1.0007702,-0.016232865,0.42330948,512.8664,810.9419,2397.1118
10.877529,-0.54593956,0.88210785,-0.014039404,0.4258092,521.06744,821.8201,2419.031
11.068383,-0.19622444,0.919201,-0.072439946,0.42852223,528.2875,827.54395,2453.9238
10.918459,-0.076936625,0.8494155,-0.07984368,0.42996523,531.2403,831.5024,2479.4087
