15.211394,0.5443496,-0.33224288,1.9900197,0.26283905,585.46875,249.26022,2808.7754
15.412142,0.56787837,-0.41596407,1.9130975,0.25546962,570.3504,219.06671,2799.31
15.595156,0.547141,-0.4035351,1.915824,0.25464404,565.05,222.28262,2787.695
15.779278,0.14670496,-0.20437345,2.0064862,0.25290468,558.9186,287.11255,2759.3848
15.491185,0.04717164,0.0037252177,2.0270784,0.25355273,552.9835,241.45863,2753.1943
15.553109,0.0649474,0.0774392,2.0057297,0.25104102,554.8764,233.9144,2759.871
15.173072,0.04926663,0.100324035,2.080978,0.26156363,561.38257,139.17487,2746.2307
14.91968,1.0696118,1.0982035,-0.29710156,0.29172707,613.71625,416.5326,2282.625
15.07945,1.197231,1.2520536,-0.33844563,0.29894373,624.2032,386.2518,2300.039
15.071215,1.0384319,1.1323785,-0.23697396,0.28471375,611.31384,397.4257,2330.709
14.840266,0.30162683,-0.32377204,0.70742804,0.5511247,566.711,162.04044,2748.011
14.655442,0.30383924,-0.35679778,0.70652145,0.5302871,555.1167,170.12979,2772.7554
14.947816,-0.28176412,-0.26570523,1.9996524,0.254643,548.0101,188.59418,2709.062
15.248767,-0.19704692,-0.3448675,2.0112975,0.25652206,547.66113,202.72537,2712.001
15.425502,0.09560418,-0.08656657,0.7075264,0.69481826,545.3741,220.59668,2753.4954
15.701997,0.52786773,-0.30870968,1.9237319,0.25246543,558.0339,242.55527,2784.3748
15.765767,0.27811435,-0.44542322,0.6714135,0.5229286,557.57465,261.99692,2782.4395
15.999081,0.208129,-0.35926035,0.66370577,0.6221808,553.6253,253.39932,2773.9082
16.06924,0.54866195,-0.4625291,1.8942685,0.25382265,565.57874,233.7532,2796.2651
