10.172825,-0.15665224,0.6415409,0.25466195,0.42430294,451.4924,-314.21277,2383.7097
10.129226,-0.2371128,0.8449015,0.2304149,0.42236677,451.90305,-303.0706,2380.2607
10.067166,-0.14388631,0.91255224,0.276429,0.42075136,451.8484,-301.18613,2379.7449
10.189894,-0.118903354,0.89926845,0.3401297,0.41941106,442.92502,-315.62894,2389.1785
10.429513,-0.15807815,0.92512274,0.31794193,0.41946003,443.60696,-299.9713,2384.6677
10.57546,-0.17097887,0.80973125,0.29484567,0.4214918,444.2547,-314.43942,2389.5947
10.561692,-0.048577838,1.035524,0.31827426,0.41828546,443.3823,-302.40057,2390.176
10.530017,-0.68700355,0.9713343,0.2676353,0.41646704,437.43262,-301.67242,2405.538
10.680731,-0.22055179,0.9934524,0.3294691,0.417839,444.15085,-318.33545,2420.2866
10.893388,-0.5709227,1.0419664,0.30461392,0.4152332,442.2038,-321.35184,2414.2212
10.868734,-0.22894412,1.001594,0.32482967,0.41778716,445.30795,-330.05472,2413.0532
10.859498,-0.117675975,0.86262023,0.33897266,0.41992784,448.50174,-318.88495,2403.0984
10.8297,-0.078383364,0.9087923,0.32320663,0.4198782,448.74823,-307.53815,2407.5598
10.686611,-0.03331613,0.79385704,0.33085725,0.42125282,448.9973,-313.1244,2415.5906
10.6424465,0.085908204,0.89991885,0.27941152,0.42161524,448.41388,-304.32227,2407.436
10.555543,-0.07474079,0.91694164,0.26585394,0.42123348,450.3151,-295.54343,2392.6846
10.474933,0.082518704,0.878902,0.27177384,0.42205358,448.68042,-289.9954,2381.4722
