15.60646,-0.33243406,0.53210473,-0.094688505,0.43236384,788.2791,-357.42773,2560.812
15.745458,-0.32965207,0.48026782,-0.09622793,0.43278182,787.58405,-355.13785,2559.1643
15.6643095,-0.3267052,0.65606076,-0.10445224,0.43153983,785.49713,-355.07126,2553.7534
15.78748,-0.33411455,0.54055613,-0.10898178,0.43258443,786.22644,-355.29462,2555.8193
15.5751915,-0.31921598,0.4675588,-0.09195563,0.4328174,785.319,-351.39215,2557.7542
15.445713,-0.28193864,0.5915125,-0.09665497,0.43211785,783.58057,-349.08487,2554.5034
15.704268,-0.2705669,0.35878316,-0.072395965,0.4332138,782.0749,-350.2937,2556.9165
15.449059,-0.23140013,0.046481553,-0.050839342,0.43385538,786.54584,-330.18088,2562.495
15.569148,-0.21300556,0.115353025,-0.06800103,0.43412128,787.6267,-339.22876,2569.8452
14.986058,-0.4094908,0.084230684,-0.08078373,0.43402097,791.7977,-339.58304,2567.3452
15.136597,-0.24449831,0.17598285,-0.08100437,0.43418077,789.1157,-353.4687,2570.746
15.205976,-0.22884385,0.28932697,-0.07866708,0.4337699,788.4185,-351.38776,2571.4983
15.13744,-0.15062182,0.31616205,-0.08012593,0.43384704,788.82684,-355.56613,2574.972
14.699589,-0.19304276,0.2566058,-0.088723026,0.43417597,787.5628,-355.35602,2565.7732
14.659501,-0.4541903,0.22233975,-0.11180993,0.43407527,787.96027,-358.7353,2564.591
14.517039,-0.32903823,0.63817996,-0.11823677,0.4319764,790.86865,-353.9806,2568.997
14.205132,-0.30365556,0.44418117,-0.10689643,0.43332493,791.1254,-351.28668,2568.206
14.680726,-0.29947492,0.50386745,-0.12658383,0.43333527,790.09283,-361.35016,2562.5417
14.7298355,-0.34539708,0.36991066,-0.13854492,0.43426538,792.90234,-370.15726,2556.7527
