13.673578,0.0,0.0,0.0,0.43301272,102.61916,32.186188,2671.7622
13.969252,0.0,0.0,0.0,0.43301272,97.98018,9.367508,2658.263
14.301201,0.0,0.0,0.0,0.43301272,95.357346,-25.014618,2614.1394
14.611806,0.0,0.0,0.0,0.43301272,99.13203,-35.929535,2616.2705
15.118444,0.0,0.0,0.0,0.43301272,104.7279,-82.406494,2623.312
14.649618,0.0,0.0,0.0,0.43301272,101.51703,-84.42859,2628.4712
14.764214,0.0,0.0,0.0,0.43301272,154.40845,-245.83109,2706.0198
15.171135,0.0,0.0,0.0,0.43301272,101.91439,-122.458954,2875.7532
15.577995,0.0,0.0,0.0,0.43301272,108.216034,-127.67297,2879.6362
15.916704,0.0,0.0,0.0,0.43301272,100.23923,-93.2514,2769.8052
15.593287,0.0,0.0,0.0,0.43301272,100.89169,-20.42807,2751.295
15.783302,0.0,0.0,0.0,0.43301272,97.37767,-55.353485,2748.0823
15.020798,0.0,0.0,0.0,0.43301272,114.688736,-148.33049,2653.0596
14.682084,0.0,0.0,0.0,0.43301272,108.126274,-132.74155,2656.9521
14.948745,0.0,0.0,0.0,0.43301272,113.65422,-112.212006,2631.024
15.188342,0.0,0.0,0.0,0.43301272,110.78039,-115.402374,2623.9727
14.822798,0.0,0.0,0.0,0.43301272,108.73982,-94.81891,2632.1355
15.078355,0.0,0.0,0.0,0.43301272,104.02339,-71.34909,2642.7322
15.306095,0.0,0.0,0.0,0.43301272,99.62398,-34.81433,2648.0278
14.999433,0.0,0.0,0.0,0.43301272,192.91238,-722.25226,2598.7444
14.874228,0.0,0.0,0.0,0.43301272,202.6033,-670.4082,2577.9062
14.783534,0.0,0.0,0.0,0.43301272,109.07666,-97.68674,2594.1062
15.088159,0.0,0.0,0.0,0.43301272,106.398834,-94.06763,2600.5437
15.282095,0.0,0.0,0.0,0.43301272,108.37281,-73.06787,2610.2258
