9.458507,0.0,0.0,0.0,0.43301272,737.71606,33.341766,2327.3923
9.279385,0.0,0.0,0.0,0.43301272,741.45966,44.24701,2330.7322
9.341504,0.0,0.0,0.0,0.43301272,732.9997,18.536377,2334.6702
9.377123,0.0,0.0,0.0,0.43301272,730.03156,10.519196,2340.113
9.419657,0.0,0.0,0.0,0.43301272,729.16113,9.0850525,2346.2637
9.431838,0.0,0.0,0.0,0.43301272,739.1524,27.722137,2377.4624
9.456217,0.0,0.0,0.0,0.43301272,741.8379,12.120331,2384.8499
9.488173,0.0,0.0,0.0,0.43301272,421.05298,607.8149,2338.5408
9.466376,0.0,0.0,0.0,0.43301272,583.1391,276.71204,2305.637
9.298159,0.0,0.0,0.0,0.43301272,510.1993,614.57544,2228.259
9.315753,0.0,0.0,0.0,0.43301272,504.1758,575.5381,2206.8208
9.29272,0.0,0.0,0.0,0.43301272,711.55365,-144.75195,2334.4321
9.070984,0.0,0.0,0.0,0.43301272,743.52185,-7.6293945,2397.714
9.1254635,0.0,0.0,0.0,0.43301272,736.46906,-13.708771,2378.3896
9.208073,0.0,0.0,0.0,0.43301272,739.50757,11.581818,2383.0684
9.258041,0.0,0.0,0.0,0.43301272,736.0612,19.414032,2365.0469
9.308859,0.0,0.0,0.0,0.43301272,731.6965,29.430725,2352.7273
9.339553,0.0,0.0,0.0,0.43301272,727.14,19.40033,2336.6194
9.312189,0.0,0.0,0.0,0.43301272,723.8208,11.765533,2331.2798
9.335725,0.0,0.0,0.0,0.43301272,727.0836,29.596771,2337.659
