9.458507,0.0,0.0,0.0,0.43301272,368.23676,21.140808,2452.2688
9.279385,0.0,0.0,0.0,0.43301272,367.35788,1.0179443,2450.342
9.341504,0.0,0.0,0.0,0.43301272,368.28113,56.745148,2479.5237
9.377123,0.0,0.0,0.0,0.43301272,368.80728,64.604935,2480.8228
9.419657,0.0,0.0,0.0,0.43301272,358.72556,56.226196,2505.7212
9.431838,0.0,0.0,0.0,0.43301272,362.02795,46.270782,2507.5513
9.456217,0.0,0.0,0.0,0.43301272,363.0936,52.749725,2529.746
9.488173,0.0,0.0,0.0,0.43301272,374.77017,11.362457,2522.1746
9.466376,0.0,0.0,0.0,0.43301272,366.06116,91.28647,2559.1345
9.298159,0.0,0.0,0.0,0.43301272,417.38763,218.88347,2517.6533
9.315753,0.0,0.0,0.0,0.43301272,456.4277,260.12738,2470.0498
9.29272,0.0,0.0,0.0,0.43301272,433.86945,247.76868,2384.1929
9.070984,0.0,0.0,0.0,0.43301272,352.6821,23.942902,2498.119
9.1254635,0.0,0.0,0.0,0.43301272,346.6116,39.678223,2506.4878
9.208073,0.0,0.0,0.0,0.43301272,342.91507,20.345734,2486.0898
9.258041,0.0,0.0,0.0,0.43301272,343.3606,36.751923,2485.806
9.308859,0.0,0.0,0.0,0.43301272,339.58655,1.2865295,2459.474
9.339553,0.0,0.0,0.0,0.43301272,342.4888,-12.907135,2451.9753
9.312189,0.0,0.0,0.0,0.43301272,343.53857,-9.354614,2445.974
9.335725,0.0,0.0,0.0,0.43301272,338.10617,9.398254,2451.114
