13.450586,-0.051318128,0.50419617,1.9478625,0.2518745,602.4665,512.25586,2727.8044
13.79305,-0.09146919,0.5279001,1.9301702,0.25065398,599.97314,512.97894,2726.3079
13.740459,-0.009010287,0.19118237,0.68567306,0.7022966,578.5409,505.9972,2682.9055
13.719055,-0.033372194,0.1751268,0.67550737,0.7154766,570.49304,496.77393,2659.7058
13.552593,-0.7621004,-0.5980204,0.53842926,0.25536498,560.3485,483.0269,2646.96
12.9582,-0.60398066,-0.34106678,0.6199763,0.36675647,553.21533,463.2152,2616.1665
12.81875,-0.19065517,0.22873513,0.6800734,0.6699485,554.7038,443.22388,2616.4912
12.840676,-0.19407323,0.26610306,0.67244834,0.6628257,548.62616,426.9449,2597.684
12.704452,-0.18991697,0.29212677,0.6699777,0.6555327,544.9144,421.33066,2597.2866
12.315805,0.6267975,0.76539886,0.1341417,0.05740614,529.4054,393.15918,2568.1084
12.285576,-0.8009719,-1.0346271,-0.6552594,0.28675646,540.23334,417.19507,2585.2458
12.331696,-0.3129004,0.24175948,0.6740379,0.62395406,540.5733,437.25235,2583.7424
12.300716,-0.17281288,0.23070198,0.6772179,0.6769698,543.82477,491.0808,2614.9006
12.531324,-0.14727281,0.10047184,0.679121,0.71204686,568.1888,519.42255,2655.7659
12.914229,-0.41293478,0.21044987,1.97948,0.25431314,576.8374,526.9864,2667.013
12.839978,-0.05240716,0.19966821,0.67280215,0.7104388,584.20435,527.8357,2678.474
12.396124,-0.08194705,0.22065966,0.66905844,0.70495015,596.5275,530.0148,2688.9111
12.320997,-0.081945725,0.21354967,0.67174613,0.704584,592.9552,514.4922,2682.2983
12.371201,-0.12913479,0.19602431,0.65879,0.71476877,600.26556,514.9588,2700.83
