15.197529,0.0,0.0,0.0,0.43301272,782.27435,-808.6975,2622.125
14.881681,0.0,0.0,0.0,0.43301272,781.99207,-811.625,2628.1843
14.650532,0.0,0.0,0.0,0.43301272,780.8019,-806.9251,2625.5437
14.636648,0.0,0.0,0.0,0.43301272,780.9811,-809.98865,2624.2756
14.881122,0.0,0.0,0.0,0.43301272,780.9951,-810.2536,2622.3604
15.122871,0.0,0.0,0.0,0.43301272,782.36536,-806.7678,2625.0886
14.50876,0.0,0.0,0.0,0.43301272,781.1549,-812.2468,2622.2207
14.361401,0.0,0.0,0.0,0.43301272,783.0116,-788.47186,2606.931
14.227691,0.0,0.0,0.0,0.43301272,779.75104,-823.2998,2591.1758
13.706262,0.0,0.0,0.0,0.43301272,787.20746,-778.51135,2596.6191
13.981197,0.0,0.0,0.0,0.43301272,788.74585,-780.62805,2604.0884
14.083296,0.0,0.0,0.0,0.43301272,793.2633,-791.15466,2604.1555
14.052429,0.0,0.0,0.0,0.43301272,793.41315,-810.49054,2605.7341
13.898307,0.0,0.0,0.0,0.43301272,793.3795,-796.5996,2604.5183
13.888664,0.0,0.0,0.0,0.43301272,788.32007,-814.05176,2610.6462
13.542015,0.0,0.0,0.0,0.43301272,785.08075,-822.32086,2609.8918
13.209675,0.0,0.0,0.0,0.43301272,782.517,-813.83936,2599.78
13.242259,0.0,0.0,0.0,0.43301272,783.67535,-817.89844,2604.8916
13.216727,0.0,0.0,0.0,0.43301272,783.43243,-815.9858,2608.917
12.821833,0.0,0.0,0.0,0.43301272,780.3457,-802.3656,2609.7239
13.055739,0.0,0.0,0.0,0.43301272,778.7224,-800.4495,2613.2854
