8.914992,0.0,0.0,0.0,0.43301272,664.2651,-767.8522,2367.9846
8.970363,0.0,0.0,0.0,0.43301272,662.89075,-763.99554,2368.117
9.019992,0.0,0.0,0.0,0.43301272,662.08466,-766.84094,2365.388
9.001431,0.0,0.0,0.0,0.43301272,660.5407,-766.2219,2363.21
9.363431,0.0,0.0,0.0,0.43301272,660.97107,-766.1749,2363.02
9.620028,0.0,0.0,0.0,0.43301272,667.9919,-764.2196,2372.9907
9.711366,0.0,0.0,0.0,0.43301272,664.5711,-767.61334,2371.9988
9.740388,0.0,0.0,0.0,0.43301272,664.89166,-778.344,2376.7156
10.050435,0.0,0.0,0.0,0.43301272,662.8778,-776.7707,2373.1868
10.025217,0.0,0.0,0.0,0.43301272,667.16376,-759.94055,2380.3918
9.884931,0.0,0.0,0.0,0.43301272,671.9463,-728.8756,2367.6865
9.709892,0.0,0.0,0.0,0.43301272,689.38086,-708.1399,2413.3572
9.659436,0.0,0.0,0.0,0.43301272,675.3947,-735.3669,2392.7378
9.681376,0.0,0.0,0.0,0.43301272,671.7848,-745.8563,2381.762
9.683999,0.0,0.0,0.0,0.43301272,669.20184,-757.4961,2380.8096
9.683795,0.0,0.0,0.0,0.43301272,671.9896,-780.8467,2366.297
9.643358,0.0,0.0,0.0,0.43301272,670.83026,-769.8177,2371.5422
9.630438,0.0,0.0,0.0,0.43301272,669.1084,-768.45544,2372.524
9.6296015,0.0,0.0,0.0,0.43301272,668.508,-765.4147,2371.9143
