9.597038,-0.4182671,1.0379169,-0.026877375,0.4246091,522.01184,574.4911,2478.5684
9.62353,-0.38490057,1.1024518,-0.013701897,0.4234568,524.44086,575.43567,2481.0723
9.659982,-0.34402692,1.0438863,-0.0029960782,0.42444655,524.92914,575.8991,2478.8264
9.688135,-0.3639311,1.0479212,-0.0137406895,0.4245019,524.7084,574.61475,2480.4053
9.715757,-0.43515804,1.0358442,0.0024454761,0.42386666,524.65765,574.887,2477.2031
9.647041,-0.7193001,0.80999935,0.098095894,0.42296302,523.0037,578.6068,2464.6975
9.629612,-1.0070367,0.836957,0.1339293,0.41893557,508.53442,576.3712,2433.8723
9.609131,-2.1093364,0.70244896,0.23277746,0.39708367,500.15866,558.8956,2417.1174
9.532664,-2.3169374,0.60147506,0.28869033,0.38980535,500.80106,531.5591,2411.4985
9.593542,-2.5015748,0.5634252,0.26980993,0.38112843,499.27063,515.694,2405.7476
9.556547,-2.6579013,0.56000686,-0.021375779,0.38170835,492.5686,497.06787,2393.2175
9.561448,-2.699181,0.5144011,-0.027581409,0.38018134,494.4604,486.56503,2386.4043
9.567451,-2.7148507,0.5663637,-0.0896134,0.3771525,496.67908,488.96353,2385.4827
9.612848,-2.6790109,0.674623,-0.13223727,0.37504914,498.0673,494.2417,2389.2246
9.63975,-2.1875932,0.7502891,-0.026531037,0.4011877,503.00287,512.2655,2393.2903
9.648713,-1.8318777,0.8348487,0.03953692,0.40751472,509.46796,526.78687,2400.0735
9.209375,-0.7092029,0.8991949,-0.09440554,0.42610583,515.53955,555.88367,2421.2786
9.177313,-0.5538617,0.83343965,-0.0031679322,0.4261771,519.9614,567.50244,2434.3257
