12.854386,0.034373067,0.83112407,-0.32314703,0.43528983,315.87845,506.96338,2657.2324
12.695826,0.029484266,0.86226064,-0.3062445,0.4346378,315.47906,509.19977,2657.0522
12.524402,-0.04875292,0.74747086,-0.30202335,0.43550214,314.2673,498.7879,2660.1719
12.323982,-0.55964893,0.73621243,-0.29663843,0.4333755,312.1509,503.51956,2650.6729
12.310523,-0.9029331,0.91192603,-0.28309202,0.4281331,306.68625,493.6215,2625.9255
12.329576,-1.2111055,0.75361913,-0.18256907,0.4252048,303.79388,479.0275,2613.966
12.392974,-1.6613597,0.829663,-0.21403635,0.41771457,302.66837,476.60724,2605.4763
12.235962,-2.350312,0.47369385,0.0572868,0.40054673,303.78632,445.0813,2588.1094
12.0683155,-2.318831,0.5480888,-0.1363531,0.40544605,295.4974,418.86743,2571.5046
12.04654,-2.394627,-0.60768855,0.2787649,0.40443107,295.0155,412.66965,2567.0166
11.949847,-2.4088166,0.1536988,-0.08595298,0.4092204,294.30322,408.42188,2562.0981
12.062126,-2.3955386,0.5007963,-0.22418343,0.40622294,295.85245,410.5011,2564.5942
12.377614,-2.3077672,0.31516683,0.042621743,0.40601408,307.11597,438.90308,2568.9343
13.256432,-1.6703457,0.4415927,-0.05262539,0.42050415,312.1324,448.68164,2573.3152
13.204394,-1.5021983,0.5740274,-0.09536466,0.42216182,313.47574,455.21848,2579.315
12.85239,-0.91570854,0.48291472,-0.17076474,0.43106124,320.82233,487.60092,2615.936
12.541846,-0.39196104,0.47419214,-0.21321929,0.43492097,322.28796,492.3869,2627.118
13.41418,-0.26190996,0.6238656,-0.27859017,0.43550542,321.24466,507.88718,2647.2788
14.180798,-0.3735281,0.46863997,-0.26820502,0.43607983,324.70923,493.945,2669.5396
14.513152,-0.23094128,0.462701,-0.31116128,0.43737385,327.14453,496.2892,2670.3044
14.247642,-0.1485513,1.2303516,-0.3173095,0.4290774,327.78653,489.2819,2674.4028
13.909813,-0.15002817,0.9627998,-0.31605193,0.43307486,329.52008,486.437,2676.7473
