8.914992,0.32053477,0.88417757,0.14494152,0.42540962,531.2869,363.39383,2449.425
8.970363,0.3055243,0.92226565,0.13161965,0.42527857,530.84436,365.32043,2449.3928
9.019992,0.28196645,0.94292873,0.12882635,0.42507523,531.7397,366.35992,2448.2712
9.001431,0.192075,0.99350506,0.10112528,0.42494163,531.3333,370.12183,2443.419
9.363431,0.052921392,1.0433106,0.08065977,0.42437315,530.3909,369.57248,2434.8037
9.620028,-0.21873432,0.84619886,0.043299407,0.4268061,523.70496,355.82837,2435.4607
9.711366,-0.2900296,0.891894,0.09580584,0.42470303,523.90424,349.44565,2425.323
9.740388,-0.5807234,1.1577344,0.043665614,0.4195622,525.1912,334.73798,2432.8342
10.050435,-0.5326226,0.8717022,0.2335164,0.4202054,537.7237,332.075,2437.5361
10.025217,-0.6903215,0.8855968,0.23285557,0.4187765,537.57007,312.07178,2433.3755
9.884931,-0.7098889,0.8430753,0.16664109,0.42091614,532.1012,310.15735,2437.8264
9.709892,-0.5938574,0.9694631,0.16086425,0.42002487,534.86414,327.32904,2435.6035
9.659436,-0.4943024,0.9138348,0.1688923,0.42144644,535.8599,345.11328,2434.9277
9.681376,-0.21886703,0.5952031,0.13638037,0.42727375,540.7247,357.62885,2432.515
9.683999,-0.09074167,0.6444217,0.109806806,0.42783907,540.4084,359.458,2437.661
9.683795,0.053979546,0.6785963,0.12019129,0.42763475,540.0482,358.30725,2442.3262
9.643358,0.14992163,0.7854563,0.1548742,0.42601165,540.3651,359.04977,2444.934
9.630438,0.31288043,0.6161711,0.14874007,0.42770377,540.86005,364.18152,2452.728
9.6296015,0.31058156,0.7160103,0.16422772,0.42658132,540.4168,366.11353,2449.8838
