15.601883,-0.09813621,0.9252448,0.034697577,0.36481172,-217.5103,638.9238,2081.6335
15.332136,-0.09912468,0.90060747,0.023292992,0.42253762,-236.27779,640.79803,2076.8586
15.13063,-0.0628712,0.850804,0.009151947,0.5216285,-247.44624,651.2832,2077.718
14.4354,-0.06626169,0.6869626,0.022886729,0.72330356,-332.95813,657.4835,2070.504
14.394807,-0.31289572,2.3046,0.13554296,0.3076426,-371.81204,657.4909,2054.816
14.088736,-0.3659868,2.239263,0.028902238,0.3753734,-397.2793,650.56885,2042.1156
14.214458,-0.27296355,1.7743523,-0.2531008,0.41319513,-392.03094,646.56006,2052.3242
14.554773,-0.19386108,1.4208958,-0.29689956,0.4246468,-409.19043,650.96533,2072.3022
15.095923,-0.1494578,0.8668686,-0.25890774,0.43313643,-447.87225,655.57117,2089.78
15.542072,-0.19266067,0.40799746,0.021388156,0.43119368,-491.20294,648.5795,2081.7551
15.891388,-0.14331187,-0.2120333,0.23333645,0.42764136,-506.00452,642.08093,2061.992
16.135815,-0.06638989,-0.99606395,0.17302361,0.4229041,-457.0651,646.79443,2044.1177
16.243048,-0.088070646,-1.498804,0.24616657,0.4114407,-431.80878,665.72107,2009.4088
16.44977,-0.17162819,-1.8511508,0.3684381,0.39638695,-408.92255,678.1914,1967.0996
15.73441,-0.5247551,-2.0950208,0.3468278,0.3868199,-346.4043,685.1782,1865.456
15.423674,-0.7651609,-2.001697,0.3969955,0.39068568,-308.95636,687.2469,1810.7029
15.28299,-0.7796868,-0.38459262,-0.14291027,0.43408224,-232.28609,680.7659,1797.1011
14.519738,-0.33287257,1.5000991,-0.267887,0.42111874,-202.84543,671.03156,1849.2639
14.465977,-0.20669647,1.5939796,-0.17468703,0.41759977,-200.18875,666.7498,1889.4147
13.845006,-0.19218428,1.0855794,0.063105695,0.42311436,-189.30989,641.5456,1951.7441
