8.341237,0.66133577,2.0043986,-0.17762746,0.4087548,187.4034,795.9845,2462.2869
8.253107,0.45504767,2.3545256,0.16110249,0.37257662,175.93005,736.69946,2491.0405
8.133655,0.23712824,2.3757126,0.3283884,0.3507596,191.91483,705.54584,2497.2773
7.9968634,0.06545355,2.36055,0.36579564,0.33128834,223.44562,698.8572,2499.4412
7.99659,-0.109365046,2.3580213,0.20370033,0.31674543,283.50717,685.979,2479.0608
8.618283,0.08846556,0.8191606,-0.0052296007,0.5666725,500.2204,789.7932,2554.176
8.885212,0.07807181,0.9042162,0.0020905377,0.41987076,556.11487,776.35315,2558.181
9.128194,0.06537403,0.9486889,-0.012954913,0.3091047,595.88965,794.7552,2550.2583
9.312517,0.054903287,0.97081685,-0.02533283,0.23207071,620.8538,808.047,2539.3877
9.664316,-0.067566246,-2.4353733,-0.008608671,0.36213,639.2417,819.3794,2472.3696
9.887817,-0.009138775,-0.7865682,0.31815597,0.42177293,620.90753,826.3136,2409.929
10.020002,-0.010518201,-0.13182187,0.39974955,0.4237963,610.82947,828.28064,2381.5452
10.110287,0.0155483,0.43523705,0.5096608,0.41981736,594.9514,830.74023,2353.8306
10.190787,0.05041447,0.8998775,0.5611407,0.41397402,580.7209,836.273,2332.837
10.397619,0.06521177,1.8435123,0.69196445,0.38247472,535.80457,821.5866,2281.1252
10.237002,0.08976701,2.1958394,0.7464207,0.3227291,470.7119,820.43164,2258.7288
10.34262,0.19354688,2.1582487,0.7060681,0.2980389,438.8721,812.3569,2264.6687
9.989151,0.1133557,0.67358404,0.20613451,0.7006715,367.84464,800.4554,2332.146
10.139623,0.11017476,0.71841216,0.20846494,0.6544345,332.54645,800.14197,2361.576
