14.444074,-0.38688663,-1.2516111,0.27866778,0.41694763,-584.2356,649.1462,1815.6991
13.990699,-0.3996752,-1.9608663,0.3185122,0.39466676,-606.275,709.7323,1743.1295
14.687432,-0.37350366,-2.207069,0.27289832,0.38103393,-600.2285,722.8428,1700.4774
15.23893,-0.45921138,-2.2939181,0.39094812,0.3660102,-586.96204,736.465,1641.0011
15.499208,-0.4866459,-2.3122573,0.44772896,0.35853183,-578.6899,740.8415,1618.1526
15.289792,-0.5185739,-2.2784202,0.5878436,0.35016987,-539.33453,747.5415,1579.6602
15.46411,-0.47344533,-2.277137,0.6265898,0.34274372,-489.16245,759.3754,1575.7023
15.844539,-0.49495888,-2.3300881,0.5275229,0.33404735,-406.40936,761.07104,1586.2635
16.201132,-0.67768836,-2.384193,0.2762837,0.36080727,-290.20868,746.0851,1607.6406
16.568863,-0.68598944,0.59819716,-0.25347278,0.43320483,-264.7703,735.28406,1656.2649
16.822912,-0.25021642,1.6053277,-0.05187458,0.4139562,-250.25702,717.13556,1747.8419
16.514893,-0.14957455,1.3351208,0.037901405,0.41929907,-196.6792,701.6361,1803.0132
16.73918,-0.097516224,0.79856616,0.05809943,0.42747566,-154.84988,688.6829,1843.1221
16.941786,-0.19185011,0.059157614,0.029156761,0.43223432,-123.77037,670.5377,1877.1617
17.138718,-0.2850012,-0.7130504,-0.011813045,0.43049523,-116.31232,656.31885,1917.7987
17.304115,-0.3040152,-1.1767328,0.15180711,0.42129138,-139.20653,657.09985,1944.5798
16.839039,-0.30854917,-1.4436448,0.089588076,0.41777822,-131.50769,651.4727,1960.3877
16.119284,-0.41188055,-1.8377932,0.13100451,0.40591452,-126.115074,639.9835,1978.5123
