17.504791,-0.0799928,-0.05758374,-0.09646406,0.27179152,-329.47586,468.29666,1918.9001
17.480309,0.47593302,0.8646903,0.10727688,0.119541205,-117.98108,339.5354,1566.1326
17.497185,-0.87081903,-0.596071,1.6575687,0.2515339,-415.57965,307.11746,2027.8472
17.34556,-1.0046383,-0.6244141,1.5262775,0.2532984,-409.75766,298.06427,2014.8177
16.688614,-0.39742562,-0.38670257,0.6539156,0.5146925,-444.45654,304.28372,2031.3949
16.174734,-0.19016546,-0.32136568,0.7252318,0.57844615,-444.9828,323.94623,2051.1982
16.370352,-0.38435557,-0.34314242,0.69903547,0.49585623,-448.9836,238.07553,2041.3466
16.600767,-1.1524975,-0.9311818,1.3118985,0.26304585,-396.18204,295.065,2014.2319
16.739359,-1.5459539,-1.1412799,1.1434324,0.29065353,-371.564,284.10358,1981.9867
16.378977,-1.5833048,-1.6476173,0.7829272,0.30594417,-359.10513,296.9146,1946.8083
16.462502,-1.5910995,-1.6824071,0.65996414,0.30678356,-357.44855,299.53745,1930.1812
16.55963,0.96227276,-0.85720307,1.5405352,0.25301427,-335.17133,300.13275,2041.8049
16.622805,0.41155505,-1.2320231,1.5675095,0.26091477,-385.5044,410.0726,1925.7329
16.722202,-0.6003259,0.64850044,-0.28916034,-0.36802483,-413.79874,151.0575,1813.4792
16.778309,-0.56706524,0.6320279,-0.3472999,-0.3979452,-406.55865,170.35309,1802.8401
16.853163,-0.5752829,0.6082913,-0.37215048,-0.40066853,-329.62726,82.2381,1978.958
16.904274,0.6841185,-0.5457319,0.24681933,0.41621962,-307.43912,92.965515,2023.0845
16.970764,0.46148825,-0.49868292,0.51676947,0.52085805,-295.07108,117.9299,2057.6353
17.057775,0.4612498,0.09046029,0.67010736,0.57447505,-308.78363,248.03983,2115.5496
17.076427,0.8493346,0.6759677,1.6601057,0.252675,-340.25085,174.5607,2110.815
17.08354,0.25058767,0.30549154,0.6638002,0.63501984,-355.19952,206.04333,2125.6953
