8.055248,0.60535884,0.57624596,-0.41832295,-0.35565037,-36.743496,339.71204,2408.2625
8.326108,2.6228728,0.48670885,-1.6477652,0.39563474,385.3058,316.9348,2247.377
8.510597,0.2712668,-0.17944911,0.6456263,0.69092613,124.946556,276.67648,2644.1301
8.400818,-1.3506242,-1.2052674,1.2095829,0.28078216,249.3502,359.5645,2408.3474
8.242273,0.38982087,0.6471117,-0.5175264,-0.40181166,333.36078,294.3105,2240.2483
8.1214905,0.37327942,0.6825248,-0.5207878,-0.35157135,336.2882,294.0364,2241.9817
7.9764185,-0.18211539,-0.57863915,0.6240228,0.4925507,344.79657,248.65662,2288.643
8.310955,-0.059917383,-0.4667013,0.6473574,0.59960663,319.33444,266.79822,2344.97
8.735117,0.30943945,-0.58622986,1.993899,0.26655313,321.25198,351.78656,2360.449
8.81608,0.40081093,-0.38080132,2.105429,0.2807025,312.61395,330.64545,2393.5935
8.753079,0.851973,0.19867368,2.0564113,0.28353888,319.94446,307.77725,2411.6492
8.5594635,1.109713,0.5151292,1.921676,0.28607383,342.3314,304.76807,2421.9785
8.4674835,1.3604228,0.8874584,1.6946454,0.29352045,332.2033,303.83032,2412.314
