17.504791,-0.22955506,-2.2868578,-0.24523921,0.28947026,-311.53198,-329.1354,1614.5372
17.480309,-0.23472244,-2.263755,-0.54152584,0.2924531,-239.19386,-370.53113,1677.2073
17.497185,0.03369325,0.9777185,0.19459373,-0.0711664,-282.0005,-303.4883,1950.6559
17.34556,-0.12022822,0.9862354,-0.11241048,-0.015777593,-280.21146,-335.77563,1962.5594
16.688614,-0.13627787,0.9802314,-0.11189574,0.089745186,-275.05392,-361.11545,1986.6439
16.174734,-0.12478858,0.9611516,-0.122753754,0.21341714,-248.84215,-367.30624,1962.4547
16.370352,-0.112326555,0.9430343,-0.06895588,0.30547374,-258.05246,-451.81348,1983.7899
16.600767,-0.10152371,0.91499984,-0.070021406,0.38414234,-241.56827,-367.5047,1987.6802
16.739359,-0.100649685,0.88374025,0.006576556,0.4569787,-281.05176,-304.16492,2075.9377
16.378977,-0.15087786,0.8475782,-0.023418693,0.50823057,-291.2212,-311.21594,2037.6183
16.462502,-0.16304584,0.8221127,-0.037902813,0.54416,-292.55658,-312.7478,2025.0272
16.55963,-0.031944033,0.9452458,-0.0082995845,-0.32468614,-249.07193,-330.09442,2099.2073
16.622805,0.05875368,0.9869099,-0.12743224,0.07948457,-309.19458,-458.07275,2049.8975
16.722202,9.282133E-4,0.8036751,-0.1384977,0.57872605,-322.37885,-489.78952,1966.6575
16.778309,-0.0110566905,0.7750162,-0.12683144,0.61898434,-330.98294,-471.484,1951.5796
16.853163,-0.18551065,0.90617716,0.20900097,0.31740716,-326.29327,-282.80438,2292.044
16.904274,-0.13305038,0.9132607,0.06470486,0.37955996,-330.8513,-291.06683,2239.3623
16.970764,-0.13632235,0.88967,0.05581894,0.43218938,-334.0276,-297.5312,2229.4521
17.057775,-0.9505622,0.74064136,0.20436448,0.4192754,-497.07227,-401.8739,2067.5833
17.076427,-0.66680974,1.4307786,-0.20649998,0.41822752,-538.5437,-397.85562,2025.9391
17.08354,-0.7374246,1.4149529,-0.21597084,0.41802514,-539.9306,-398.1519,2022.2129
