12.2347555,0.52466214,-0.5093346,0.09102681,0.42772502,-408.78476,-252.28365,1948.8346
12.330611,0.7087277,-0.86876345,0.058167633,0.42313367,-414.82623,-249.56842,1948.102
12.320168,0.7250236,-1.1956925,0.01727716,0.417999,-416.2543,-250.01717,1939.8345
12.023893,0.53348786,-1.9054222,-0.016526798,0.39771426,-407.15646,-240.58795,1921.0454
12.009788,0.4108474,-2.1322186,-0.008145345,0.3856886,-389.6576,-232.85286,1921.6791
11.821974,0.5232205,-2.320939,-0.3052085,0.374033,-361.9991,-178.53455,1971.153
11.773071,0.30901054,-2.4674919,-0.44708553,0.36121994,-319.82614,-146.09221,1958.8457
11.9451475,0.10578437,-2.5189414,-0.5182072,0.342684,-280.19263,-123.333664,1948.9253
11.801969,0.0995517,0.92986923,0.17132019,-0.30997083,-198.49036,-127.52841,2007.6406
11.932472,0.06205488,0.9416601,0.19489184,-0.26728755,-209.57024,-196.33311,2029.7104
12.059839,0.020827204,0.95174146,0.18786073,-0.24179062,-189.8926,-142.44229,2055.9624
11.921069,-0.0071126814,0.9852462,0.11233766,-0.1289171,-185.95836,-142.17892,2057.221
12.453072,-0.03859899,0.9913842,0.113775015,0.05217893,-194.33006,-137.65898,2059.8274
12.686597,-0.09620863,0.9723879,0.1466009,0.15399311,-197.92285,-240.46992,2023.7257
12.4952135,-0.037143514,0.910709,0.12768449,0.3910578,-198.2965,-141.89615,2043.3348
12.707466,-0.01351897,0.8871894,0.115606025,0.44648346,-182.74197,-215.32959,2011.5232
12.746086,-0.0071752043,0.86150503,0.116848946,0.49406877,-176.54688,-248.8371,2007.1986
12.56041,-0.018206034,0.83988523,0.109482735,0.5312954,-183.64195,-245.40439,2010.712
12.490377,0.021886596,0.77541983,0.046712365,0.6293354,-165.78128,-253.83691,2002.8341
12.88913,0.14522177,2.2138882,-0.008765859,0.27836737,-144.65677,-275.35687,1994.6542
