14.526205,-0.60165226,-2.483798,-1.4255428,0.3719757,-237.57343,-415.04846,1681.2308
14.1614065,-0.08496995,0.92472315,-0.037598994,-0.36912528,-69.9324,-342.30353,1924.6204
14.641441,-1.836887,-1.825309,-0.21710727,0.4088811,13.810753,-331.6306,1920.966
14.849508,-0.91438234,-1.7785401,0.7653658,0.3854745,19.855421,-329.41956,1935.5839
14.219328,-0.6181474,-2.3856986,0.35588527,0.35044336,74.33065,-326.8454,2059.1733
14.469971,-0.5235129,-2.3712535,0.41834846,0.34373268,67.9812,-317.854,2074.1665
14.712194,-0.18443187,-2.4196963,0.17414857,0.32410118,63.99829,-320.06818,2087.4631
14.930669,-0.10630744,-2.3032978,0.0025120603,0.381169,79.28246,-287.67432,2111.094
15.092555,-0.8920274,1.1602359,0.15539567,0.4133413,27.629906,-292.0907,2046.7612
14.898549,-0.81364495,1.4782473,0.388037,0.39811245,-13.316071,-330.53516,2087.4885
14.507052,-1.7775508,-1.1557359,-0.5307392,0.4301806,-166.07558,-338.14725,2018.4237
14.165185,-0.7092357,-0.9606027,0.17642994,0.4236378,-245.63994,-298.47092,1950.0834
14.045481,-0.8430268,-1.0452161,0.4732491,0.4146092,-246.15752,-307.7164,1947.8472
14.327362,-0.29857346,-2.3138878,0.29641375,0.3021936,-247.57304,-355.00122,1946.8275
14.755618,-0.23641762,-2.0054123,0.2467581,0.25429648,-242.52396,-372.13235,1940.859
15.037483,0.09715354,0.80572605,-0.11067591,-0.5736877,-232.17554,-354.86884,1929.2323
15.412398,0.10517465,0.8480984,-0.073339,-0.5140903,-223.87102,-309.92438,1862.4873
15.555108,0.09361418,0.8761188,-0.08149192,-0.46584466,-219.20863,-307.95044,1861.2
14.99251,0.109166145,0.90315354,-0.10874531,-0.40071306,-211.07492,-316.4275,1857.076
15.146845,0.09032193,0.9653159,-0.12709369,-0.20941447,-191.0105,-360.61682,1862.5564
15.262524,0.11042704,0.9726517,-0.12053146,-0.16500504,-169.16202,-390.13724,1876.933
15.343639,0.07863944,0.98873615,-0.11751482,0.049060892,-173.32672,-394.98718,1883.1393
15.646396,0.07654216,0.9357701,0.32540238,-0.11220011,-54.142197,-408.03427,2121.2227
15.869857,0.16853818,-2.0221078,-0.3865653,0.25840303,-135.33408,-245.22044,2064.9521
15.954138,-1.1185224,-2.5178342,-0.73041135,0.37824163,76.09408,-397.24216,1762.9668
