7.948224,-0.07429046,0.9780372,0.093475975,-0.17084017,556.51697,-190.06133,2683.8943
7.7760267,-0.23417571,-0.6849634,0.8123119,0.40928787,625.9694,-223.66495,2272.446
7.734334,0.03600834,2.154383,0.69791365,0.29945874,628.0108,-322.8479,2269.682
7.761545,0.052764706,2.2964103,0.13171156,0.29412737,745.43567,-357.8723,2222.0833
7.7928386,0.029275216,0.77739674,-0.08566007,0.6224626,839.58777,-331.7141,2164.0522
7.679423,-1.4806249,0.33846706,0.16403191,0.41925472,720.13934,-292.80713,1973.4684
7.544092,-0.008432579,1.2814527,0.36535797,0.41269547,564.68866,-270.5482,1867.1261
7.4992785,-0.17575449,1.9759312,0.5204862,0.3790334,524.9991,-316.905,1852.7198
7.5130067,-0.2877397,1.91373,1.0429909,0.33927825,442.61417,-384.48367,1870.251
7.5573025,-2.699441,0.02349974,-0.17768525,0.40264195,304.34613,-354.2509,1823.992
7.582478,0.14127505,0.8798539,0.32038954,-0.3213238,366.26566,-389.54968,2329.347
8.057806,0.4552738,-2.3273225,-0.665819,0.31288016,282.29538,-390.06512,2184.8823
