7.916687,0.0,0.0,0.0,0.43301272,236.61203,66.05365,2405.2825
7.7917247,0.0,0.0,0.0,0.43301272,438.61627,-13.795685,2103.9998
7.8275633,0.0,0.0,0.0,0.43301272,276.32236,330.68884,1933.3004
7.779758,0.0,0.0,0.0,0.43301272,-26.063354,75.722626,2089.978
8.290232,0.0,0.0,0.0,0.43301272,-35.346558,81.43344,2206.4763
8.539822,0.0,0.0,0.0,0.43301272,-85.161255,60.033844,2334.527
8.43239,0.0,0.0,0.0,0.43301272,-29.23885,6.1819153,2597.0427
8.653078,0.0,0.0,0.0,0.43301272,455.71777,91.5246,2270.0266
8.665216,0.0,0.0,0.0,0.43301272,457.05615,78.58786,2186.8652
8.449139,0.0,0.0,0.0,0.43301272,497.50272,76.72836,2268.0286
8.277443,0.0,0.0,0.0,0.43301272,500.65393,68.43233,2176.1812
8.521069,0.0,0.0,0.0,0.43301272,587.73047,73.58621,2196.3665
8.418439,0.0,0.0,0.0,0.43301272,649.82916,107.33389,2164.3054
8.255037,0.0,0.0,0.0,0.43301272,510.05774,91.225815,2131.637
8.161701,0.0,0.0,0.0,0.43301272,468.44635,69.49275,2199.021
8.148751,0.0,0.0,0.0,0.43301272,401.77557,42.497467,2311.0986
