14.831695,0.0,0.0,0.0,0.43301272,-340.51077,-19.687592,1625.8425
14.760191,0.0,0.0,0.0,0.43301272,-316.8019,-0.3796692,1752.4979
15.233323,0.0,0.0,0.0,0.43301272,-294.9503,-7.6562195,1817.9314
15.205851,0.0,0.0,0.0,0.43301272,-321.55887,34.910843,1870.5612
15.3660145,0.0,0.0,0.0,0.43301272,-350.82373,-14.205597,1908.7861
15.449502,0.0,0.0,0.0,0.43301272,-356.46106,-19.079346,1919.909
15.777206,0.0,0.0,0.0,0.43301272,-377.9531,-5.7174377,1902.5878
16.06015,0.0,0.0,0.0,0.43301272,-365.16614,15.28093,1841.1868
16.336658,0.0,0.0,0.0,0.43301272,-353.93735,12.771652,1901.3333
16.54609,0.0,0.0,0.0,0.43301272,-395.08023,49.13115,1966.0383
16.731342,0.0,0.0,0.0,0.43301272,-425.95752,-17.967468,2016.9142
16.903585,0.0,0.0,0.0,0.43301272,-379.28723,-41.951492,2043.8994
17.006298,0.0,0.0,0.0,0.43301272,-481.8571,15.691177,2221.1455
15.783954,0.0,0.0,0.0,0.43301272,-547.1198,-19.178406,2265.8787
15.2813225,0.0,0.0,0.0,0.43301272,-602.07153,-34.136765,2254.527
15.496172,0.0,0.0,0.0,0.43301272,-661.7438,-26.877777,2173.64
15.647737,0.0,0.0,0.0,0.43301272,-678.27924,-19.988892,2136.6038
30.131178,0.0,0.0,0.0,0.43301272,-371.36392,-87.956085,1648.8871
