14.444074,0.0,0.0,0.0,0.43301272,-303.52512,98.969086,1766.6221
13.990699,0.0,0.0,0.0,0.43301272,-329.77576,89.14012,1860.5504
14.687432,0.0,0.0,0.0,0.43301272,-383.75598,138.68669,1978.8837
15.23893,0.0,0.0,0.0,0.43301272,-387.26724,179.54866,2025.8497
15.499208,0.0,0.0,0.0,0.43301272,-402.92926,153.82524,1976.2229
15.289792,0.0,0.0,0.0,0.43301272,-387.5921,139.46179,1890.4789
15.46411,0.0,0.0,0.0,0.43301272,-357.77567,138.93314,1848.2109
15.844539,0.0,0.0,0.0,0.43301272,-306.54602,131.15561,1836.3623
16.201132,0.0,0.0,0.0,0.43301272,-207.08423,99.42497,1828.5692
16.568863,0.0,0.0,0.0,0.43301272,-132.52644,46.21245,1715.173
16.822912,0.0,0.0,0.0,0.43301272,-7.934929,28.457077,1771.6892
16.514893,0.0,0.0,0.0,0.43301272,131.408,30.957916,1804.5331
16.73918,0.0,0.0,0.0,0.43301272,206.07756,40.095978,1866.4036
16.941786,0.0,0.0,0.0,0.43301272,210.00562,40.58403,2007.5807
17.138718,0.0,0.0,0.0,0.43301272,100.88929,47.923706,2154.0327
17.304115,0.0,0.0,0.0,0.43301272,55.96169,63.05832,2210.8293
16.839039,0.0,0.0,0.0,0.43301272,49.691612,68.95476,2230.943
16.119284,0.0,0.0,0.0,0.43301272,-4.1383057,9.721619,2231.691
