12.233703,-1.3101207,1.5206702,-1.4691254,0.31564036,-146.6966,526.3607,1914.1658
12.257222,-1.436463,1.4619206,-1.9933057,0.35850167,-177.4842,523.0211,1904.2479
12.331998,-1.6381967,1.2622662,-2.1661875,0.37478432,-197.85524,526.1196,1911.8167
12.166513,-1.9046271,0.9087342,-2.2540238,0.3865537,-224.0676,552.80096,1891.5674
11.878902,-1.3327744,-0.26497078,-3.1734955,0.44299918,-231.4499,540.23303,1844.0754
11.912196,-1.290163,-0.40673155,-3.1858282,0.44260508,-226.71365,540.9379,1832.6069
11.981786,-1.0648286,-0.63746494,-3.2386534,0.44255888,-210.87544,542.36664,1810.2701
11.8592415,-1.043049,-0.73455983,-3.2235463,0.44157958,-198.86914,541.2328,1839.5828
11.600991,-0.036675666,-1.4399506,-3.018304,0.419438,-192.45688,531.73254,1849.1783
11.66337,0.4707004,-1.2789744,-3.048632,0.4187875,-223.68819,387.7315,1963.533
11.772218,-0.50633043,-0.62070906,-3.333026,0.42863744,-208.77696,424.91187,1847.307
11.642617,0.78831184,-0.58668274,-0.18247536,0.032719895,-129.41492,397.64218,1500.6863
11.49136,1.6876093,-0.5444382,-2.8363948,0.41900826,-116.79251,544.78107,1647.5189
11.122093,-0.6728444,0.3429733,-3.360899,0.44577765,138.19867,564.2246,1623.5531
10.947984,-1.0501423,-0.4534954,-3.2427835,0.4471104,147.32335,550.58704,1662.127
11.057493,-0.3673069,-1.0101682,-3.2346327,0.44371843,183.3502,557.7312,1767.6542
