9.680153,-0.62336093,0.64222217,-0.15028492,0.41998374,481.56604,560.31934,2087.486
9.938941,-0.62325054,0.64953196,-0.15553316,0.40678784,343.01758,561.05664,2051.753
10.246427,0.54680616,0.6923749,0.35278246,0.31171232,422.44705,420.02264,2001.0514
10.306218,-1.6319355,-0.10801694,-2.6165044,0.40062243,378.15692,518.52405,2287.0332
9.899056,-1.7143006,0.49282187,-2.3973582,0.38551024,350.43457,563.89,2275.583
9.581082,-1.8699633,0.5932445,-2.3176234,0.3859116,322.4198,571.20294,2341.1545
9.249685,-1.7598256,0.75299895,-1.6992229,0.34224862,283.2251,530.4116,2343.6648
8.993066,-1.6562587,1.0472432,-1.4389561,0.31926894,236.64206,546.5213,2362.1365
8.88065,-0.86044127,-0.16035342,-3.331701,0.44813582,234.96185,537.8255,2396.2483
8.7701025,-1.7285936,-0.65568876,-2.8025155,0.42065448,183.03288,529.0257,2696.4446
8.688389,-1.4159924,-0.6867101,-3.0009553,0.42414266,222.60274,529.6548,2678.5513
8.607188,-0.35933855,2.1649194,-2.1137745,0.39090163,379.48877,560.3028,2676.3062
8.503998,0.04893573,-1.9827168,-2.331507,0.38263106,379.1103,568.3574,2676.726
8.724045,0.25333658,-1.9704233,-2.2466438,0.37489304,349.827,566.6084,2671.3618
8.622277,0.19217472,-1.2737262,-2.8966508,0.39994103,498.63446,572.7299,2663.9238
8.651336,-0.6191741,-0.2776054,-3.2858648,0.42263144,605.27014,585.3855,2619.3538
8.653188,-0.41191065,-1.1397197,-3.1966884,0.43915492,769.1052,569.5376,2480.0469
9.093217,-1.0637876,0.38964283,-3.1889977,0.44538206,808.6235,579.03314,2414.3474
