14.213732,-0.7702315,0.71043795,-0.3723852,0.43371218,-108.557396,561.788,2222.9983
14.245303,-0.30959186,0.64771587,-0.32659927,0.43602738,-143.74431,558.2399,2201.0396
14.097902,-0.29566076,0.8182533,-0.52197415,0.43790647,-181.99928,564.57544,2178.898
13.788839,-1.3634145,0.51448965,-0.40401363,0.43106642,-213.61078,570.5105,2149.223
13.421517,-1.0423925,0.3754423,-0.34074873,0.4343157,-231.47124,572.66187,2127.1636
13.5436735,-0.9623198,0.10469077,-0.34985432,0.43668327,-233.15721,572.50183,2096.958
13.754873,-1.5099646,-0.8659821,0.19422485,0.4199873,-220.00183,534.19495,2003.3992
14.272997,0.66040665,-1.24581,1.6657155,0.30458808,-160.83575,531.4193,1894.0024
14.486014,0.2888102,-0.8737102,1.9594868,0.28405216,-149.90738,524.9344,1897.6205
14.215267,-1.0145009,-2.4497254,-0.6469278,0.3920896,-126.893074,541.11096,1890.5287
13.856379,-0.3244595,-2.274747,-0.16675062,0.28835437,-47.307198,516.86835,1854.1569
13.853319,-2.3026474,0.99077183,0.39328268,0.3589985,43.5645,273.32532,1851.2069
13.906097,-2.3696823,0.06617357,-0.67110986,0.42403775,37.7057,460.15405,1903.3658
14.136901,-0.6864656,1.8417109,-0.47018325,0.4099343,43.188187,572.2312,1815.4999
13.889164,-1.5303025,0.935138,0.13939139,0.40890312,85.98274,599.38385,1869.4668
13.879065,-1.341852,0.5383507,0.29836917,0.41514528,90.22583,572.79785,1856.7601
14.259125,-1.4377247,0.3813204,0.05861883,0.421903,84.50752,576.1129,1873.4589
