12.461046,0.090309925,1.398018,-0.16324778,0.42384005,-235.08018,-96.41754,2018.0814
12.161375,0.39618602,-1.9111935,0.09534298,0.39620706,-119.432304,55.39766,1843.7515
12.191069,0.34540763,-2.2598162,0.41196012,0.32510749,-74.25086,-6.780136,1911.0608
12.289046,0.020972164,-2.286419,0.48950204,0.31836063,-72.60746,51.84793,1924.5837
12.117076,0.092422925,-2.2683,0.40203395,0.3053871,-52.085365,84.33153,1957.6068
11.816539,-0.050024685,0.7238272,-0.055195644,-0.6859484,-24.814106,106.61949,2035.6854
11.562358,-0.08335856,0.74845403,-0.056059152,-0.6555343,-51.54712,92.772095,2074.6777
11.681437,-0.095639445,0.82461655,-0.0048728134,-0.5575275,-64.04457,99.47589,2109.511
11.624018,0.14873973,0.5802823,1.3448228,0.39031598,-193.00095,60.8123,2049.3276
11.414953,0.116740294,2.4388738,0.069889575,0.35621342,-274.66663,34.100815,1986.6395
11.450539,0.1592359,2.4564347,0.050912444,0.35406396,-285.17422,38.237625,1991.3475
11.609404,0.2956232,0.62492883,-0.19827427,0.4349423,-233.69504,95.03825,2025.0406
