16.148613,0.017092073,0.75992644,-0.04608384,0.64814806,-481.9476,45.424896,2166.0725
16.484724,0.041083097,0.7237704,-0.020600658,0.6885087,-489.2874,43.00473,2125.696
16.648468,0.37280518,1.3407135,-0.25707784,0.42775652,-490.19052,45.64485,2099.4019
16.305897,0.6409611,1.4773966,-0.30514947,0.42646152,-488.7799,50.00836,2067.8782
15.829447,1.0352414,1.32925,-0.356473,0.42948547,-471.4063,62.54898,2023.9153
15.536504,1.3575926,0.9687966,-0.3828585,0.4327753,-469.56046,69.616104,1988.2365
15.324878,1.5388284,0.46624133,-0.12799679,0.42883986,-462.28824,83.804504,1943.9745
14.869788,1.609677,0.017914325,0.0031088009,0.4243235,-455.79163,93.16971,1908.2767
14.478554,1.7416477,-0.4331129,0.12655573,0.41502345,-441.20554,98.06624,1863.9323
14.307502,1.6557773,-0.77218354,0.09854777,0.41129538,-414.13724,118.196045,1838.0007
14.253107,1.6146874,-1.075906,-0.010159528,0.4073897,-389.86267,132.3516,1810.0256
14.599024,1.4042289,-1.3347772,-0.07754445,0.40567642,-377.94058,139.8191,1792.3932
14.585695,1.2264708,-1.5569074,-0.05352508,0.40044352,-369.73767,140.86525,1774.8395
14.279934,1.0021361,-1.7202078,0.052961133,0.3949228,-356.0948,143.0279,1757.3475
13.946657,0.7699124,-1.7112674,0.21775755,0.39503154,-314.10382,131.5412,1757.9307
13.524606,0.45571485,-1.9637668,-0.015256429,0.2529228,-242.13379,112.55293,1788.4597
13.573779,-0.22083229,0.64076334,0.009032648,-0.73523724,-212.11777,116.553085,1877.4783
13.314807,-0.28668705,0.6519321,-0.040119816,-0.7008462,-183.5567,108.36363,1935.1754
13.114294,-0.35629752,0.65170234,-0.12390279,-0.6580154,-169.91174,102.31122,1969.2318
13.153098,-0.35287943,0.61698186,-0.18116087,-0.6796985,-161.11458,97.71796,1999.7042
13.155501,-0.35254952,0.6206523,-0.22123937,-0.6644943,-155.75461,91.64505,2018.8394
12.943604,-0.36370248,0.66836154,-0.25005573,-0.5987364,-133.52719,87.69096,2028.764
12.827935,-0.34546524,0.7312808,-0.24024367,-0.5368099,-104.27473,88.63637,2026.1113
12.920206,-0.31608978,0.79092413,-0.22274113,-0.47424948,-72.725075,82.99823,2025.8031
13.494869,-0.25836954,0.86285377,-0.15569611,-0.40557036,-49.460377,81.65231,2031.3839
13.969579,-0.24142383,0.8880844,-0.12775362,-0.36972907,-47.702717,79.118484,2036.5576
