15.572359,-0.024225216,-1.6738945,0.655227,0.39175123,-140.56653,-73.541626,1647.0574
14.531199,-0.009163676,-1.4624419,-0.13905187,0.42152992,25.315859,51.198563,1627.8495
14.13894,-0.1913158,-2.1435943,0.5252311,0.37114558,75.4309,45.52295,1678.0374
13.519031,0.10536672,-2.1425176,0.5566053,0.28852075,136.09229,76.90996,1816.689
13.455665,-0.024012217,0.71629494,-0.07557485,-0.69327724,199.5402,124.11723,1905.1136
13.326231,-0.03453589,0.7423707,-0.053637747,-0.6669453,209.02774,127.91429,1936.3619
12.768206,-0.10190941,0.8258222,0.0037848935,-0.55463296,199.86328,68.27095,2049.2234
12.653942,-0.07268408,0.8894955,-0.021789076,-0.45059964,170.50024,-30.416122,2083.5615
12.673258,-0.1856469,0.9532728,-0.03440543,-0.23584421,79.13019,-50.188583,2098.124
12.616462,0.10228043,-2.158584,0.64384127,0.35264632,88.5856,-30.101456,1915.1498
12.498977,0.69646275,2.2965117,-0.45919698,0.4011741,-76.89026,124.675705,1984.1239
12.749164,0.043773632,2.4263403,-0.025220385,0.36447725,-141.60397,116.06789,1928.5602
12.587612,0.13183643,0.39425159,0.034366667,0.4314478,-131.06354,-78.182846,1907.1112
