11.207597,-0.15314509,0.15174432,0.14400716,0.42962852,28.716148,341.44238,1825.3772
11.165126,-0.48715004,-0.54388803,0.16572692,0.4276374,38.097168,340.37988,1877.4868
10.906568,-0.8946788,-1.2197256,0.08631633,0.42202753,34.46899,241.2411,1975.9142
10.94896,-0.799119,-0.5724793,-0.20706053,0.4346253,40.59912,163.70297,2029.3438
11.985543,-0.84802926,0.113779865,0.27806282,0.42407203,-4.841087,265.20184,2008.7804
12.926528,-0.105097584,2.4263566,0.014059937,0.32675764,0.627233,231.67946,2071.0278
13.356039,-0.37699494,2.2947986,-0.23659663,0.29915798,-10.355515,323.1128,2118.0684
14.070785,0.005529015,0.76157695,-0.09049462,0.64169824,-73.74231,303.27246,2098.5698
14.069609,0.0061703064,0.75924104,-0.07650424,0.6462648,-104.75693,306.3559,2079.0598
14.258698,-0.3141793,2.2240615,-0.07400766,0.28588894,-159.24101,316.46753,2056.8445
14.018675,-0.295706,2.2873752,0.06628427,0.29978368,-182.97809,318.2604,2063.5063
13.47662,0.112492666,1.2183938,-0.10097289,0.42591178,-290.2096,294.9359,1980.7576
13.773312,0.18037999,1.2612562,-0.014284884,0.42346284,-307.9656,303.50253,1967.5184
13.613476,0.09948004,0.18067531,-0.039902367,0.43366584,-344.86588,333.0942,1923.2914
13.079854,-0.08118731,-0.049755696,0.09893409,0.43088365,-366.3915,354.88226,1895.6011
13.00453,-0.16114011,-0.68433696,0.1069803,0.42804217,-355.8614,333.08432,1854.6838
13.148278,0.0059563294,-1.0453303,0.13830803,0.4227893,-304.91162,305.68347,1825.05
13.129548,0.07696599,-1.7753516,0.25924942,0.4010237,-236.15875,296.31665,1816.3206
13.261164,0.008121965,-2.4823027,-0.10129449,0.33922774,-190.5498,298.1531,1849.0056
13.094867,-0.031603277,-2.4356453,-0.113545306,0.31725627,-170.19786,302.70435,1850.4722
13.070408,0.7757444,-1.6685681,-0.009945874,0.40394807,-111.77443,255.12573,1798.2704
