15.50496,0.040780764,-0.3755505,0.040694885,0.43124333,-470.1465,344.35767,1980.8696
15.800275,0.038359378,-1.4344195,0.13025288,0.415432,-453.63724,342.00967,1935.2577
16.053783,-0.039534323,-1.8878738,0.16268769,0.4005865,-440.3631,320.08356,1907.2155
16.07081,-0.057175733,-2.1407158,0.17121999,0.3867664,-435.79233,324.56866,1889.6873
15.567317,0.013046549,-2.470942,-0.05453095,0.33753625,-456.84,334.12567,1861.371
15.238915,-0.9842121,0.12335804,0.13938852,0.42639852,-436.60553,161.581,1787.2349
14.909885,-0.78701675,-1.1646107,-0.19211306,0.42917594,-401.18677,173.37373,1781.4905
14.763318,-0.5133538,-1.1520253,-0.18421164,0.4293822,-416.62662,183.26567,1780.0452
14.482054,-0.7294347,0.5213533,-0.47277758,0.43768072,-403.31213,243.71841,1771.8535
14.101977,-0.62075347,1.3665161,-0.4333704,0.4250974,-385.26904,278.46722,1790.7969
13.871649,-0.39404213,1.8168275,-0.08317828,0.40586945,-364.16437,288.61884,1819.7808
13.853098,-0.26653975,1.9268849,0.10224621,0.39717755,-348.14923,290.3266,1851.2429
13.562646,-0.18752784,1.8864021,0.21015893,0.39662218,-330.17236,285.69235,1887.652
13.391624,-0.19020559,1.7186188,0.23664087,0.40276328,-314.64575,284.58148,1925.8123
13.069894,-0.15443294,1.4255737,0.18051973,0.413572,-297.19342,278.3669,1951.0239
12.871982,-0.09157999,0.8606966,0.1660217,0.424309,-265.72345,270.15262,1973.9479
12.89319,-0.06992038,0.29149705,0.12998605,0.42962062,-243.52994,264.8926,1997.7351
13.122354,-0.08035159,-1.0100796,0.14225797,0.4234843,-196.72043,271.75494,2053.1611
14.059488,-0.17991425,-1.7541722,0.17517962,0.4063858,-176.87384,288.10272,2088.5005
14.708584,-0.29109147,-2.278407,0.119477674,0.3810161,-181.5974,295.55774,2106.7053
15.340406,-0.27824455,-2.5076678,-0.121309094,0.35792544,-203.12552,278.54492,2107.5083
15.822731,-0.14863583,-2.3448725,-0.1864878,0.29742622,-244.8429,277.4096,2106.915
16.149849,0.027684761,0.81141424,0.044329144,-0.58213055,-303.87524,279.76752,2089.5562
15.650003,0.028129166,0.86365014,0.040910415,-0.5016417,-328.57074,281.0727,2081.4912
