13.422969,0.16340661,-0.696347,1.9374757,0.26062393,-271.99518,337.8003,2339.9453
13.324065,0.280766,-0.68550974,1.920039,0.25974217,-271.50662,334.41986,2348.897
12.942275,0.31334236,-0.6770866,1.9228024,0.26050407,-273.732,338.43613,2352.1248
13.650893,0.27644888,-0.6616457,1.926416,0.25919533,-275.63214,338.3149,2346.8672
14.191465,0.16471049,-0.6203615,1.9653866,0.26060754,-277.5673,340.72382,2333.5903
14.431311,0.18659358,-0.6221761,1.9512471,0.25891784,-277.46887,340.6925,2333.5112
14.345287,0.1863094,-0.64479995,1.9181758,0.25527662,-278.23346,342.40125,2331.1086
14.298716,0.12216017,-0.63853216,1.9106942,0.25306085,-280.6186,351.7269,2324.5957
14.611564,0.06831957,-0.6545868,1.8967904,0.25149027,-285.37323,334.87915,2310.889
14.992674,-0.008663337,-0.24052642,0.6568692,0.7145592,-287.56708,337.01566,2297.7866
15.200325,-0.018583333,-0.22952674,0.66208786,0.71317023,-287.1076,339.1196,2295.9067
15.341685,-0.025674853,-0.2263682,0.65960026,0.7162581,-286.99933,336.433,2289.1162
15.516817,-0.106528856,-0.62033564,1.8994108,0.25022087,-285.63135,333.57123,2281.2517
15.665479,-0.13731794,-0.60956657,1.9038829,0.2505479,-286.34848,328.12512,2274.381
15.809056,-0.12110478,-0.587321,1.9146861,0.25089303,-286.5567,331.5021,2266.6877
15.914751,-0.1242864,-0.5721634,1.955511,0.25561392,-286.0211,334.6258,2263.0708
15.809341,-0.08204035,-0.59849584,1.9341464,0.25365382,-287.57312,332.29483,2264.8494
15.564632,-0.066166945,-0.6247641,1.9167882,0.25245982,-287.78372,336.85602,2270.2803
15.239349,-0.008392012,-0.23666397,0.65027356,0.7218476,-289.1749,337.86627,2279.2495
15.545618,-0.0075029894,-0.24860427,0.6434042,0.7239963,-289.9761,347.13324,2292.5496
15.806323,0.08148384,-0.6746868,1.9196879,0.25573325,-286.38684,347.006,2302.5205
15.83034,0.15577412,-0.6850792,1.926061,0.2581225,-284.71292,345.34277,2311.9297
16.048203,0.23280805,-0.6515949,1.9601192,0.2628384,-276.71692,355.61197,2326.7073
16.133009,0.2641062,-0.66537744,1.9447653,0.26194745,-276.67786,355.62866,2331.3918
16.181221,0.21956773,-0.7021266,1.9391797,0.26232454,-276.99774,357.78827,2329.5022
16.25075,0.17028996,-0.77671814,1.8911376,0.25885317,-276.3081,359.4762,2330.5732
