12.157444,-0.3716738,1.7391564,-2.4050877,0.37557867,575.25244,175.27655,2627.05
12.060907,-0.42326894,1.7471081,-2.4026933,0.3762622,574.65594,179.16675,2632.4949
11.813169,-0.4012043,1.7419965,-2.4499464,0.37989563,579.3254,181.57413,2640.269
11.621923,-0.37098536,1.731055,-2.514812,0.38482717,581.1593,181.78372,2642.639
11.428786,-0.4824719,1.7225932,-2.3974762,0.37526837,588.5926,177.90198,2634.3135
11.281593,-0.5400748,1.6195394,-2.4451976,0.37543747,585.6272,175.21628,2625.8008
11.9639225,-0.5329296,1.486313,-2.5474043,0.37915897,580.2664,162.13809,2616.3364
12.286857,-0.58173144,1.3955377,-2.6400967,0.38459012,576.5238,164.50296,2616.616
12.784637,-0.999358,1.0909874,-2.622981,0.38386482,567.5695,183.26385,2602.6428
13.004448,-1.0754298,1.0155082,-2.5179417,0.37698442,571.9176,178.83815,2597.7188
12.896827,-1.1379017,0.93823886,-2.4140344,0.3706484,577.4384,173.64355,2593.2515
12.582312,-1.1568213,0.8612,-2.4577086,0.37397134,579.18506,160.99199,2591.0708
12.278316,-1.0650471,0.82787716,-2.43956,0.3712491,586.83496,131.04216,2580.526
12.336275,-1.0591221,0.80767936,-2.4034004,0.3688827,587.9267,122.528824,2572.2573
12.472658,-1.035396,0.82348615,-2.5043983,0.37506455,585.9928,121.88904,2570.3137
12.801361,-1.0661775,0.84109974,-2.4112384,0.36934704,586.52576,119.94646,2567.624
12.064945,-0.9703178,1.0117304,-2.3132777,0.36079282,587.05707,123.88504,2573.3171
11.969202,-0.8674851,1.171162,-2.383057,0.3649271,587.4563,131.34811,2582.0564
12.21913,-0.7369363,1.3402883,-2.4151695,0.36774167,586.1398,140.32669,2593.4062
12.713077,-0.6923254,1.4848802,-2.3212998,0.36303064,586.14496,157.2363,2603.3855
12.81019,-0.60548156,1.5484372,-2.3070042,0.36260894,586.1121,161.64804,2610.1296
12.734488,-0.51036733,1.6170484,-2.269139,0.36081058,588.55237,160.32419,2611.5256
13.037265,-0.5228393,1.6994282,-2.256521,0.36295715,585.62756,176.58615,2617.2866
12.954553,-0.48677137,1.7149005,-2.2397857,0.36186814,586.318,179.29666,2623.1416
