15.382603,-0.6258015,1.7185055,-2.4434543,0.3816435,190.41089,301.37112,2269.959
15.092766,-0.5785722,1.6916339,-2.5050073,0.3848409,191.61038,293.34845,2262.9888
15.43817,-0.76003623,1.6097616,-2.1504757,0.35438573,208.04828,283.6096,2254.5283
15.6170225,-0.7402359,1.5548784,-2.382077,0.3707945,197.57674,283.8427,2257.7578
14.816349,-0.7607717,1.4229681,-2.56999,0.38224506,189.02304,281.87753,2257.7356
15.3177395,-0.81392837,1.3263015,-2.5978675,0.38278,186.57887,294.54037,2247.0803
15.490905,-0.89591837,1.2084103,-2.6925876,0.38921103,183.97635,302.3634,2235.1836
15.321083,-0.9214431,1.1640073,-2.706666,0.3899286,185.13031,302.90778,2231.1704
15.356785,-0.90741485,1.0771605,-2.7185867,0.38914663,186.53912,291.6037,2226.007
15.717489,-0.9105247,0.97795707,-2.792809,0.39353675,187.62537,287.482,2223.272
16.059828,-0.92294323,0.90719616,-2.841297,0.3966077,188.82002,284.5861,2219.8347
16.28908,-0.9431802,0.873451,-2.8385947,0.39645505,188.7281,275.67688,2216.5432
16.104164,-0.88025194,0.89508045,-2.8573422,0.39697307,188.34842,270.59915,2216.4019
16.072992,-0.8603895,0.912398,-2.8609283,0.39708635,189.18243,270.2741,2215.7532
16.228947,-0.8435655,0.9900613,-2.8155286,0.3942806,191.43024,276.41052,2217.8376
16.464312,-0.797807,1.0992069,-2.8129828,0.39490527,192.61203,283.8391,2222.5938
16.661589,-0.73970485,1.2561498,-2.7184684,0.38957646,198.07819,275.7211,2228.296
16.759949,-0.74996597,1.389412,-2.5759778,0.381561,201.59613,270.9643,2234.5073
16.886684,-0.6895914,1.5128641,-2.4955204,0.37779817,202.45596,276.0145,2242.7837
15.619602,-0.608213,1.6352324,-2.485751,0.38060626,198.83252,289.2223,2257.128
15.797156,-0.54009336,1.7127167,-2.5056217,0.38542774,195.98767,297.32968,2268.0034
15.6101,-0.50558394,1.744141,-2.5017006,0.38642153,194.50919,299.17767,2269.4817
