12.396415,-0.023571339,-0.761177,7.781535E-4,0.4294483,424.81183,-461.2859,2576.8306
12.126101,0.3740226,-0.76901823,0.017862145,0.42755356,425.4928,-462.7236,2576.1084
12.150027,0.43389967,-0.7677067,0.0038899716,0.42756265,424.70078,-461.17453,2578.2678
12.211693,0.4604049,-0.6634325,-0.00793668,0.42881235,423.72458,-461.2314,2575.1245
12.199021,0.14936513,-0.6809108,-0.028475245,0.43036518,423.17044,-451.51532,2569.245
12.239366,0.33915442,-0.49384946,-0.0033493363,0.43071774,420.70126,-455.1175,2567.2866
12.135845,0.18286091,-0.6134952,0.010013307,0.43002886,421.46066,-458.61743,2572.7622
12.210333,0.4330897,-0.67873216,-0.051734805,0.42973432,426.13928,-445.66553,2562.072
12.176879,0.23455968,-0.6743132,-0.022279212,0.43000743,423.8782,-447.4143,2563.5774
12.133503,0.15247223,-0.6058019,-0.016192794,0.43074167,424.38998,-438.60858,2558.9375
11.932722,0.15611094,-0.39141923,-0.008453128,0.43199942,422.63232,-439.29974,2556.5093
11.767854,0.75073135,-0.27920207,0.11393407,0.42762926,420.56265,-467.82547,2556.0874
11.64712,0.5109036,-0.2990346,0.032238375,0.4305103,423.17587,-474.5644,2554.1052
11.844994,0.43696967,-0.34248176,0.010702477,0.43102676,424.80533,-464.12616,2555.3877
11.722846,0.37617305,-0.457389,-0.13969499,0.43364754,427.6634,-474.26617,2564.411
11.548267,0.59671235,-0.45649368,0.0016474721,0.4297355,429.37842,-474.59882,2560.6152
11.615152,0.5220209,-0.3730504,-0.029721186,0.43134913,429.2993,-478.9855,2559.0466
11.815278,0.6209094,-0.42155132,-0.12649289,0.43254268,431.05728,-477.9021,2559.77
11.919581,0.26372427,-0.38778827,-0.0818579,0.43327063,429.78152,-477.03705,2557.4626
12.099469,0.32760644,-0.3859653,-0.08760647,0.43320748,428.70755,-477.2342,2556.4395
12.208233,0.13471405,-0.37702876,0.009624428,0.43173733,428.85538,-464.26758,2555.9663
12.151389,0.1558784,-0.39692193,-0.003282813,0.43186197,426.90097,-470.41095,2554.6335
12.356349,-0.22425008,-0.3942156,-0.046374053,0.43314895,426.17712,-463.09906,2553.8215
12.0405445,-0.2305906,-0.6553772,-0.01821698,0.43105513,426.20895,-451.80234,2562.6516
11.828283,-0.19599907,-0.54130244,0.02578447,0.4308803,422.07028,-456.39935,2554.943
11.634044,-0.2128026,-0.6098301,0.075889036,0.42935002,422.97278,-460.19,2558.7085
11.611266,-0.18966901,-0.5041256,0.061816044,0.43032214,421.97864,-459.24054,2554.145
11.076227,0.07838743,-0.65437084,0.073797055,0.42858818,422.79733,-457.96497,2556.8997
11.152739,0.14194915,-0.7166565,0.0842332,0.42759418,422.52487,-457.04248,2554.7458
11.125319,-0.9903783,-0.6406537,0.30354467,0.4222743,422.91656,-459.2508,2555.4453
