12.592655,0.0,0.0,0.0,0.43301272,36.324745,-39.632538,2582.1045
12.550098,0.0,0.0,0.0,0.43301272,36.37027,-45.92679,2565.947
12.347269,0.0,0.0,0.0,0.43301272,35.836853,-43.649933,2562.2476
12.130387,0.0,0.0,0.0,0.43301272,36.43505,-51.43094,2582.5276
11.9212,0.0,0.0,0.0,0.43301272,37.097916,-57.102005,2570.5098
11.966014,0.0,0.0,0.0,0.43301272,42.83123,-65.37894,2573.2842
12.016532,0.0,0.0,0.0,0.43301272,52.88671,-52.18625,2567.3193
11.803662,0.0,0.0,0.0,0.43301272,56.639305,-52.163605,2559.2415
11.701577,0.0,0.0,0.0,0.43301272,64.37299,-65.63446,2560.1309
11.483649,0.0,0.0,0.0,0.43301272,68.65717,-51.787872,2601.9375
11.443438,0.0,0.0,0.0,0.43301272,79.3348,-61.26117,2619.0427
11.295551,0.0,0.0,0.0,0.43301272,86.072876,-60.78685,2612.1748
11.1408,0.0,0.0,0.0,0.43301272,88.978424,-58.089767,2639.1604
10.907613,0.0,0.0,0.0,0.43301272,90.452545,-58.762146,2633.079
10.908963,0.0,0.0,0.0,0.43301272,80.058395,-110.725464,2663.4048
10.92561,0.0,0.0,0.0,0.43301272,83.81947,-120.20169,2660.3997
11.267297,0.0,0.0,0.0,0.43301272,79.08906,-74.39955,2623.3608
11.43422,0.0,0.0,0.0,0.43301272,75.56008,-77.50542,2595.9016
11.686277,0.0,0.0,0.0,0.43301272,83.130135,-63.750412,2576.219
12.011357,0.0,0.0,0.0,0.43301272,80.96494,-45.902237,2561.6575
12.122345,0.0,0.0,0.0,0.43301272,81.745636,-34.745544,2564.966
12.127076,0.0,0.0,0.0,0.43301272,80.21088,-28.118683,2555.5242
12.187755,0.0,0.0,0.0,0.43301272,77.21742,-71.34558,2546.0564
12.331511,0.0,0.0,0.0,0.43301272,59.64369,-48.466125,2574.7114
12.454117,0.0,0.0,0.0,0.43301272,58.74947,-48.889557,2568.7085
12.465628,0.0,0.0,0.0,0.43301272,50.476925,-45.5672,2577.604
