11.584931,0.0,0.0,0.0,0.43301272,1.9388885,-61.143555,2534.7979
11.521267,0.0,0.0,0.0,0.43301272,1.2439804,-58.09143,2533.8472
11.713074,0.0,0.0,0.0,0.43301272,7.604759,-52.20488,2563.651
11.614515,0.0,0.0,0.0,0.43301272,12.973038,-59.083267,2572.5823
11.480009,0.0,0.0,0.0,0.43301272,16.16816,-62.918976,2568.5183
11.4367075,0.0,0.0,0.0,0.43301272,22.65812,-59.03151,2591.8237
11.766455,0.0,0.0,0.0,0.43301272,27.162033,-43.97699,2601.6738
11.630739,0.0,0.0,0.0,0.43301272,30.956894,-61.464752,2596.6777
11.487898,0.0,0.0,0.0,0.43301272,41.367924,-60.77954,2597.1216
11.366808,0.0,0.0,0.0,0.43301272,49.695892,-61.481262,2623.4312
11.582464,0.0,0.0,0.0,0.43301272,55.640217,-72.15469,2633.3567
11.715818,0.0,0.0,0.0,0.43301272,47.899757,-71.15723,2632.9895
12.089297,0.0,0.0,0.0,0.43301272,45.770912,-71.74466,2647.3484
12.00421,0.0,0.0,0.0,0.43301272,43.13289,-66.48489,2628.8362
12.276552,0.0,0.0,0.0,0.43301272,45.587536,-87.35329,2622.292
12.159027,0.0,0.0,0.0,0.43301272,46.103622,-100.46388,2623.667
11.952162,0.0,0.0,0.0,0.43301272,44.39278,-95.44101,2625.9478
11.9274025,0.0,0.0,0.0,0.43301272,46.441257,-102.631,2629.6726
11.961907,0.0,0.0,0.0,0.43301272,44.221577,-95.60312,2618.6863
12.104531,0.0,0.0,0.0,0.43301272,36.229626,-91.45157,2610.3528
12.340568,0.0,0.0,0.0,0.43301272,27.051117,-95.97508,2600.1865
12.469072,0.0,0.0,0.0,0.43301272,20.948982,-83.16136,2572.8757
12.38008,0.0,0.0,0.0,0.43301272,24.007385,-59.963318,2554.9685
12.442811,0.0,0.0,0.0,0.43301272,30.39729,-62.41629,2542.4463
12.390071,0.0,0.0,0.0,0.43301272,31.553474,-56.045334,2525.8198
11.635635,0.0,0.0,0.0,0.43301272,13.38591,-56.40117,2508.0254
11.81327,0.0,0.0,0.0,0.43301272,6.696823,-56.213547,2504.533
12.021553,0.0,0.0,0.0,0.43301272,1.4874115,-47.361664,2507.9639
12.242519,0.0,0.0,0.0,0.43301272,7.1316376,-45.446426,2505.365
12.317873,0.0,0.0,0.0,0.43301272,11.94696,-43.37593,2516.2378
