12.329774,0.0,0.0,0.0,0.43301272,28.34935,-84.11676,2542.989
12.662209,0.0,0.0,0.0,0.43301272,28.355873,-83.475006,2537.867
12.744399,0.0,0.0,0.0,0.43301272,33.75534,-79.8425,2530.4668
12.79621,0.0,0.0,0.0,0.43301272,45.76095,-88.33984,2526.1936
12.782219,0.0,0.0,0.0,0.43301272,51.02936,-97.77872,2522.9565
12.503001,0.0,0.0,0.0,0.43301272,46.10804,-103.24011,2535.229
12.371785,0.0,0.0,0.0,0.43301272,42.60678,-108.76123,2564.5632
12.65486,0.0,0.0,0.0,0.43301272,45.136112,-110.27411,2565.5735
12.708795,0.0,0.0,0.0,0.43301272,53.23883,-121.81784,2593.7236
12.749811,0.0,0.0,0.0,0.43301272,58.21123,-121.12784,2599.4788
12.851298,0.0,0.0,0.0,0.43301272,65.327835,-121.71515,2638.9114
12.927534,0.0,0.0,0.0,0.43301272,63.459972,-124.536606,2647.2788
12.618236,0.0,0.0,0.0,0.43301272,65.97979,-129.15302,2661.7988
12.809416,0.0,0.0,0.0,0.43301272,64.07847,-129.09354,2653.3604
12.77987,0.0,0.0,0.0,0.43301272,58.833786,-128.6672,2631.6858
12.577607,0.0,0.0,0.0,0.43301272,56.324913,-128.07486,2611.883
12.639324,0.0,0.0,0.0,0.43301272,58.103836,-125.35242,2589.9016
12.56107,0.0,0.0,0.0,0.43301272,58.218697,-120.56537,2564.493
12.261477,0.0,0.0,0.0,0.43301272,57.450813,-112.421295,2543.247
12.385644,0.0,0.0,0.0,0.43301272,56.63343,-108.54172,2538.3093
12.762487,0.0,0.0,0.0,0.43301272,51.128983,-94.86566,2511.5032
