14.65947,0.0,0.0,0.0,0.43301272,-309.4117,3.0025024,2183.393
14.230248,0.0,0.0,0.0,0.43301272,-308.47165,3.8789978,2202.465
13.865287,0.0,0.0,0.0,0.43301272,-302.32635,4.813843,2207.3018
13.781685,0.0,0.0,0.0,0.43301272,-299.00815,-0.04321289,2212.9707
14.148522,0.0,0.0,0.0,0.43301272,-296.98978,-23.436066,2223.5227
14.662183,0.0,0.0,0.0,0.43301272,-300.46387,-40.043823,2249.4565
15.128066,0.0,0.0,0.0,0.43301272,-297.07614,-29.039001,2253.6152
15.366128,0.0,0.0,0.0,0.43301272,-295.7387,-22.103058,2253.321
15.196094,0.0,0.0,0.0,0.43301272,-294.70383,-19.291992,2245.785
15.223587,0.0,0.0,0.0,0.43301272,-294.0061,-14.898804,2243.325
15.566006,0.0,0.0,0.0,0.43301272,-291.73935,-11.835297,2233.5488
15.882624,0.0,0.0,0.0,0.43301272,-289.87103,-16.43866,2222.3735
16.076805,0.0,0.0,0.0,0.43301272,-290.50635,-20.101257,2213.0212
16.282444,0.0,0.0,0.0,0.43301272,-291.36545,-16.192291,2208.0605
