12.767926,0.0,0.0,0.0,0.43301272,17.56305,-48.072006,2532.7207
12.875925,0.0,0.0,0.0,0.43301272,24.754745,-48.540466,2534.973
13.0191,0.0,0.0,0.0,0.43301272,27.354275,-43.1873,2540.9678
12.963142,0.0,0.0,0.0,0.43301272,29.491928,-54.14839,2569.453
12.193665,0.0,0.0,0.0,0.43301272,33.036533,-54.08737,2557.6824
12.081904,0.0,0.0,0.0,0.43301272,30.155403,-35.89006,2564.1243
12.119987,0.0,0.0,0.0,0.43301272,26.35933,-49.130127,2567.496
11.86572,0.0,0.0,0.0,0.43301272,16.226418,-52.463684,2560.1545
12.057924,0.0,0.0,0.0,0.43301272,14.894592,-59.325317,2553.0374
12.500803,0.0,0.0,0.0,0.43301272,20.13776,-70.8463,2583.199
12.957435,0.0,0.0,0.0,0.43301272,27.39318,-102.59082,2588.589
13.308206,0.0,0.0,0.0,0.43301272,25.177906,-91.79678,2613.1155
13.435961,0.0,0.0,0.0,0.43301272,25.661686,-103.22522,2621.065
12.7001095,0.0,0.0,0.0,0.43301272,7.1806145,-102.05528,2589.3613
12.483568,0.0,0.0,0.0,0.43301272,5.1603775,-86.05551,2577.499
12.235371,0.0,0.0,0.0,0.43301272,4.954521,-87.41974,2580.4443
12.086971,0.0,0.0,0.0,0.43301272,7.316223,-83.185425,2571.177
12.40017,0.0,0.0,0.0,0.43301272,5.6829376,-85.15262,2566.4917
12.779224,0.0,0.0,0.0,0.43301272,1.541069,-50.414154,2555.2664
13.166283,0.0,0.0,0.0,0.43301272,13.078564,-72.350006,2561.5894
13.246107,0.0,0.0,0.0,0.43301272,12.847359,-68.1696,2558.54
13.072228,0.0,0.0,0.0,0.43301272,8.449387,-58.497147,2548.9126
12.762582,0.0,0.0,0.0,0.43301272,5.3567963,-37.304703,2545.2556
