13.165619,-1.7226001,1.2228961,-2.3882964,0.4053608,461.13644,448.58102,2625.894
13.0292,-1.6577675,1.1742752,-2.5016246,0.41149968,461.0679,464.19693,2632.702
13.160587,-1.7047327,1.249579,-2.3673348,0.40123713,460.37415,486.4957,2634.6245
13.155512,-1.72533,1.1622671,-2.4317324,0.40410435,459.54977,491.37396,2611.8433
13.091035,-1.786501,1.0479482,-2.4688678,0.40628594,459.8463,487.747,2590.0935
12.256154,-2.026834,0.68651086,-2.4245694,0.40456605,460.0567,436.03265,2508.677
12.416143,-2.1073794,0.53306335,-2.3499503,0.4003092,462.32794,412.5684,2478.6785
12.436928,-2.2191427,0.18698867,-2.2725337,0.39986098,462.858,363.73398,2433.037
12.409456,-2.2740567,0.06740859,-2.1648226,0.39675352,456.84668,341.8327,2414.4358
12.363918,-2.2891514,-0.019606177,-2.1009686,0.39470807,459.24957,317.67798,2401.2507
12.374827,-2.3010383,-0.19505838,-2.0966682,0.3970064,460.87247,292.5476,2379.2556
12.41849,-2.274999,-0.1272148,-2.0815816,0.39430684,458.61157,289.03247,2374.8074
12.745117,-2.3185863,-0.15816158,-2.157321,0.40058076,455.98523,293.8786,2375.788
12.88345,-2.3604188,-0.1186012,-2.124815,0.4004881,455.35272,300.339,2380.9443
12.647245,-2.3605049,-0.035567194,-2.1437724,0.40087825,454.01642,318.5055,2391.6006
12.142661,-2.228998,0.24497667,-2.3620954,0.40716657,451.2791,373.092,2431.6738
12.039658,-2.1621513,0.49450675,-2.324657,0.40166184,450.0969,405.9528,2460.29
11.779647,-2.0525913,0.6636825,-2.4114676,0.4048036,453.23947,435.2992,2490.7314
11.789598,-1.8812068,0.8507121,-2.5017438,0.40684035,454.73132,481.39526,2529.3625
11.627,-1.7218889,0.9838104,-2.577524,0.40923038,459.06848,502.53912,2562.7385
11.49561,-1.6061172,1.2411289,-2.467077,0.402863,463.5139,518.2809,2611.4844
11.580145,-1.6456434,1.3014606,-2.352938,0.39689636,464.4402,509.47772,2623.7273
