12.893082,-0.34913087,0.34219855,2.1476586,0.2880557,166.19525,451.55136,2655.2546
12.978111,-0.38877904,0.20803663,2.1697564,0.2899858,168.60724,453.3167,2668.4746
13.211677,-0.43725762,0.24340208,2.152697,0.28857654,166.13953,436.9154,2659.5803
13.088598,-0.38410348,0.33951536,2.136037,0.2858901,166.05824,446.60376,2663.0815
13.4030695,-0.375185,0.35464385,2.1343381,0.28588685,166.21507,448.27252,2662.3005
13.427454,-0.37598315,0.31723785,2.1455944,0.28710228,165.86671,450.0675,2662.3232
13.3678665,-0.4352865,0.45772165,2.0893514,0.28323776,166.6571,455.53125,2642.7798
12.955887,-0.3868358,0.5393337,2.038151,0.27461895,147.1432,462.71667,2619.0415
13.056413,-0.5868653,0.5253724,2.0056276,0.27661523,151.849,460.40356,2589.823
12.673613,-0.8319461,0.3650359,1.998117,0.2816823,154.9984,450.05057,2556.7393
12.871401,-0.90003425,0.5517714,1.8721946,0.27389184,154.62389,436.89716,2532.2014
12.902359,-0.8631011,0.3605049,1.9556259,0.27538332,148.7317,428.85297,2512.3875
13.034395,-0.96773636,0.5133852,1.8113061,0.26707122,149.31612,412.60623,2492.9143
12.651128,-1.0880848,0.4096823,1.7173194,0.25945485,149.80804,405.39423,2486.5312
12.791678,-1.0935601,0.44881076,1.667312,0.25554273,147.42088,387.7643,2480.72
12.624229,-1.1235615,0.38570935,1.6442648,0.2535966,144.72362,383.05798,2475.047
12.229272,-1.0586592,0.5127377,1.6508781,0.2535158,144.15422,376.12628,2474.4963
12.242915,-1.0030199,0.55026865,1.7078079,0.25772694,146.29567,385.9137,2482.672
12.570638,-0.9807744,0.43781528,1.8482853,0.2697985,154.33691,412.4048,2507.0571
13.102286,-0.8290556,0.42738837,1.9293776,0.27164492,151.89708,435.9395,2552.012
13.220912,-0.8247199,0.2854863,2.0122008,0.28017434,155.86566,439.8391,2582.7297
13.222569,-0.6828687,0.32931262,2.0600426,0.28286034,155.7694,445.4262,2602.4019
13.143441,-0.51688415,0.31728908,2.1170583,0.28638965,160.47539,455.84064,2637.2856
