12.041698,0.0,0.0,0.0,0.43301272,426.5927,-761.8376,2506.857
12.281663,0.0,0.0,0.0,0.43301272,429.55453,-755.77277,2498.964
12.667139,0.0,0.0,0.0,0.43301272,427.4341,-757.1112,2497.993
13.03927,0.0,0.0,0.0,0.43301272,423.55722,-759.42126,2496.3438
13.159368,0.0,0.0,0.0,0.43301272,425.76443,-771.73,2510.4644
13.474466,0.0,0.0,0.0,0.43301272,426.18954,-752.33594,2508.0698
13.277001,0.0,0.0,0.0,0.43301272,427.31937,-770.3935,2511.6409
13.273689,0.0,0.0,0.0,0.43301272,425.57495,-770.6424,2520.358
12.81968,0.0,0.0,0.0,0.43301272,426.9906,-774.3209,2507.145
12.869112,0.0,0.0,0.0,0.43301272,427.65753,-774.0757,2508.2537
12.484933,0.0,0.0,0.0,0.43301272,426.97064,-761.9448,2503.7344
12.304485,0.0,0.0,0.0,0.43301272,428.95755,-759.31384,2503.0579
12.069846,0.0,0.0,0.0,0.43301272,424.86908,-763.14453,2491.0298
11.801595,0.0,0.0,0.0,0.43301272,418.91125,-755.79224,2485.6853
11.889622,0.0,0.0,0.0,0.43301272,421.90158,-759.5696,2486.5254
11.953853,0.0,0.0,0.0,0.43301272,425.02957,-764.6863,2487.8699
12.152648,0.0,0.0,0.0,0.43301272,426.08783,-758.4623,2479.0151
11.778887,0.0,0.0,0.0,0.43301272,426.30862,-764.0525,2495.748
11.823592,0.0,0.0,0.0,0.43301272,423.5023,-744.40063,2487.815
11.681691,0.0,0.0,0.0,0.43301272,425.8369,-764.42896,2492.497
