11.412891,0.0,0.0,0.0,0.43301272,198.0388,-877.80066,2538.7097
11.684307,0.0,0.0,0.0,0.43301272,258.9002,-920.8745,2636.4854
11.892767,0.0,0.0,0.0,0.43301272,220.93361,-887.38165,2589.9126
12.113477,0.0,0.0,0.0,0.43301272,216.61998,-861.7671,2599.3618
12.403068,0.0,0.0,0.0,0.43301272,286.50494,-707.6728,2795.2573
12.738712,0.0,0.0,0.0,0.43301272,281.4367,-718.2282,2788.1133
12.856605,0.0,0.0,0.0,0.43301272,275.45648,-726.2206,2767.9343
12.49499,0.0,0.0,0.0,0.43301272,271.99606,-743.0403,2761.9797
12.376766,0.0,0.0,0.0,0.43301272,183.153,-718.29346,2586.182
12.1504755,0.0,0.0,0.0,0.43301272,197.96849,-815.8181,2578.6775
12.20854,0.0,0.0,0.0,0.43301272,173.82823,-770.0988,2672.1487
12.308816,0.0,0.0,0.0,0.43301272,175.80762,-775.64716,2666.2786
12.203691,0.0,0.0,0.0,0.43301272,181.73135,-794.89417,2664.781
12.008224,0.0,0.0,0.0,0.43301272,261.30795,-904.8197,2521.592
12.17294,0.0,0.0,0.0,0.43301272,250.69156,-880.6534,2786.5156
12.305622,0.0,0.0,0.0,0.43301272,246.05879,-872.40314,2765.726
12.253028,0.0,0.0,0.0,0.43301272,214.9129,-856.66614,2510.777
12.266024,0.0,0.0,0.0,0.43301272,249.8409,-872.0924,2551.57
12.457921,0.0,0.0,0.0,0.43301272,241.13686,-872.9134,2531.118
12.533028,0.0,0.0,0.0,0.43301272,222.38641,-880.3683,2574.8323
12.7943325,0.0,0.0,0.0,0.43301272,224.15941,-880.2024,2591.5986
12.722243,0.0,0.0,0.0,0.43301272,210.39235,-868.64404,2558.3115
12.687977,0.0,0.0,0.0,0.43301272,230.81395,-877.97876,2603.694
12.703866,0.0,0.0,0.0,0.43301272,236.06352,-866.4036,2620.3708
12.472269,0.0,0.0,0.0,0.43301272,226.68011,-866.729,2578.176
12.678916,0.0,0.0,0.0,0.43301272,224.42857,-863.48584,2564.0781
12.836623,0.0,0.0,0.0,0.43301272,222.99187,-857.5851,2554.781
12.613625,0.0,0.0,0.0,0.43301272,264.91977,-803.0724,2788.4485
12.870543,0.0,0.0,0.0,0.43301272,245.01683,-827.9531,2674.8955
12.978856,0.0,0.0,0.0,0.43301272,223.17892,-891.50226,2580.297
