12.557302,0.23294643,-0.3038435,0.19423845,0.42781115,391.916,0.6214752,2593.713
12.537773,0.2535634,-0.2379663,0.13860038,0.42929536,392.6532,-9.086273,2598.983
12.571512,0.28616992,-0.2548795,0.12493852,0.42945215,391.37704,-13.323303,2598.7449
12.239452,0.26526392,-0.24424687,0.1505165,0.42897677,393.30353,-8.472458,2596.8513
11.949727,0.25303525,-0.24380606,0.14669497,0.4290935,394.66064,-6.6958313,2597.06
11.746924,0.24870263,-0.21896365,0.14928652,0.42913717,395.51093,-5.141403,2596.829
11.604511,0.24641354,-0.27797478,0.16264704,0.42861164,396.4088,-5.687561,2597.2979
11.69005,0.22376382,-0.1538951,0.1583175,0.4291867,395.89322,-4.7259064,2592.168
11.684776,0.20836595,-0.063526474,0.15347663,0.42950472,397.23117,-3.8758392,2588.957
11.733288,0.20538427,-0.30003628,0.1386937,0.42914912,398.53253,0.116760254,2590.1587
11.594065,0.1438986,-0.13130428,0.14356436,0.42969644,397.95093,-2.8107758,2577.22
11.395405,0.083291054,-0.15050939,0.15534371,0.42946297,398.08298,-6.5310974,2573.7205
11.217506,0.06870352,-0.07553396,0.16793521,0.42931652,397.187,-18.372833,2569.0894
11.414312,0.11676465,0.06803975,0.18827474,0.4288781,395.2769,-21.269333,2567.884
11.726995,0.10036837,-0.019032892,0.21263477,0.42833087,392.75037,-26.133606,2564.3494
12.373578,0.06606106,-0.13555937,0.21907052,0.42806554,393.97134,-31.081726,2558.741
12.83317,-0.00230461,-0.052333884,0.18377648,0.42900985,394.8469,-25.317093,2560.1611
12.981069,0.018399224,-0.11003533,0.16686586,0.42932412,398.01425,-11.14035,2556.6392
12.939611,0.007211253,-0.1610073,0.1570537,0.42946127,396.78308,-17.478485,2561.65
12.874579,-8.3257066E-4,-0.28475478,0.16002564,0.4290543,397.77356,-16.923492,2566.5833
12.489349,0.0035322723,-0.22956912,0.15967649,0.42923662,398.49527,-10.3975525,2569.099
12.284889,0.070188865,-0.33796087,0.13837299,0.42924038,401.164,-5.178192,2578.8467
