17.072067,-0.0058075,0.9939259,-0.03953242,0.102541745,52.493538,208.05762,2250.177
17.161,-0.010132667,0.9958259,-0.039322555,0.08174246,51.145615,213.44499,2251.8154
17.213877,-0.009953705,0.99501276,-0.039841853,0.09090092,49.978752,203.6226,2251.8542
17.243309,-0.010569657,0.99531966,-0.036975812,0.08865552,49.143467,197.03232,2252.8958
16.581802,-0.0016189694,0.9898058,-0.0942287,0.10678298,48.65736,180.63135,2251.8186
16.37858,-0.003071471,0.9909512,-0.06390533,0.1179929,48.763645,178.92516,2254.007
16.365156,-0.004883214,0.99123585,-0.063723855,0.11561504,48.884777,175.10999,2259.559
15.93659,-0.003995509,0.9922325,-0.049868986,0.11389344,46.145954,173.17505,2258.4272
15.025969,-0.011317513,0.9912915,-0.053429022,0.11982632,44.56004,166.45535,2267.5352
15.197097,-0.010450845,0.9913621,-0.043000095,0.123462066,45.54672,162.51616,2271.7607
14.494036,-0.00552825,0.99201083,-0.043202814,0.11839508,47.176468,159.45926,2273.6091
14.307612,-0.0062187724,0.9918836,-0.048643567,0.11731163,48.07158,158.48135,2269.7593
14.18925,-0.006215259,0.9918855,-0.050174642,0.11664963,47.374172,161.17674,2263.1794
14.779973,-0.006747438,0.99122065,-0.052207652,0.12128642,49.01976,170.25279,2257.8003
14.622838,-0.004366007,0.991757,-0.055630434,0.115344256,48.99231,175.34041,2251.9604
14.443269,-0.0065181484,0.99311304,-0.040953867,0.10957537,46.949017,175.84346,2246.1838
13.713177,-0.005214626,0.9931168,-0.048867285,0.10631896,46.11201,174.50159,2240.9663
13.54143,-0.0055751894,0.9937806,-0.037291028,0.104777664,44.621933,182.47928,2241.2063
13.365292,-0.0067316936,0.9937407,-0.02907578,0.1076497,44.17394,187.12357,2234.673
13.670607,-0.011313546,0.9942311,-0.020963933,0.10458027,40.702477,185.84084,2232.0513
13.711451,-0.014205059,0.99442255,-0.017427316,0.10304506,40.279915,197.62048,2227.514
