13.165619,0.3494121,0.53855115,-0.102626964,0.4335604,309.73193,247.06055,2628.451
13.0292,0.43653888,0.52179295,-0.092536084,0.4333746,309.78662,262.4587,2629.3372
13.160587,0.49574015,0.5131901,-0.07025456,0.4328859,310.08987,283.9273,2627.2097
13.155512,0.27023703,0.4689731,-0.036279097,0.4325944,312.11307,286.91696,2615.698
13.091035,0.117952,0.4992904,-0.0040978766,0.4317165,315.09,281.85406,2604.1235
12.256154,-0.8115666,0.5074026,-0.015778968,0.42834863,318.86237,241.77808,2578.3735
12.416143,-1.1481031,0.55151314,-0.04613171,0.42565522,321.83835,227.04257,2570.792
12.436928,-1.6570526,0.4884966,-0.055626035,0.42013732,323.5219,194.1286,2554.5828
12.409456,-1.8248858,0.49755818,-0.041850056,0.4167533,319.7179,178.97087,2547.963
12.363918,-1.9591559,0.5048837,-0.056749523,0.41425815,322.43378,162.2917,2544.2395
12.374827,-2.1636693,0.47834662,-0.067829266,0.41003937,324.29266,149.47636,2535.3787
12.41849,-2.1767094,0.4928615,-0.071789764,0.40948105,322.39502,147.23401,2532.727
12.745117,-2.1176114,0.49703738,-0.067396656,0.41088414,319.63324,147.78812,2529.8542
12.88345,-2.067483,0.49134746,-0.054160006,0.41192654,319.21295,150.34793,2531.3965
12.647245,-1.9782896,0.4687966,-0.024066776,0.4136498,318.3847,161.59839,2535.1406
12.142661,-1.514108,0.54068995,0.005536078,0.42013073,316.03702,195.78268,2547.373
12.039658,-1.2487559,0.52273905,0.047565684,0.42278802,315.4158,218.13913,2558.505
11.779647,-0.9067092,0.58489126,0.031102104,0.42578906,316.6101,240.5875,2570.0942
11.789598,-0.5191261,0.57235914,0.059469633,0.4279061,317.4803,279.33588,2584.4893
11.627,-0.23363894,0.53132,0.057798404,0.42948535,319.85822,297.0782,2598.9463
11.49561,0.20631485,0.4858127,0.05903335,0.43048936,322.1287,310.40625,2619.3948
11.580145,0.2974672,0.46670666,0.06142926,0.43052712,322.7422,301.21063,2625.3242
