12.861323,-0.6959848,0.7018866,0.10832831,0.10595,-640.8903,379.77136,1841.4209
12.835736,0.7336785,-0.6595779,-0.09885829,-0.12999922,-561.76447,382.70428,1746.3842
12.972945,0.7650172,-0.6216068,-0.090508536,-0.14199248,-455.9544,386.17792,1687.3513
13.223756,0.78390193,-0.5936556,-0.07326763,-0.16644157,-408.09906,396.5417,1667.1892
12.321585,0.8094498,-0.55490875,0.0021929445,-0.19199608,-201.60687,416.12607,1608.1771
12.210383,0.7225077,-0.5335457,0.17778777,-0.4021233,-115.627975,446.8081,1600.4015
12.244057,0.6805313,-0.5025475,0.25628743,-0.46758944,-21.528885,371.2069,1701.4878
12.264988,0.635071,-0.46897668,0.32407984,-0.5212662,29.147888,357.5926,1856.794
12.058752,-1.5838404,1.169608,-1.2614205,0.3044943,79.97152,370.8361,2037.7853
12.184254,0.64082724,-0.5457694,0.27654082,-0.46368247,93.452255,423.70514,1967.6455
12.513639,0.694583,-0.67014027,0.11448897,-0.23528442,25.887154,429.24017,1958.6266
12.750559,-0.70255893,0.7111761,0.0137025155,0.021256162,-28.582859,434.8291,1999.6797
13.154812,-0.69929206,0.7134078,0.0297876,-0.033950437,-44.78104,420.71527,2021.16
13.816781,-0.69641095,0.7130998,-0.020848263,-0.077883184,-39.53039,381.54248,2053.6836
13.603216,-0.67832243,0.72680825,-0.09347799,0.05376147,-6.906432,370.70953,2051.0425
13.253599,-0.6693071,0.7101445,-0.14192815,0.16606969,19.755276,373.32037,2052.83
13.224731,-0.6426077,0.662424,-0.2424256,0.2991313,47.213276,370.1808,2055.7166
12.92122,-0.53849083,0.5777315,-0.40243435,0.46292597,75.946175,349.80612,2062.1643
12.395744,-1.1730341,1.3693689,-2.3492873,0.37284172,73.36685,392.57208,2081.0222
