14.259232,-0.13296652,-0.45178717,0.6748617,0.5681284,-364.40704,414.94388,1806.3907
14.006252,-0.14414082,-0.4775686,0.6771157,0.5409862,-337.56647,439.63358,1792.7032
14.584452,0.5556108,0.78123367,0.10918767,-0.26277116,-292.2542,310.72052,1874.3331
14.96812,0.31565022,0.7557169,-3.3056962,0.4259926,-226.70508,156.37138,1752.5228
15.1390915,0.004938335,-0.58951044,0.6818825,0.4330002,-116.27023,131.79776,1765.0237
15.415606,-0.36304423,0.4454773,1.9257476,0.2515733,-211.98833,316.2127,2139.3438
15.041573,0.1633507,-0.298368,2.037056,0.2591293,-237.74245,314.79114,2128.7217
15.297284,0.6180858,0.18305628,2.0023406,0.2631754,-231.11797,307.16388,2090.7617
15.455053,0.37250614,-0.0010665396,2.0540576,0.26172426,-216.9157,284.30545,2116.1995
15.2581415,0.37902236,0.1543373,2.026506,0.25865525,-213.79791,306.8714,2121.3616
14.440042,0.39525017,0.035168897,2.0361497,0.25972143,-161.16502,283.85117,2255.9216
14.187866,0.5927625,0.741825,0.09714226,0.2981472,191.11081,412.5016,2284.3132
14.58518,0.4560494,0.6282876,-0.5766934,-0.25435856,-150.28436,236.06708,2296.6748
14.979335,1.8099891,0.6344759,1.3760856,0.2985391,-28.080315,370.8906,2338.8054
15.17065,1.3094056,-0.015848534,1.7025505,0.26879078,54.54314,389.27063,2578.1672
15.172346,1.3719629,0.23760495,1.6788703,0.27389544,62.66572,374.41968,2557.336
15.478826,1.3082323,0.44600523,1.7671065,0.2805749,18.564293,363.45825,2591.797
15.3306265,1.4184308,0.7756592,1.2873448,0.27626538,47.923843,321.6652,2598.061
14.478484,0.07620345,-0.14838123,0.7414368,0.6499596,-125.349976,360.9865,2681.9236
14.334374,0.11299485,-0.06966857,0.73064125,0.66973263,-134.69034,359.5604,2684.475
14.174484,0.10241878,-0.032988977,0.72737694,0.6777499,-135.91933,355.74188,2678.061
13.574693,-0.07586581,-0.15926619,0.7000383,0.6919718,-274.69534,335.43243,2695.2913
13.551686,0.35396928,0.31001264,0.63987756,0.6075809,-258.71625,321.6988,2705.9692
13.400832,2.0362728,0.6113294,1.45884,0.32580814,-295.41647,322.8092,2695.85
12.957882,1.0601918,0.118994966,2.0411744,0.29864225,-656.1688,315.69638,2547.394
13.481193,0.9125303,0.011586975,2.052124,0.2872333,-705.1541,340.67322,2398.6538
13.780672,0.62227184,-0.5269463,2.004948,0.2787225,-703.9176,339.48203,2381.787
