14.284012,1.1311378,1.3153265,1.3469713,0.27631617,381.9253,459.8822,2402.7336
14.683159,0.2209732,0.10916104,0.71142894,0.6581212,298.4176,403.81778,2505.678
14.4100685,0.17964321,0.08874397,0.7140969,0.6707596,221.48753,315.73398,2499.1184
14.80299,0.1458597,0.07205486,0.71505845,0.67987096,-23.191727,269.85144,2459.1477
15.173619,0.118331894,0.058456104,0.71504915,0.6865023,-125.088135,328.78745,2367.794
15.426381,0.10655928,0.052640412,0.71483064,0.6891237,-150.88908,363.45306,2327.5789
14.969045,0.086384945,0.042674262,0.71415997,0.6933196,-184.13533,382.40442,2266.5623
14.840834,0.07776996,0.038418446,0.71376014,0.69499815,-189.54924,390.4648,2240.0867
14.195629,-0.0391461,-0.08097962,0.71772754,0.6904904,-310.70935,372.8381,2294.761
14.007808,-0.05995593,-0.11734517,0.6968117,0.7050454,-390.5873,367.6956,2305.7063
13.994649,-0.11936211,-0.38642073,2.0012736,0.25550076,-444.44226,361.1098,2300.6064
13.54366,0.013904793,-0.5254952,1.9987781,0.25966287,-511.28314,372.22147,2232.056
13.996986,0.003646138,-0.28432536,0.62096584,0.7304431,-545.1768,383.4257,2127.7173
14.450489,-0.03766796,-0.32850742,0.62950706,0.70312506,-518.66077,385.8055,2034.779
14.971669,-0.0405206,-0.3175599,0.65111816,0.6881561,-467.76138,385.58145,1960.3727
15.1375265,-0.03265062,-0.31147444,0.6639133,0.6790706,-430.49512,387.6057,1922.2385
13.850301,-0.07098438,-0.37729183,0.6934423,0.609713,-280.616,402.21347,1805.8027
13.785695,-0.1113024,-0.4194912,0.6835849,0.5868139,-220.4844,402.5008,1767.0627
