14.178064,0.2977466,0.2580607,0.67716116,0.6214537,-120.36676,350.52325,1973.3866
14.827558,0.41058317,0.42877737,0.60608155,0.5293739,-123.70076,375.3758,2109.4382
15.409743,0.34062478,0.35571888,0.64639765,0.58275986,-95.80439,344.79367,2207.216
15.829396,0.28023586,0.29265392,0.6721078,0.6197521,-96.647415,343.1655,2257.265
16.163553,0.22930975,0.23947115,0.6881864,0.6453449,-117.59636,341.1997,2270.1963
16.499094,0.18697937,0.19526505,0.6980179,0.6630848,-148.60013,349.13446,2302.1194
16.240192,0.1686866,0.17616163,0.70132893,0.6698133,-164.12102,352.26883,2314.505
15.374153,0.13711815,0.14319426,0.70576155,0.68014324,-216.28412,373.60028,2364.7073
15.842372,0.11132224,0.116255306,0.7082088,0.68740994,-253.25026,386.03793,2378.8452
16.276146,0.090307556,0.09430935,0.70943856,0.69256574,-287.342,390.741,2392.1292
28.18439,1.3112873,0.26723865,1.9072175,0.2948551,-389.3342,329.73752,2683.6138
26.379875,1.509356,0.27041346,1.8185904,0.30096006,-418.54272,329.74762,2634.2095
24.864042,1.0581946,0.49091068,2.0354028,0.3098786,-578.03467,305.67206,2485.457
23.539335,0.9033152,0.08232242,2.0545382,0.286438,-616.86237,320.59927,2476.8572
21.198723,0.39633945,-0.5037708,2.0673904,0.2790805,-711.9215,344.3425,2319.1167
20.285452,0.31973296,-0.78040385,1.9016238,0.2643473,-715.8303,350.70416,2269.927
19.400173,-0.14234054,-0.99707544,1.799171,0.25964606,-706.7005,324.79892,2134.5593
18.769358,0.0063840104,-0.35893148,0.6034307,0.71203846,-687.2179,348.9844,2117.5442
17.98654,0.107259475,-0.27925608,0.64600503,0.7022741,-607.24756,318.72412,2072.6763
