13.40834,0.04453166,1.4963514,-2.1801267,0.35335118,-170.51065,277.6257,2389.7473
13.416038,-0.6008411,0.7711202,-3.2804985,0.42902234,-241.53761,304.54456,2408.0068
13.758848,-0.86173624,0.50932974,-3.2756515,0.4284749,-259.0013,307.30173,2398.2212
13.846873,0.22088766,-0.24385014,-3.4696474,0.43656734,-286.126,361.82703,2404.2837
13.723241,-0.12833507,-1.0356987,-3.0685627,0.4096736,-305.35062,363.30487,2394.247
13.450475,0.38013506,-1.4413044,-2.6750555,0.38698632,-320.49545,357.37842,2426.2002
13.216477,0.48579878,-1.4559187,-2.6887503,0.38936445,-314.12363,367.3637,2407.5105
12.8447895,0.4032447,-1.547517,-2.6793048,0.39113796,-324.46353,311.0368,2397.3774
12.681538,-0.09916004,-1.0210484,-3.1911747,0.41947964,-241.43062,415.47336,2275.977
12.650359,-0.4171079,0.6264919,0.39350533,-0.52790374,-320.29175,321.408,2322.1577
12.607965,-0.02691554,-1.0199178,-3.2274616,0.42311108,-283.33942,455.95535,2079.135
12.736909,-0.5090363,0.64704865,-0.4642045,-0.32668662,-103.06353,280.99225,1795.0426
13.006869,0.76051354,-0.565222,0.052504603,-0.31525612,-20.394073,309.25598,1831.5928
13.346377,0.78755224,-0.4718727,0.1609251,-0.36221656,0.06517029,305.8154,1875.4729
13.3688,0.7587849,-0.461872,0.2182053,-0.40411168,58.333,324.1724,1969.3611
13.726493,-2.0231032,0.78084993,-2.2822125,0.3936078,228.95714,379.00433,2003.9258
14.254162,-1.1868849,-0.089509726,-3.2389858,0.4441411,162.22812,328.31802,2089.971
14.648187,-0.64606297,-0.2593818,-3.3863897,0.44839218,208.09915,302.54214,2184.563
