13.061774,0.0,0.0,0.0,0.43301272,95.77879,79.134796,2192.8396
13.366607,0.0,0.0,0.0,0.43301272,74.650795,96.766815,2204.5244
13.455688,0.0,0.0,0.0,0.43301272,67.76552,95.782166,2219.0427
13.177194,0.0,0.0,0.0,0.43301272,27.000702,93.89731,2239.4824
13.34625,0.0,0.0,0.0,0.43301272,4.954099,91.351654,2244.034
13.391146,0.0,0.0,0.0,0.43301272,-60.545044,75.8251,2269.1975
13.397776,0.0,0.0,0.0,0.43301272,-55.699646,54.1232,2238.6714
13.573501,0.0,0.0,0.0,0.43301272,-50.67263,63.185577,2217.0718
13.933365,0.0,0.0,0.0,0.43301272,-46.57658,88.06079,2179.7236
14.396481,0.0,0.0,0.0,0.43301272,-49.35966,88.52252,2140.2905
14.72329,0.0,0.0,0.0,0.43301272,-53.00077,123.792175,2114.2512
14.919035,0.0,0.0,0.0,0.43301272,-48.94837,172.83069,2124.0508
14.8590555,0.0,0.0,0.0,0.43301272,-38.122414,122.51187,2006.3527
14.31304,0.0,0.0,0.0,0.43301272,-23.002779,104.94644,1946.4696
14.10577,0.0,0.0,0.0,0.43301272,-9.283522,74.90375,1896.9016
13.366063,0.0,0.0,0.0,0.43301272,79.693855,9.232391,1846.0795
13.206746,0.0,0.0,0.0,0.43301272,101.06077,-0.03262329,1782.116
12.732138,0.0,0.0,0.0,0.43301272,194.20554,85.05618,1786.5055
