12.879678,0.0,0.0,0.0,0.43301272,117.22102,114.4025,2090.6768
12.520325,0.0,0.0,0.0,0.43301272,105.19393,152.7016,2148.5981
12.518254,0.0,0.0,0.0,0.43301272,96.73911,130.08536,2099.1567
12.623544,0.0,0.0,0.0,0.43301272,90.51236,111.675354,2052.445
12.294888,0.0,0.0,0.0,0.43301272,105.77953,93.59274,1969.4105
12.296673,0.0,0.0,0.0,0.43301272,119.016785,89.36597,1929.823
12.889605,0.0,0.0,0.0,0.43301272,179.42665,88.13321,1897.4913
12.638975,0.0,0.0,0.0,0.43301272,215.29164,77.81479,1894.9513
12.695511,0.0,0.0,0.0,0.43301272,253.14886,35.340057,1881.5208
12.4762125,0.0,0.0,0.0,0.43301272,312.5715,73.97226,1754.5719
13.015574,0.0,0.0,0.0,0.43301272,392.38486,97.40616,1751.1917
13.092424,0.0,0.0,0.0,0.43301272,449.6862,95.78174,1767.829
13.378183,0.0,0.0,0.0,0.43301272,549.6322,105.47153,1828.1367
13.566123,0.0,0.0,0.0,0.43301272,615.297,113.59003,1964.0345
13.459489,0.0,0.0,0.0,0.43301272,607.5765,103.70462,2041.3424
13.266866,0.0,0.0,0.0,0.43301272,525.5535,87.09915,2213.5974
13.670827,0.0,0.0,0.0,0.43301272,478.0559,89.31348,2287.4146
