13.970121,0.0,0.0,0.0,0.43301272,-66.8011,54.20659,2497.5588
13.688598,0.0,0.0,0.0,0.43301272,-59.883682,139.74113,2536.4087
13.512693,0.0,0.0,0.0,0.43301272,-52.29698,23.394455,2572.9045
13.006667,0.0,0.0,0.0,0.43301272,-46.30237,1.3667297,2632.4854
12.973402,0.0,0.0,0.0,0.43301272,-56.427338,-10.541107,2660.7717
13.018097,0.0,0.0,0.0,0.43301272,-87.92352,-24.287598,2681.3147
12.672175,0.0,0.0,0.0,0.43301272,-229.73256,-9.682678,2669.9395
12.177088,0.0,0.0,0.0,0.43301272,-262.5347,-77.3978,2631.3904
12.256917,0.0,0.0,0.0,0.43301272,-223.90854,-34.878723,2669.3516
12.207778,0.0,0.0,0.0,0.43301272,-719.71606,-12.7612,2543.4954
12.28479,0.0,0.0,0.0,0.43301272,-806.6089,-11.972321,2441.5325
12.267321,0.0,0.0,0.0,0.43301272,-840.916,33.82428,2263.5999
12.225665,0.0,0.0,0.0,0.43301272,-821.672,19.77597,2172.7314
12.303286,0.0,0.0,0.0,0.43301272,-786.84064,55.923218,2120.5938
12.289498,0.0,0.0,0.0,0.43301272,-714.9397,51.550323,2022.863
12.047325,0.0,0.0,0.0,0.43301272,-623.2596,58.723114,1903.4171
12.988717,0.0,0.0,0.0,0.43301272,-574.5092,74.61667,1818.3706
12.984789,0.0,0.0,0.0,0.43301272,-540.89404,-23.984497,1756.5758
12.988329,0.0,0.0,0.0,0.43301272,-533.4289,-13.106842,1741.1797
12.543636,0.0,0.0,0.0,0.43301272,-388.32733,-68.42163,1814.2396
12.30057,0.0,0.0,0.0,0.43301272,-269.07904,43.59149,1641.279
12.122067,0.0,0.0,0.0,0.43301272,-227.37714,95.40494,1709.2241
11.851109,0.0,0.0,0.0,0.43301272,-258.43982,200.60596,1782.1222
11.956898,0.0,0.0,0.0,0.43301272,-31.03807,166.11612,1800.3131
12.051751,0.0,0.0,0.0,0.43301272,-12.671173,90.63083,1855.7175
