13.534373,-0.005566912,0.004290983,-3.4645126,0.43306503,77.48999,687.2048,1895.0696
14.344488,-0.0035622027,0.0027457508,-3.464367,0.43304628,125.4476,621.6433,1852.954
14.837012,-0.0022795552,0.0017570843,-3.4642727,0.43303427,127.64938,624.2803,1780.2455
15.427192,-0.0014588106,0.0011244534,-3.464212,0.4330265,162.7502,638.3168,1748.7948
15.760576,-9.3359593E-4,7.196171E-4,-3.4641716,0.4330215,210.02534,652.0287,1779.8518
16.099455,-5.9748394E-4,4.6054155E-4,-3.4641466,0.43301836,260.52112,669.69775,1839.7413
15.888409,-4.7798228E-4,3.6842944E-4,-3.4641376,0.43301722,285.10193,672.95624,1873.0757
15.271456,-3.0590405E-4,2.3579127E-4,-3.4641244,0.43301558,313.48676,645.9996,1940.4589
14.84769,-2.4472192E-4,1.8863201E-4,-3.4641197,0.433015,331.01584,665.78876,1986.5972
14.484938,-1.9577672E-4,1.5090498E-4,-3.4641159,0.4330145,337.19852,678.05383,2023.7216
14.0425415,-1.2529636E-4,9.657861E-5,-3.4641106,0.43301383,350.8038,671.7064,2110.355
14.431697,-1.0023689E-4,7.7262725E-5,-3.464109,0.43301362,361.30887,663.8833,2157.3135
14.359485,-6.415142E-5,4.9447994E-5,-3.464106,0.43301326,358.3183,630.74,2238.505
14.218358,-5.1321087E-5,3.9558363E-5,-3.4641054,0.43301317,353.0753,613.6919,2271.0579
13.672203,-3.2845448E-5,2.5317311E-5,-3.4641035,0.43301293,308.4992,611.86194,2340.897
13.87626,-2.1021071E-5,1.6203068E-5,-3.4641027,0.43301284,30.174368,693.1153,2380.3955
14.055141,-1.6816852E-5,1.296245E-5,-3.4641025,0.4330128,-21.103468,715.328,2345.9673
13.514002,-1.0762781E-5,8.295963E-6,-3.4641018,0.43301272,-85.526054,722.04095,2298.1252
13.537136,-8.6102245E-6,6.6367706E-6,-3.4641018,0.43301272,-110.65381,718.55865,2293.6074
13.33513,-5.510544E-6,4.2475326E-6,-3.4641013,0.43301266,-162.86195,712.47424,2260.3145
14.108895,-3.5267487E-6,2.7184208E-6,-3.4641013,0.43301266,-190.4202,695.2944,2246.8313
13.993563,-2.8213992E-6,2.1747367E-6,-3.4641013,0.43301266,-231.79515,688.93896,2242.838
13.934002,-1.8056955E-6,1.3918321E-6,-3.4641013,0.43301266,-295.8,686.348,2212.9958
14.147975,-1.1556452E-6,8.9077275E-7,-3.4641013,0.43301266,-341.3051,693.56433,2163.7185
14.659666,-1.0431796,1.3361293,-2.5891163,0.38783872,-370.93076,693.08014,2095.742
