15.053311,0.0,0.0,0.0,0.43301272,-289.43298,-666.9633,1967.6635
14.874184,0.0,0.0,0.0,0.43301272,-293.28806,-659.5781,1957.7283
15.207642,0.0,0.0,0.0,0.43301272,-283.48566,-656.06213,1930.1974
15.204233,0.0,0.0,0.0,0.43301272,-316.76282,-609.2102,1670.0743
15.22181,0.0,0.0,0.0,0.43301272,-186.81116,-627.5146,1821.1289
15.572685,0.0,0.0,0.0,0.43301272,-95.64514,-647.1045,1812.8438
15.326937,0.0,0.0,0.0,0.43301272,-63.84898,-605.8811,1818.3993
15.055716,0.0,0.0,0.0,0.43301272,-40.648476,-558.73193,1810.7964
14.839571,0.0,0.0,0.0,0.43301272,4.4823494,-541.5133,1812.0955
14.134797,0.0,0.0,0.0,0.43301272,123.69821,-570.8949,1806.1923
14.030852,0.0,0.0,0.0,0.43301272,93.01066,-601.895,1749.9138
13.8384,0.0,0.0,0.0,0.43301272,266.45148,-609.7821,1972.9106
14.149803,0.0,0.0,0.0,0.43301272,290.2373,-624.6307,1982.2821
14.719099,0.0,0.0,0.0,0.43301272,303.28552,-624.73145,1981.1104
