13.690795,1.242678,-1.236874,0.1498536,0.40591526,-541.13745,159.3746,2226.3347
13.598586,1.0905124,-1.3453823,0.16549166,0.40489164,-535.7778,163.83661,2194.738
13.553505,0.5089627,-2.3364224,-0.0036640428,0.3514257,-479.51385,183.0951,2063.7551
14.108432,0.21693572,-2.387558,-0.07647698,0.31500506,-448.50705,195.93532,1999.507
14.3764515,0.57143515,-0.026553413,0.19726904,0.42763048,-555.46344,18.16861,2090.5205
14.072213,0.99881446,2.2309585,-0.10012583,0.3949653,-388.35617,13.92511,2175.6423
13.371202,0.059747368,-2.133701,0.012355917,0.26789406,-379.46445,56.622284,2018.7113
13.403835,0.06822448,-2.4364364,0.014109012,0.32884556,-342.70255,32.87874,1987.13
13.253183,0.06668235,-2.3813639,0.013790098,0.36661935,-332.7231,53.899765,1978.424
13.005899,0.06014739,-2.147987,0.0124386465,0.3905462,-280.0967,69.077484,1967.0143
12.622835,-0.1729363,0.9821673,0.012083288,-0.07276284,-174.56839,149.57207,1955.7491
12.614404,-0.15051511,0.9736414,0.04520057,0.16530128,-117.32496,188.49129,1955.6465
12.632567,-0.12434233,0.9410699,0.05598398,0.30950323,-64.68807,211.85707,1966.3059
12.45176,-0.08877111,0.9025602,0.0644816,0.41634956,-22.263865,230.24158,1989.6868
12.153127,-0.037118938,0.8175078,0.06625892,0.57088786,37.20556,236.92125,2044.1104
12.187173,-0.016409757,0.77691174,0.03820069,0.6282353,52.318756,233.27016,2081.3513
12.270323,-0.025103685,0.7448986,0.03466845,0.66580325,58.85213,222.61441,2111.8154
12.120085,-0.028052965,0.99592423,-0.084250845,-0.015801061,70.2789,211.0386,2154.5596
11.853308,0.012405924,0.9553978,-0.17567381,0.23706521,73.0725,199.61633,2246.0732
11.979856,0.023245124,0.9177652,-0.15949526,0.3629435,85.431694,243.65968,2300.1255
12.547393,0.062401433,0.7714116,-0.13971537,0.61766475,76.73716,260.72632,2385.442
12.688818,0.07147858,0.7669921,-0.1344062,0.6233369,66.120346,261.26306,2424.1099
12.488275,0.048566125,0.8674297,-0.10382346,0.48417738,20.81413,271.18027,2480.8833
12.4846525,0.018125465,0.8310892,-0.092013985,0.5481748,2.023571,271.16574,2518.7285
13.355083,0.02684423,0.740931,-0.03365491,0.6702,-56.68936,249.79994,2561.862
14.093619,0.084512606,0.79288286,-0.062016886,0.60028994,-149.31708,231.78572,2579.0154
14.200918,0.32700124,2.0835187,-0.18462706,0.265459,-193.8949,223.66972,2581.3176
13.525787,0.86185896,2.5520482,-0.4147565,0.36251432,-270.59607,224.1567,2583.0278
13.376337,1.0575746,2.3674276,-0.5109646,0.3965323,-332.73526,221.1738,2583.1812
