13.367148,-0.013491808,-0.7064301,-3.2092512,0.4155163,-24.088982,311.81555,2383.684
13.068466,0.11747989,-1.2793304,-2.9663792,0.40580472,10.8778305,305.089,2366.2832
12.941162,0.8813985,-1.3035913,-1.331178,0.28064063,-54.722855,152.85243,2362.1423
12.970645,1.7699486,1.5392857,-1.4776235,0.37105957,134.68143,363.3017,2233.498
12.82105,1.7227865,-0.7154478,-0.13576737,0.2517008,124.03502,367.13135,2221.643
12.758058,2.0526512,-0.0834565,-1.4295584,0.35343277,296.67334,439.80658,2146.8845
12.785604,1.0684143,1.2346728,-0.4344737,0.2927563,695.17847,50.760773,2115.9749
12.548174,-0.635744,0.4996791,-3.3681123,0.43944585,613.9997,183.80408,2007.9926
12.422673,-0.5094297,0.6196005,-3.3638418,0.43914396,674.86676,278.00717,2122.0261
12.277155,-0.7762104,0.18276353,-3.378448,0.44357347,714.7955,300.86594,2233.5632
12.047704,0.38264924,1.5545189,-2.8811119,0.41201693,757.87067,258.57544,2363.583
11.909067,0.55764437,-0.4937182,0.618372,-0.25078097,749.93164,244.91864,2395.447
11.785191,-1.0451617,0.76063937,-2.7505605,0.39148244,749.0464,283.78516,2509.3884
11.838569,-0.67209834,1.6591023,-1.6468908,0.3143587,639.16565,407.03607,2515.0151
11.639572,-0.3207619,0.70275104,-0.575087,0.26930946,468.04297,197.99817,2387.3052
11.628393,-0.33994147,0.6249596,-0.3499905,0.6094031,438.14807,219.63724,2408.7024
12.125863,-0.15940045,0.6942886,-0.65706944,0.24660587,472.55353,99.15817,2422.0364
11.924236,-0.31318572,0.64648974,-0.5871048,0.37319368,403.8362,183.73587,2453.8096
11.830594,-0.5597139,1.3168738,-1.4731821,0.28835645,328.98178,39.09842,2450.5537
11.970423,-0.6023358,1.549901,-1.9650801,0.33557996,305.44147,182.41803,2497.4937
