13.804651,-0.604803,1.7107418,-2.1633458,0.35691333,199.98184,234.20636,2437.8086
14.331885,-0.5789245,1.6648874,-2.0759554,0.34776434,175.61241,248.19995,2433.1296
13.913545,-0.1666776,1.6203704,-2.7161236,0.396262,115.774445,284.15146,2438.799
13.9567585,0.56385124,1.0851787,-3.2156107,0.43245316,69.04197,278.03702,2432.179
14.143597,0.9682589,0.58657056,-3.287582,0.44220522,61.086796,278.38004,2440.0247
14.5507965,1.4821144,-0.24953885,-3.0611784,0.4388198,46.146698,288.47354,2438.8357
14.4176,1.5049226,-0.4524802,-3.0052307,0.43510467,44.064262,280.09592,2437.4148
14.13866,1.6026177,-0.5144296,-2.9280534,0.4315613,44.56013,277.8538,2446.8413
13.659549,1.6003946,-0.16548675,-3.0245965,0.43302926,37.859596,296.7274,2458.9907
13.091199,1.7221162,-0.6845916,-2.7560568,0.41680697,114.98388,252.10736,2390.5417
12.981318,1.6113236,-0.85048234,-2.7531116,0.41444197,82.03743,263.35,2414.9902
12.974595,0.8550365,-1.6209707,-2.030492,0.34716007,219.01732,308.6451,2314.9512
12.6398735,-0.45762804,0.42739418,-3.3077695,0.42242944,228.31587,345.7793,2395.0103
12.291494,0.5980212,0.6372519,-3.134017,0.4145081,365.77994,475.36002,2610.0686
12.623611,1.337397,1.6714526,-2.4695933,0.43405575,372.20566,425.376,2562.0933
12.817336,0.7143068,-0.4938566,0.29212916,-0.40066463,678.14087,259.28143,2186.8665
12.771965,0.66930795,-0.41292062,0.42170185,-0.4513213,703.0201,252.97064,2224.7961
12.6779785,0.6085326,-0.4492827,0.4727403,-0.45205057,759.8389,260.1201,2353.3867
12.610168,-1.2639577,0.85440993,-1.5721322,0.31385684,744.94556,112.38336,2539.2021
12.381277,2.4870577,1.3254561,-1.6831951,0.42076257,672.3088,213.67957,2651.7842
12.386237,0.17829658,1.1295456,-1.3204048,0.2887892,724.265,239.62708,2635.471
12.572488,-0.22281581,0.65863514,-0.5468156,0.46641785,465.6401,210.22058,2360.3328
13.268824,-0.26544502,0.671104,-0.5359211,0.43811753,397.71988,211.05844,2385.9304
12.852252,-0.26198947,0.69162786,-0.53832096,0.40400845,363.4124,222.19196,2412.317
12.779415,-0.32953146,0.64941454,-0.49449116,0.47449782,211.30894,261.26633,2479.7961
12.8644905,-0.53411543,1.3628994,-1.3051032,0.272863,292.783,234.57932,2480.345
12.513395,-0.6076482,1.5267631,-1.6785883,0.31147972,244.92618,225.72516,2465.476
12.484467,-0.60963976,1.5938957,-2.1273904,0.34981334,227.22717,208.1836,2454.6553
12.768473,-0.37449655,1.4834197,-2.8203788,0.40123326,191.09166,197.06458,2416.5488
12.887405,-0.16047995,1.4095683,-2.9588578,0.4101755,176.82932,200.04047,2391.2942
