11.796729,0.31462035,0.6218746,-0.34071213,-0.631032,25.203964,326.409,1912.3622
11.884075,0.14815162,0.5624617,-0.5225163,-0.6234297,45.38614,301.78244,1906.4385
11.784318,0.06463923,-0.38691443,0.62553805,0.6744042,201.1759,220.98843,1879.409
11.619104,0.6245113,0.74987346,0.16916601,-0.1380516,222.42282,397.78888,1763.7172
11.626243,0.35271728,0.6680553,-0.49261284,-0.43200132,453.46246,260.79672,1860.8016
11.64875,0.4824062,0.7744463,-0.30777928,-0.26979437,489.7079,324.50116,1865.1766
11.531511,0.4680323,0.8325134,-0.27127677,-0.11948234,661.87665,293.4263,1915.2865
11.413384,0.48182094,0.8237086,-0.27314952,-0.12141704,773.9362,295.6198,2004.8302
11.388021,0.049402367,0.12929453,0.721927,0.67798495,499.13495,242.03574,2382.0605
11.284534,-0.010030486,0.124629065,0.719975,0.68264407,506.84274,216.8151,2386.26
10.938301,-0.17912775,-0.0070678527,0.6982767,0.6930173,521.3273,215.4851,2400.8179
10.115119,0.3457523,1.5860639,-2.8259566,0.40746897,671.6967,163.45651,2739.783
10.100384,0.57394564,1.656581,-2.725172,0.40530354,695.34937,201.81006,2759.3914
10.106945,0.8844938,1.6429852,-2.7060628,0.41088498,707.41046,193.72644,2763.6646
10.07161,0.060359642,0.28075522,-0.5619888,0.2530427,533.368,270.30634,2867.9768
10.427981,1.2475137,1.4653685,0.88203156,0.27630574,584.1426,282.43433,2871.8755
10.89004,1.1853645,1.4287884,0.9402245,0.2713981,460.94464,283.14905,2891.1338
11.16701,2.1008873,0.7191055,1.3635545,0.32759005,435.79886,266.12714,2899.461
11.069754,2.3510022,0.52622473,1.0569389,0.32886282,415.4515,258.4165,2896.9102
11.512317,1.6047242,0.03330994,1.7978582,0.31650513,43.69245,240.37927,2830.5662
11.6653805,1.2500458,-0.23059572,1.9335465,0.3085241,-74.07713,246.07718,2776.2551
11.973402,1.6193392,0.08818869,1.7686222,0.30651462,-124.048416,240.19394,2657.2898
