9.322241,0.0,0.0,0.0,0.43301272,5.5798645,-45.661713,2783.1917
9.218107,0.0,0.0,0.0,0.43301272,-95.89766,-58.304718,2794.5188
9.264,0.0,0.0,0.0,0.43301272,-92.44393,-65.24089,2796.3582
9.323203,0.0,0.0,0.0,0.43301272,-129.7893,-80.296936,2728.6687
9.367556,0.0,0.0,0.0,0.43301272,-593.334,-23.494934,2327.263
9.397942,0.0,0.0,0.0,0.43301272,-614.79694,-39.371002,2175.5479
9.4839325,0.0,0.0,0.0,0.43301272,-629.8756,-11.8437805,2086.079
9.384202,0.0,0.0,0.0,0.43301272,-536.88043,68.35025,1751.7289
8.992884,0.0,0.0,0.0,0.43301272,-367.65842,96.7554,1559.8271
9.151221,0.0,0.0,0.0,0.43301272,-311.08978,62.74893,1558.4917
9.476797,0.0,0.0,0.0,0.43301272,-126.84613,1.7898407,1487.8416
9.786467,0.0,0.0,0.0,0.43301272,-176.20999,-56.033203,1524.3801
9.776265,0.0,0.0,0.0,0.43301272,21.587791,-124.43564,1441.8499
10.003419,0.0,0.0,0.0,0.43301272,11.066862,463.1957,1777.7765
10.137507,0.0,0.0,0.0,0.43301272,262.02606,24.567352,1602.1859
10.128398,0.0,0.0,0.0,0.43301272,347.81064,128.21376,1703.497
10.123464,0.0,0.0,0.0,0.43301272,534.31226,10.690369,1700.499
10.195347,0.0,0.0,0.0,0.43301272,190.93784,92.717865,2173.3438
