9.340281,0.0,0.0,0.0,0.43301272,106.51796,-34.599854,2277.4417
9.292669,0.0,0.0,0.0,0.43301272,136.51428,-127.12439,2237.9504
9.372183,0.0,0.0,0.0,0.43301272,256.6046,-114.45282,2291.137
9.464439,0.0,0.0,0.0,0.43301272,266.641,-88.045685,2357.9724
9.25479,0.0,0.0,0.0,0.43301272,146.44719,6.6549683,2412.0635
9.292973,0.0,0.0,0.0,0.43301272,191.5942,-88.08029,2506.5342
9.191029,0.0,0.0,0.0,0.43301272,-457.86707,-30.414093,2603.6436
9.188096,0.0,0.0,0.0,0.43301272,-556.0488,-22.76352,2489.617
9.233338,0.0,0.0,0.0,0.43301272,-608.4114,-4.7363586,2369.0293
9.646677,0.0,0.0,0.0,0.43301272,-632.0365,-5.7386475,2254.2292
9.765344,0.0,0.0,0.0,0.43301272,-635.1106,-9.542145,2143.515
9.783448,0.0,0.0,0.0,0.43301272,-600.5065,5.4160767,1992.706
9.733142,0.0,0.0,0.0,0.43301272,-534.58606,47.41562,1827.244
9.752711,0.0,0.0,0.0,0.43301272,-422.4716,75.21585,1696.7897
9.766382,0.0,0.0,0.0,0.43301272,-328.94577,98.08261,1650.1278
9.760052,0.0,0.0,0.0,0.43301272,-147.31833,88.27518,1539.3517
