13.556103,0.70159715,0.69974273,-0.11001541,-0.07757625,516.6527,527.51697,2421.614
13.331438,-1.23665,-1.0476755,0.48795414,0.27884027,604.2754,516.2963,2478.274
12.79809,-1.319597,-1.0194752,0.5159912,0.28462312,543.864,514.95825,2448.5881
12.725806,-0.18537928,-0.2842825,0.71009815,0.6169105,438.04538,481.47055,2723.836
12.678683,-0.17464486,-0.23269087,0.73515683,0.61228955,383.0849,486.0603,2736.4336
12.528692,-0.14218761,-0.1542138,0.7513052,0.62573254,386.06622,493.99365,2733.4272
12.535861,0.53869015,0.647796,0.38087574,0.38092905,298.2856,446.5299,2746.8198
12.875407,0.5155856,0.643379,0.39297527,0.40719205,274.79892,443.49866,2745.1387
12.450926,0.15927945,0.72607946,0.5765765,0.339114,-105.04608,524.6538,2603.525
12.711607,0.058555804,0.7101519,0.6003048,0.36316594,-140.13594,512.31323,2544.4697
12.655029,1.106894,1.0961443,1.3477144,0.2653658,-168.38876,522.161,2535.1677
12.439754,0.3067457,0.7101213,1.9730393,0.26682156,-226.57553,536.9946,2438.3025
12.080312,-0.26749298,0.41479737,2.1334708,0.28491604,-236.85548,560.43805,2260.0757
11.841618,-0.5355255,0.15114559,2.1552649,0.2915706,-199.14404,586.5598,2149.016
11.511441,-0.75000036,-0.47474873,2.1138966,0.302792,-114.46524,535.48,2083.339
11.802859,-0.7456204,-0.5924758,2.074281,0.29574597,-86.902245,543.0694,2064.1562
12.141402,-0.98496544,-1.073691,1.7404208,0.28457734,34.68754,545.17944,2010.8505
