12.700245,-0.099903174,0.79198796,0.12857467,0.5884224,412.96915,495.03314,2611.236
12.796451,-0.14494954,0.848662,0.14783196,0.48673123,352.98083,489.2155,2621.6338
12.794178,-0.15616797,0.8673164,0.14059342,0.45122784,328.75287,486.2179,2625.3745
13.1833515,-0.44433805,2.0261788,0.28992414,0.26691675,144.45856,527.6331,2632.356
13.153319,-0.22060446,2.2251506,0.30024958,0.29365075,99.303604,495.07367,2586.7678
13.197456,-0.25434607,2.0866337,0.47432753,0.37058106,69.6271,508.61792,2568.3477
13.490806,-0.38154063,2.2483916,0.32462904,0.3530131,45.23494,514.6512,2550.2559
13.526729,-0.12768707,2.2840455,0.07460065,0.37497988,-4.2818394,521.2025,2484.4014
13.240152,-0.3291387,1.6562984,-0.018489068,0.41075686,-22.306746,534.239,2455.2043
12.981323,-0.53397197,0.66676784,-0.36060384,0.43544868,-56.07699,544.5239,2364.5815
12.63924,-0.51708555,0.5093624,-0.36686987,0.43702242,-61.44034,541.27246,2333.0652
12.710695,-0.67101693,0.6350347,-0.5471528,0.43828103,-63.73178,539.9463,2295.334
12.55054,-0.84786606,-0.7978845,-0.35046086,0.43584952,-40.555916,553.00354,2199.9526
12.678001,-1.9330208,-0.5496913,-0.050276764,0.42246664,-38.933743,554.17773,2174.926
12.851902,-1.4410578,-1.0594871,-0.20546433,0.42787066,-24.829369,547.2859,2156.644
12.694756,-0.80343205,-2.495364,-0.47051993,0.3829927,42.32251,529.5878,2119.8206
12.4973135,-0.6653607,-2.4456673,-0.26899555,0.38264605,63.688583,538.8645,2139.2383
12.490862,0.76945496,1.5671002,-0.61076784,0.43038177,80.39303,391.6148,2023.3379
12.502847,-0.7851179,-1.8248585,0.6647908,0.26318532,163.21434,466.4206,2264.7207
12.346252,-1.1541759,-1.6631733,-1.262444,0.4367362,232.31828,504.9463,2254.9136
12.166283,-0.6141257,-2.4108255,-0.94761837,0.40219992,278.3404,439.63885,2219.1152
12.122209,-0.32297435,-1.918245,-0.4458437,0.25609586,336.39026,505.776,2192.4307
12.238333,-0.049364682,0.7331225,0.17051186,-0.65652,469.37872,547.588,2181.5938
