14.284985,2.2086513,1.0917913,0.76017827,0.386296,513.883,541.54517,2217.262
13.963899,2.289968,0.94060993,0.93232226,0.3758801,513.4211,543.4677,2221.9424
13.63387,1.8238404,0.9337622,1.1791247,0.37839428,486.3586,501.25943,2357.6543
13.230956,-0.021745082,0.74281377,0.34248614,0.5748546,466.97742,523.1952,2472.624
13.730877,-0.09757764,0.84694964,0.29226798,0.43328315,422.6705,492.2713,2514.8926
14.012479,-0.18081991,0.8777139,0.27773055,0.3461042,405.6114,486.34634,2538.2078
14.03824,-0.18798603,0.8703821,0.2768978,0.3611424,382.1651,485.3921,2555.8809
13.624513,-0.5701682,1.8976588,0.62134296,0.2682807,248.38402,464.60385,2656.557
13.935588,-0.23339945,0.6647698,0.13074836,0.6975031,216.91814,459.62665,2658.337
13.77144,-0.5898196,2.232597,0.30098397,0.32988667,97.5423,450.4713,2635.2427
13.404475,-1.0108404,2.083685,0.25998172,0.33540142,28.784376,499.43533,2614.7349
13.207836,-1.0214499,2.0191176,0.22754258,0.3604325,-7.2076797,497.86615,2591.6309
13.183042,-0.91190636,2.0041814,0.05743295,0.37810305,-45.069893,507.55566,2565.3005
12.75444,-1.4148774,1.4611772,-0.42068252,0.40930644,-128.45639,515.75287,2513.7776
12.362257,-1.1639477,0.90203667,-0.790527,0.43460566,-162.93338,538.8159,2455.383
13.021441,-1.5001724,0.19052261,-1.0885669,0.44328082,-169.08691,553.4367,2383.9138
13.771076,-1.4414167,-0.4124758,-1.3912809,0.44912544,-157.83177,549.4751,2311.899
14.069751,-1.398562,-0.23973139,-1.5298337,0.45080417,-147.24466,555.7071,2285.0586
13.751033,-1.0761824,-1.4365253,-1.6655155,0.44512144,-114.27222,571.1841,2205.9287
13.530125,-1.2285433,-1.5867075,-1.8372542,0.4423628,-101.69675,559.4542,2191.4678
13.536004,-0.9567345,-2.2801073,-1.2918447,0.41480732,-52.29227,548.22955,2131.0173
