23.597244,0.820635,1.3734108,-0.5842969,0.43343106,-195.58154,44.235535,2393.1392
22.305159,0.9856351,1.4280145,-0.4186326,0.42919138,-209.56793,43.009766,2407.4805
21.108593,0.06535144,-0.16727246,-0.26183975,0.43796608,-245.96834,57.11325,2299.153
20.168068,1.4692107,-0.17206658,-0.43801698,0.4337033,-233.56729,80.0957,2289.1663
19.445354,1.0010477,-0.6494059,-0.3889163,0.43287307,-243.14673,87.34755,2249.4932
18.482477,1.2761741,0.29724675,-0.012461902,0.42870593,-238.71896,78.473236,2272.6272
17.728895,0.91537255,-0.9147941,0.114012584,0.41910493,-200.5303,58.759827,2166.225
16.984306,-0.14598612,-2.0279262,0.02134286,0.39953268,-175.65947,64.48259,2171.3132
16.50516,0.0043068975,0.9710518,-0.19061089,-0.1439002,-174.25105,69.98772,2064.5872
16.154356,1.7643311,-0.58547264,0.66894305,0.3945175,-161.25012,87.16011,2099.517
15.42031,1.0089873,-1.2296652,0.6206339,0.39489907,-64.572296,65.22157,2076.3184
14.881701,-0.05234665,0.8161309,-0.16644634,-0.5508953,-20.73621,32.23723,2035.821
14.389415,0.038920518,0.92029756,-0.27628663,-0.27423215,44.083996,0.10864258,2029.1058
13.961031,0.05924671,0.9672227,-0.18875182,-0.15919447,104.85211,82.56294,2036.3916
