9.593386,0.313122,-1.7272179,-0.054452658,0.409472,-108.56246,343.47205,1985.6444
9.640269,0.44186822,-0.3113823,0.015857067,0.43106747,-51.915894,332.21472,1916.2948
9.648768,-0.046535898,-2.4067852,0.2251973,0.33774123,37.6332,394.17886,1911.5187
9.669631,-0.13287856,2.385341,0.122592255,0.32114124,95.0405,80.10666,1762.5841
9.70412,-0.12558655,0.91807127,-0.25377688,0.27743062,192.82745,260.92178,1863.7323
9.759409,-0.077259734,0.9606326,-0.21865427,0.15298197,202.74506,280.74323,1879.4464
9.756306,-0.16578078,0.7724113,-0.090171196,0.6064319,288.75195,81.40972,1896.5258
9.72311,-0.22769845,0.8279118,-0.020728953,0.5121288,360.6827,273.832,1925.3783
9.747427,-0.012564294,2.2667959,0.3077086,0.36676517,402.658,274.97897,2066.7524
9.768711,-0.062409878,2.1179004,0.22379494,0.3844461,421.5033,377.22495,2099.9397
9.779364,0.08676296,1.2963128,0.1393492,0.41881645,439.45166,353.24203,2147.5356
9.778771,0.011618894,1.0679333,0.14757913,0.42229122,436.60492,332.8456,2243.7166
9.970645,-0.13228005,0.56609774,-0.03540644,0.43150997,430.48837,298.98364,2269.3293
9.936217,-0.4086636,1.0662825,-0.033341367,0.42435387,407.43604,323.74957,2322.9153
10.190213,-0.2540825,-0.73643833,0.09565793,0.42793572,391.6972,323.6785,2398.8486
10.221571,-0.1303153,-0.43649736,-0.04007918,0.43281183,367.33676,280.65936,2441.0183
10.246996,0.15178125,2.3118107,0.5193741,0.3308815,288.95844,300.04504,2515.0776
10.494859,0.030647712,0.72498065,0.07943695,0.6834822,248.33252,308.5873,2533.23
10.45067,0.010971843,0.7636032,0.088775955,0.63945466,229.4993,305.01196,2537.4314
10.562545,0.040155627,0.87103355,0.075468466,0.48372433,171.33713,292.9983,2526.764
10.599436,0.012280995,0.86981183,0.07522898,0.48745626,148.89655,288.3719,2534.3293
