14.000757,0.17105895,-0.4565966,0.06822098,0.42994872,-81.47493,815.7791,2643.7627
13.741909,0.07824741,-0.47167248,0.0621558,0.4301943,-81.05067,811.9918,2634.044
13.551736,0.046844665,-0.45805693,0.06806953,0.4302054,-81.76567,807.6138,2632.5078
13.2381935,0.08320524,-0.45040655,0.06802594,0.4301851,-81.56175,807.6337,2637.4282
13.756628,0.042437714,-0.41922566,0.06962684,0.43039674,-82.65672,805.5485,2632.8545
14.155347,0.003325071,-0.45111352,0.06422977,0.43039703,-81.7,804.0137,2626.4592
13.890248,-0.066563785,-0.48113942,0.07455307,0.4300881,-82.87148,803.1514,2617.3943
13.994202,0.022836925,-0.41130292,0.060031902,0.43067548,-81.541176,807.9825,2629.8743
13.564197,0.014969669,-0.09970207,0.04964945,0.43190145,-82.181656,810.6472,2626.2314
13.765015,0.05979724,0.020745821,0.029161686,0.43239164,-85.02065,805.2582,2627.0671
13.9588175,0.056128293,0.0069525703,0.0062370156,0.43287396,-82.905685,804.5763,2625.6902
14.3190365,0.03091187,0.022414027,-0.0010374354,0.43303052,-82.449135,804.40106,2625.1558
14.256878,0.023257652,-0.42599684,0.01656447,0.43152815,-83.15089,803.6762,2627.075
14.755442,0.06870067,-0.51233476,0.04551837,0.43031383,-82.977806,804.4117,2635.0168
14.992474,0.13070841,-0.43652686,0.06820591,0.4301653,-87.1302,812.0641,2645.2446
14.823532,0.11693994,-0.45102262,0.070531525,0.43005836,-86.7283,810.18066,2643.7856
15.320505,0.16189346,-0.4054544,0.09849397,0.42961088,-89.94042,812.09735,2648.69
15.66968,0.09540556,-0.4028008,0.08920164,0.42996716,-89.38016,804.3303,2635.6548
15.457658,0.12064779,-0.4289767,0.08696065,0.42982125,-88.01359,810.8409,2641.4163
15.190756,0.22643197,-0.46226662,0.103731714,0.4289816,-88.86916,813.49725,2651.883
14.80223,0.06420844,-0.45312205,0.10152073,0.42947093,-87.5087,807.87714,2632.461
14.74855,0.045577955,-0.48596048,0.09811259,0.42938,-87.06974,806.53906,2628.3926
