13.664011,-0.23076248,0.66151243,-0.24154742,0.43458268,52.08419,855.4409,2401.4885
13.704509,-0.23256859,0.66307515,-0.23660557,0.43446735,51.26119,856.29205,2401.8232
13.783527,-0.25918743,0.6047286,-0.2733594,0.4355729,50.312065,856.22156,2402.8853
13.599762,-0.31259087,0.27480623,-0.26794878,0.43731436,50.80941,855.57355,2403.281
13.354833,-0.24584757,0.64104253,-0.2673037,0.4352017,52.141983,855.803,2404.945
13.116354,-0.24066542,0.535226,-0.30695015,0.43678924,51.991352,856.2148,2406.2058
13.172464,-0.0859015,0.95635164,-0.16763586,0.4304711,51.521805,855.6749,2407.208
12.982525,0.19734521,0.8265257,-0.15640153,0.43239424,50.290524,856.40717,2407.997
12.949171,0.14498478,0.80640054,-0.1976089,0.43333519,49.79799,857.24365,2408.9043
13.374255,0.22029293,0.8310181,-0.2133735,0.43351057,49.40934,857.3424,2409.3762
13.264609,0.2607145,0.83395386,-0.19575179,0.43317732,49.028255,856.7947,2409.7695
13.486919,0.26215628,0.9852783,-0.19339982,0.43150666,47.913433,856.7091,2410.3335
13.857135,0.23785865,1.0585442,-0.2717955,0.43210843,46.143257,858.9531,2411.6191
13.749585,0.06136463,0.9514286,-0.2713351,0.43304732,43.887703,860.751,2413.9858
14.067706,0.05665141,0.918685,-0.26558,0.43330577,41.61575,862.5996,2417.8652
13.73925,-0.04499767,0.80438936,-0.2397862,0.4337713,39.14216,864.2714,2421.0032
13.672936,-0.02814014,0.83542305,-0.23042017,0.43331426,35.38943,864.17255,2424.59
13.401619,-0.009966632,0.78584886,-0.23991744,0.43404946,35.338173,862.0508,2424.8027
13.272073,0.07723155,0.5934062,-0.2806039,0.43657786,35.225517,862.151,2426.635
13.263916,0.06278663,0.60841304,-0.27649042,0.4363767,35.883,861.9073,2427.6177
13.126165,0.06397552,0.6148931,-0.2663334,0.43614078,35.60582,861.9974,2428.5398
