16.386925,0.14243448,-0.549976,0.01173398,0.43060562,-74.155594,811.302,2640.9329
16.37851,0.13573806,-0.5752292,0.03430843,0.4299482,-76.34025,809.0892,2637.7283
16.498634,0.078839205,-0.5808137,0.053180173,0.42963803,-76.55881,810.2993,2632.4312
16.666016,0.11226515,-0.5636873,0.052140553,0.4297095,-78.00004,812.8064,2637.3862
16.6273,0.13762699,-0.5663638,0.06122726,0.42942566,-79.07707,815.4343,2641.858
16.743662,0.22920181,-0.5272619,0.07230453,0.42921174,-80.21687,817.03766,2652.208
16.396723,0.28516316,-0.50981957,0.039396044,0.42987534,-78.13244,814.73047,2657.2383
15.915466,0.31879988,-0.5048431,0.04459019,0.4296809,-76.96029,812.5773,2661.2966
15.690643,0.2574246,-0.47116527,0.022410389,0.43060273,-74.202126,809.9109,2653.7864
15.81485,0.13734815,-0.42468128,0.013322549,0.4313983,-71.739586,805.6938,2639.574
