16.248503,0.12143723,-0.16174786,0.6704827,0.7138232,-256.2476,238.43674,2603.0676
16.535656,0.21190608,-0.22509383,0.65501547,0.6894804,-251.33098,212.34879,2592.7622
16.669436,0.32700837,-0.34473264,0.6092935,0.63481206,-250.09908,208.09949,2588.1953
16.787556,0.40325364,-0.46291065,0.54881525,0.56736404,-257.27618,228.28116,2587.282
16.794098,-0.4445193,0.56491685,-0.49279088,-0.4903353,-267.07416,261.31345,2594.3147
15.568135,-0.5389291,0.6331866,-0.3997542,-0.3857806,-261.0387,257.6591,2578.1514
15.406636,-0.6262319,0.7086663,-0.2519443,-0.20530362,-253.75273,262.66037,2553.0322
15.313673,-0.64080614,0.7374715,-0.19131486,-0.09434943,-253.60475,278.1063,2552.2634
15.776815,-0.64588135,0.74427485,-0.16748892,-0.028975049,-252.8207,292.2212,2553.5613
15.839495,-0.64603186,0.744258,-0.1693939,-0.0053386027,-252.44829,296.6363,2559.2864
15.154276,-0.6463291,0.7411491,-0.1795426,-0.026853194,-254.13214,290.67145,2560.5684
15.362805,-0.6324866,0.7405248,-0.21064208,-0.084933326,-256.82272,279.94516,2553.1426
15.236267,-0.63378996,0.72946846,-0.22468856,-0.12530409,-254.91005,273.47418,2546.566
15.597164,-0.6089948,0.7107282,-0.28332353,-0.20908947,-261.73813,253.12543,2560.637
15.6452055,-0.5585726,0.6865725,-0.35867217,-0.2965958,-265.70844,237.54446,2554.6587
15.446665,-0.51965874,0.64642346,-0.41800427,-0.37062648,-261.8578,250.27429,2556.8315
15.512817,-0.45512062,0.55390865,-0.504189,-0.48150176,-255.21124,233.5708,2573.48
15.531097,0.33064175,-0.5010331,0.5802142,0.5504483,-255.67435,218.22296,2577.4849
15.168382,0.22030239,-0.40745378,0.6362747,0.6169301,-241.42752,213.30624,2597.1282
14.976307,0.13597324,-0.37098035,0.6546461,0.64445585,-238.64235,205.10458,2600.5798
14.413965,0.013140304,-0.27854076,0.66613114,0.6917454,-218.03676,219.97702,2611.174
