14.20773,0.0030119298,-0.2552215,0.6656007,0.701305,-211.2294,229.31757,2627.7034
14.294231,-0.0057424456,-0.23718466,0.65796417,0.71469826,-196.08524,244.69934,2657.2996
14.136717,-0.005467773,-0.23036514,0.6526287,0.72178775,-188.06165,243.26382,2662.9963
13.891359,-0.009558447,-0.67381674,1.8859812,0.25068018,-183.74565,244.08218,2665.2864
14.120565,0.027765373,-0.2738168,0.62571853,0.72988343,-183.22314,221.99838,2652.9976
14.219457,0.24329147,-0.24917822,0.6290446,0.69499815,-188.77399,204.47247,2631.8052
14.418135,0.30193132,-0.30497655,0.6071583,0.66871935,-196.884,208.73163,2628.914
14.060055,0.45608863,-0.43018764,0.52477,0.5757933,-221.07063,212.24982,2615.6968
14.042315,0.48175725,-0.48658073,0.49508047,0.53483135,-244.05377,233.13403,2621.866
14.166405,-0.5600094,0.5839113,-0.3936973,-0.4363937,-281.26096,247.78134,2597.957
14.174755,-0.59998006,0.6738966,-0.30549797,-0.30423367,-320.8416,252.71088,2596.4824
14.212305,-0.6189213,0.6977397,-0.26376686,-0.24601358,-335.82254,257.29468,2591.6956
13.679983,-0.6242599,0.7354797,-0.22283313,-0.14040835,-362.96304,259.33,2586.143
13.925238,-0.63661844,0.7442975,-0.19375277,-0.056550868,-360.81787,270.13342,2578.902
13.924812,-0.6406483,0.74249166,-0.19043683,-0.04482736,-358.40094,272.56442,2581.9602
14.214249,-0.6517482,0.73264253,-0.17879134,-0.08057794,-346.57745,269.37558,2575.9836
14.44471,-0.6266301,0.729611,-0.23049416,-0.1479014,-335.74545,264.6648,2580.9756
14.918442,-0.61083424,0.7094241,-0.28526583,-0.20548055,-317.8931,244.14087,2586.913
15.121935,-0.5880751,0.69889855,-0.3211097,-0.2501939,-315.43777,242.06308,2599.4473
15.3190365,-0.53236777,0.6452638,-0.42956585,-0.34013572,-297.13336,232.03201,2619.3645
15.066061,-0.4559692,0.5520911,-0.5231682,-0.46214974,-277.56454,227.53043,2613.334
15.035027,0.35929176,-0.47777835,0.5858741,0.5471643,-274.59735,208.35153,2608.3396
15.26491,0.29595977,-0.4271829,0.61706483,0.5908921,-272.30865,211.68185,2602.665
15.435125,0.17317978,-0.3498248,0.6562466,0.64573354,-270.84384,200.68176,2585.1558
15.258694,0.057650946,-0.23611608,0.68235964,0.6894279,-267.20865,180.67035,2563.5117
15.712023,0.00802982,-0.19612035,0.6865321,0.70010424,-266.7829,205.475,2572.7742
