15.87637,0.46640944,-0.63741904,0.48139697,0.4171597,39.88399,-376.7818,2630.9622
16.151573,0.48632792,-0.575802,0.47903958,0.41776335,39.411243,-377.98502,2636.8433
15.911317,0.46760333,-0.5405666,0.4892781,0.41793564,39.947273,-379.97723,2627.557
15.143511,0.43460068,-0.5095991,0.468084,0.41895902,42.793736,-379.25647,2628.3904
14.950735,0.49460405,-0.51434696,0.47866338,0.41832122,40.3161,-377.40436,2633.4016
14.753137,0.48893133,-0.4701488,0.48261636,0.4186354,39.57829,-375.51245,2629.5286
14.667183,0.46834764,-0.51547295,0.4812081,0.41838297,43.65004,-377.0566,2633.4448
14.06827,0.520803,-0.6009674,0.48469412,0.41714415,41.960175,-374.80115,2641.0935
14.046622,0.49824414,-0.62617207,0.47326133,0.41731778,40.9636,-373.54782,2634.4436
13.518214,0.5253727,-0.70945036,0.45800403,0.41658187,40.59346,-375.11682,2642.0635
13.47528,0.49682322,-0.60771984,0.46720338,0.4176908,42.407654,-377.07135,2629.0652
12.983265,0.5114822,-0.5825114,0.47617686,0.41762662,39.443607,-378.04703,2635.8135
13.149422,0.540104,-0.5745345,0.46986067,0.41770878,38.939667,-373.01764,2641.041
13.531552,0.5520576,-0.5447946,0.46040767,0.41819218,38.94691,-371.51355,2646.5142
13.68053,0.5615795,-0.5722511,0.4801506,0.41732046,38.350613,-372.14337,2646.405
13.640425,0.5570065,-0.59380454,0.46395645,0.4175608,39.57416,-371.39685,2648.5134
13.216462,0.5677612,-0.66044456,0.45545444,0.41696775,47.885494,-373.20752,2650.295
13.311169,0.5586693,-0.66529727,0.4600858,0.41684455,40.365665,-375.45428,2648.39
13.651143,0.5413979,-0.6909126,0.46964318,0.41638693,40.08222,-372.13287,2639.9954
14.00711,0.53115255,-0.5609021,0.48075193,0.41760704,34.756622,-375.51822,2634.8206
13.749033,0.5382893,-0.6168116,0.46899065,0.41729143,42.58951,-375.52423,2638.4631
13.664034,0.59725684,-0.6229334,0.45900354,0.41710928,43.13851,-372.17328,2640.5815
13.694849,0.62768334,-0.6058897,0.4682034,0.41684267,42.21127,-370.6569,2655.8706
13.23826,0.60503924,-0.62522995,0.48164245,0.41640988,37.65464,-370.19235,2648.9656
13.307344,0.59413,-0.60181,0.47381508,0.41696423,36.811455,-367.09686,2642.0864
