16.245708,0.0,0.0,0.0,0.43301272,269.79398,-28.145416,2286.285
15.947724,0.0,0.0,0.0,0.43301272,271.43237,-3.5451965,2251.845
16.053553,0.0,0.0,0.0,0.43301272,276.45248,16.393341,2217.391
16.192581,0.0,0.0,0.0,0.43301272,281.0453,37.87538,2196.3354
16.268353,0.0,0.0,0.0,0.43301272,280.57025,141.29512,2130.3008
16.542631,0.0,0.0,0.0,0.43301272,272.7395,296.5113,2116.0107
16.720526,0.0,0.0,0.0,0.43301272,252.71646,448.6076,2160.2527
16.89291,0.0,0.0,0.0,0.43301272,248.07974,550.7263,2220.677
16.980057,0.0,0.0,0.0,0.43301272,248.27408,590.458,2244.6497
17.023481,0.0,0.0,0.0,0.43301272,246.8729,613.3465,2257.3723
16.012026,0.0,0.0,0.0,0.43301272,263.40695,529.49243,2208.712
16.1941,0.0,0.0,0.0,0.43301272,260.54886,444.7046,2166.0093
16.082447,0.0,0.0,0.0,0.43301272,265.8284,354.49973,2134.4243
15.974497,0.0,0.0,0.0,0.43301272,265.48328,201.27997,2116.7932
15.692803,0.0,0.0,0.0,0.43301272,263.4879,119.926605,2143.1042
15.628258,0.0,0.0,0.0,0.43301272,267.2952,57.803024,2177.9927
15.813362,0.0,0.0,0.0,0.43301272,268.35538,32.082596,2217.0586
15.399971,0.0,0.0,0.0,0.43301272,272.5487,-9.003784,2285.565
