13.358831,0.0,0.0,0.0,0.43301272,176.71106,-102.70813,2459.6038
13.292999,0.0,0.0,0.0,0.43301272,174.2681,-69.258545,2431.257
13.383937,0.0,0.0,0.0,0.43301272,175.45717,-17.760086,2381.3083
13.695213,0.0,0.0,0.0,0.43301272,172.78726,62.104477,2341.5894
13.51083,0.0,0.0,0.0,0.43301272,175.39581,112.06928,2313.7034
13.483841,0.0,0.0,0.0,0.43301272,163.83897,199.60667,2304.8972
13.080043,0.0,0.0,0.0,0.43301272,160.6669,289.20264,2335.019
12.678047,0.0,0.0,0.0,0.43301272,153.23805,457.9468,2393.1038
12.613014,0.0,0.0,0.0,0.43301272,152.19916,508.59424,2419.1338
12.736618,0.0,0.0,0.0,0.43301272,142.40445,524.75244,2448.8347
12.607681,0.0,0.0,0.0,0.43301272,129.8226,547.34094,2480.9763
12.406454,0.0,0.0,0.0,0.43301272,11.803619,395.88623,2443.6309
12.205223,0.0,0.0,0.0,0.43301272,128.9393,552.79224,2506.1626
12.286814,0.0,0.0,0.0,0.43301272,-37.18521,391.8025,2457.7676
12.284662,0.0,0.0,0.0,0.43301272,156.47604,503.0146,2410.848
12.110841,0.0,0.0,0.0,0.43301272,157.50375,426.9624,2378.3203
12.248524,0.0,0.0,0.0,0.43301272,167.13963,375.48834,2337.9949
12.634777,0.0,0.0,0.0,0.43301272,-117.608826,275.39807,2430.2815
12.946029,0.0,0.0,0.0,0.43301272,181.92307,155.29358,2299.9514
12.883012,0.0,0.0,0.0,0.43301272,172.92079,78.49423,2301.5364
12.95736,0.0,0.0,0.0,0.43301272,192.3478,54.01944,2328.601
12.7990265,0.0,0.0,0.0,0.43301272,192.87238,-7.9489594,2346.438
12.561167,0.0,0.0,0.0,0.43301272,192.10782,-64.738434,2385.6013
12.540385,0.0,0.0,0.0,0.43301272,183.03984,-83.91266,2414.6934
12.645029,0.0,0.0,0.0,0.43301272,187.43564,-89.595,2444.4468
