14.1936865,-0.23272023,0.11023579,-3.489667,0.44007102,108.84969,577.4015,2630.1313
14.542359,-0.13065007,0.06621159,-3.4985266,0.4405644,108.1048,579.9383,2631.3032
13.783306,-0.18421735,-0.039311007,-3.4975674,0.44280156,106.297874,578.9274,2626.1008
13.446898,-0.25558534,-0.079759434,-3.4882047,0.44444123,103.25337,574.3389,2623.5977
13.561978,-0.18658227,-0.14950237,-3.4790943,0.44665453,99.43918,582.11615,2621.5542
13.394271,-0.027394831,-0.087468974,-3.4864202,0.44679588,96.516624,584.47577,2623.0696
13.975016,0.11555159,-0.111627266,-3.4897485,0.4454944,93.8957,582.3457,2618.1345
14.586743,0.31908944,-0.13975988,-3.4790769,0.4431782,91.911705,581.6739,2629.1018
14.811427,0.34477922,-0.11663791,-3.4790237,0.44234496,93.56209,584.4151,2631.5242
14.576765,0.44583932,-0.09846795,-3.4653559,0.4427807,89.702835,588.87866,2629.8352
14.91091,0.24069422,0.015957354,-3.4865081,0.445316,86.03729,588.5389,2617.1296
15.272479,0.33271042,-0.0023066422,-3.4750197,0.44566172,86.87688,580.77875,2617.1392
15.606738,0.33442995,-0.043947373,-3.4765458,0.44506466,89.366806,579.4165,2617.424
15.900622,0.4668279,-0.11985716,-3.4594946,0.44316727,89.003746,579.7325,2626.6382
15.903662,0.44535422,-0.13228536,-3.464035,0.44214642,89.386314,577.8517,2630.2993
15.47959,0.33018592,-0.03177435,-3.484675,0.44101268,92.6012,585.32056,2640.0605
14.987551,0.08592623,0.018594915,-3.5024107,0.44209647,95.43674,587.0286,2646.7063
15.025057,0.03328044,0.21183854,-3.4944222,0.44217813,96.47472,583.74445,2645.5217
15.298579,-0.09740661,0.3496016,-3.475119,0.44186014,96.88858,584.94147,2647.5605
14.837124,-0.36965552,0.55298585,-3.4085681,0.43854508,97.645294,589.2802,2651.8228
14.814062,-0.6454659,0.5620476,-3.3501596,0.43558902,96.11577,586.56323,2645.6194
