16.248503,0.0,0.0,0.0,0.43301272,-212.60965,-811.97003,2595.59
16.535656,0.0,0.0,0.0,0.43301272,-212.61082,-812.2992,2597.6008
16.669436,0.0,0.0,0.0,0.43301272,-218.69107,-806.74976,2595.8538
16.787556,0.0,0.0,0.0,0.43301272,-215.21838,-809.02045,2596.8818
16.794098,0.0,0.0,0.0,0.43301272,-214.75705,-814.0821,2598.5576
15.568135,0.0,0.0,0.0,0.43301272,-214.47006,-808.8842,2599.3389
15.406636,0.0,0.0,0.0,0.43301272,-212.72704,-808.6766,2608.2144
15.313673,0.0,0.0,0.0,0.43301272,-215.76518,-809.55066,2610.4023
15.776815,0.0,0.0,0.0,0.43301272,-213.06732,-807.0415,2585.0
15.839495,0.0,0.0,0.0,0.43301272,-215.8429,-814.4764,2596.8345
15.154276,0.0,0.0,0.0,0.43301272,-213.23169,-813.09686,2593.3328
15.362805,0.0,0.0,0.0,0.43301272,-214.45763,-801.60815,2595.0771
15.236267,0.0,0.0,0.0,0.43301272,-216.96281,-811.93915,2596.9194
15.597164,0.0,0.0,0.0,0.43301272,-215.21245,-814.25574,2596.2869
15.6452055,0.0,0.0,0.0,0.43301272,-213.35109,-809.6876,2598.5645
15.446665,0.0,0.0,0.0,0.43301272,-216.11089,-804.59143,2592.926
15.512817,0.0,0.0,0.0,0.43301272,-217.05142,-806.9,2596.6848
15.531097,0.0,0.0,0.0,0.43301272,-213.41245,-811.41614,2602.3557
15.168382,0.0,0.0,0.0,0.43301272,-205.55861,-810.5304,2600.3093
14.976307,0.0,0.0,0.0,0.43301272,-211.65532,-818.2584,2615.903
14.413965,0.0,0.0,0.0,0.43301272,-210.99753,-824.97095,2606.7834
