13.157341,0.08397557,0.4774962,0.02437828,0.4312082,-76.90641,153.15927,2362.5476
13.0440235,0.084650464,0.48202717,-0.0151483985,0.43201837,-74.94928,150.97914,2363.0342
13.046638,0.13553816,0.44038716,-0.06600902,0.43332833,-76.85571,149.29692,2363.2505
12.468779,0.095632926,0.3706812,-0.0364159,0.43301782,-75.55488,146.71709,2361.9763
12.374385,0.10773383,0.38738117,-0.05246098,0.43328288,-72.39634,146.61478,2362.663
12.459176,0.13688014,0.3015525,-0.044707898,0.43345764,-73.72757,147.98035,2362.9478
12.567408,0.076821156,0.4146215,-0.032617357,0.43272868,-72.57259,147.00572,2367.997
12.495175,0.16380595,0.18103139,-0.0511242,0.43387887,-73.526375,153.95296,2365.3152
12.866977,0.11718489,0.33329776,-0.09701374,0.43440711,-69.04569,152.43674,2369.2124
13.223611,0.25580028,0.28528023,-0.08234557,0.43423572,-66.64362,150.34639,2371.932
13.451046,0.21294653,0.2855586,-0.14328037,0.43547243,-64.903946,150.29799,2371.4893
13.593711,0.20475887,0.42086765,-0.13376114,0.4348015,-63.357346,149.64656,2382.2683
13.923112,0.23675211,0.31445664,-0.14519198,0.43541586,-63.804604,146.45958,2380.1143
13.917148,0.423866,0.32536072,-0.053744048,0.43335703,-66.15661,144.11433,2383.1885
13.986027,0.14970921,0.2925528,-0.07081113,0.4340189,-74.34541,144.85252,2382.8247
14.140022,-0.07117846,0.14035083,-0.025966171,0.43338746,-86.75659,127.02927,2379.1
14.449713,-0.07214615,0.030656548,-0.02324572,0.4334667,-88.23984,125.09985,2377.7224
14.298727,-0.12666745,-0.12902623,-0.0054993657,0.43302792,-87.59862,126.556015,2370.8865
14.487062,-0.16401426,-0.19832422,-0.009880345,0.43299833,-86.55705,117.47948,2367.0134
14.373778,-0.20063744,-0.11551126,-0.022041176,0.4333384,-90.5353,108.226456,2365.969
13.9912615,-0.18702127,-0.027453054,0.0069040926,0.43277413,-97.101906,103.849945,2370.054
13.740365,-0.16052893,0.10029831,0.053686135,0.43169242,-95.658646,104.813065,2379.248
13.701493,-0.1132715,0.009585438,0.019032368,0.43257198,-96.92987,103.527466,2375.7124
13.357709,-0.16611813,0.059720553,0.09305303,0.43089738,-112.54466,112.62425,2374.9924
