16.576057,0.5350365,0.397998,-0.016295461,0.43216234,-43.81935,831.282,2289.6272
16.647715,0.36841607,0.48296562,-0.0055406997,0.4318338,-43.746002,830.9712,2290.0288
16.788074,0.013167893,0.61225176,-0.08388612,0.43248653,-43.031116,829.9956,2289.3684
16.834131,0.047346305,0.5171132,-0.08508272,0.43321365,-42.663647,827.95013,2290.3633
16.189293,0.12288731,0.43168107,-0.05733211,0.43318653,-42.51175,827.96387,2291.598
15.714915,0.25897703,0.4586062,-0.0155363865,0.43221545,-42.203087,829.19855,2292.0767
15.471763,0.25034967,0.518363,-0.004929278,0.4316806,-41.812668,829.54254,2291.6658
15.162906,-0.028368548,0.6916314,-0.06974192,0.43146312,-41.550274,828.73737,2292.3223
14.703224,0.11119822,0.5836038,-0.036805525,0.4318611,-41.94951,827.75085,2293.1968
14.375574,0.38604283,0.7744891,0.12663585,0.42694196,-41.647892,826.4575,2294.0425
14.0675,0.48948094,0.6667735,0.06938925,0.4290254,-40.587425,823.3147,2297.0176
13.613578,-0.16846025,1.2754065,-0.1544245,0.424782,-40.37717,821.21155,2299.6604
13.251055,0.09812054,0.9468549,-0.019707005,0.42803055,-41.653236,821.3913,2299.4614
13.079665,-0.86711794,-0.35459292,0.04723907,0.42983806,-42.47022,821.9156,2300.5874
13.249116,-0.36055964,-0.049717426,0.15908779,0.42921534,-42.90957,822.06177,2300.4976
13.949399,0.0036605406,-3.6948817E-4,0.20061651,0.42864493,-43.636814,819.867,2305.9285
14.586341,0.43626726,0.44130808,-0.014463406,0.43213415,-42.22438,818.21704,2307.2085
15.136243,0.32439092,0.594603,-0.059106357,0.43234795,-41.50478,817.19946,2306.4321
15.552987,0.32999384,0.4428348,0.0017975946,0.43189383,-40.977535,817.85657,2307.1926
15.801766,0.2867473,0.42890137,-0.0064970455,0.4321541,-40.615757,818.3363,2305.7942
16.004423,0.20974478,0.5001964,-0.016005976,0.43200907,-41.21215,817.32697,2305.7793
15.367461,0.27000117,0.34738886,0.026855484,0.43177816,-41.27321,816.8235,2302.8445
15.021798,0.2154096,0.42376655,0.010516662,0.43183634,-40.8178,816.4481,2301.671
14.805786,0.16827276,0.38167953,-0.023899773,0.43273714,-38.92517,815.08905,2299.0046
14.54365,0.21601929,0.50205535,-0.013042603,0.43193808,-38.37948,814.0911,2298.4407
