13.283321,0.23994876,0.29723063,-0.020315584,0.4329431,-33.922874,771.0191,2294.3337
14.076715,0.24001276,0.24484597,0.00701547,0.43250716,-36.80851,770.2511,2295.8257
14.707485,0.2417714,0.29407763,0.01329832,0.43224868,-39.116016,770.8323,2297.0112
14.767305,0.2540113,0.27099565,-0.06700246,0.4339629,-27.552752,769.9904,2296.9988
15.245842,0.26765308,0.23648578,-0.12613016,0.43521518,-21.60117,768.49316,2297.9912
15.482897,0.27968374,0.22339179,-0.145036,0.43560144,-20.189497,766.97266,2297.241
15.843383,0.27811262,0.3120678,-0.00398663,0.43253496,-40.85126,766.02356,2296.689
16.169617,0.301206,0.41772443,0.1360819,0.42911026,-65.70133,780.1834,2302.2168
16.39669,0.36178735,0.4900503,0.16933145,0.42797792,-77.35561,786.1576,2310.7852
16.517994,0.3663043,0.48007116,0.21069527,0.42707545,-82.89978,787.36725,2310.9783
16.675951,0.3554244,0.43160284,0.26292604,0.42609248,-89.319016,787.1712,2310.3757
16.43217,0.3587956,0.3394589,0.16250493,0.42875892,-65.78423,788.32806,2309.145
16.603373,0.32996318,0.31332284,0.1102174,0.43003494,-54.8854,787.5193,2305.3413
16.089184,0.33472282,0.27591673,0.1018932,0.43031067,-53.699688,782.8019,2305.9402
15.840388,0.3124387,0.37349582,0.05174347,0.43112522,-57.25917,778.9387,2303.216
15.929469,0.31767556,0.3669346,0.069315046,0.43076602,-60.139545,776.34033,2304.8079
16.170795,0.30930242,0.3716683,0.069719486,0.43074688,-59.880817,777.1118,2304.0554
16.259956,0.31854305,0.34786025,0.0938474,0.43029773,-56.896187,783.0061,2306.922
15.505813,0.32871595,0.32890043,0.08503865,0.4305407,-51.407604,787.4158,2308.6648
15.158721,0.33340612,0.3251049,0.08885192,0.43046427,-49.62787,788.87805,2309.1072
14.986454,0.3567838,0.29080963,0.091531634,0.4304725,-43.037056,786.7112,2309.2605
14.6572895,0.34736586,0.3041971,0.091673695,0.43044648,-44.885254,788.17303,2308.0457
13.776157,0.3375789,0.28578797,0.07120842,0.4309504,-42.684216,788.7727,2306.9983
14.112606,0.33913082,0.29145616,0.0590384,0.4311965,-41.60319,789.8513,2306.8728
13.954473,0.33789244,0.27116907,0.066062994,0.43109608,-38.500446,788.9011,2306.0671
13.333191,0.34079766,0.24411558,0.060710866,0.4312651,-35.681904,788.42883,2306.4053
13.242988,0.3289897,0.2851629,0.052222025,0.43137053,-38.33629,790.7416,2306.309
