13.668103,0.77394485,0.5352215,-0.13817917,0.43351185,-170.58434,-316.6524,2253.1833
13.190513,0.8244754,0.447151,-0.17851114,0.43445444,-167.22922,-316.0474,2255.6274
13.239926,0.80009943,0.4540446,-0.1849159,0.4346478,-169.16077,-315.7718,2253.6814
13.449248,0.7809258,0.4299263,-0.1633378,0.43436402,-169.48163,-317.35895,2251.7935
13.545742,0.7427004,0.571629,-0.13593291,0.43339697,-175.22522,-317.5598,2254.7495
13.415389,0.76112247,0.59578884,-0.13654146,0.43323615,-171.75821,-314.74158,2249.3748
13.482117,0.7295627,0.57195526,-0.13108099,0.4333354,-172.05615,-311.213,2246.2292
13.036674,0.70164436,0.68288594,-0.15614846,0.4332877,-170.31607,-305.84436,2246.9006
12.900312,0.7054497,0.6547797,-0.15222806,0.43337372,-170.51544,-305.5913,2246.2686
12.974169,0.7231156,0.52377295,-0.16563158,0.43426013,-169.85538,-302.3473,2247.6787
13.03141,0.6831595,0.53125083,-0.18083014,0.4346359,-167.56007,-299.39236,2247.2847
13.046339,0.6929264,0.50977504,-0.18012767,0.4346879,-166.50885,-300.00015,2244.55
12.759983,0.6747679,0.5370639,-0.17531152,0.43452317,-165.25385,-299.4795,2249.5005
12.898458,0.67001253,0.5635746,-0.19097593,0.43471754,-163.97797,-301.0791,2248.8813
12.5967455,0.72204375,0.5883531,-0.1933224,0.43450835,-160.78636,-306.65143,2248.738
12.605341,0.710671,0.6020865,-0.16449897,0.43390054,-162.33556,-309.79657,2247.3594
12.734624,0.71945536,0.5980905,-0.16853613,0.43397832,-165.63452,-308.25452,2247.8071
12.450822,0.7640537,0.62528163,-0.18874362,0.43410984,-166.398,-304.2399,2252.7886
12.98058,0.7835973,0.53804255,-0.18560818,0.43440855,-166.67155,-302.11853,2252.9438
12.716612,0.7859589,0.5631212,-0.16354746,0.43385604,-169.25388,-296.39014,2257.9873
12.737323,0.7571835,0.60170716,-0.17713144,0.43402505,-169.6786,-295.61838,2254.939
12.530155,0.7440137,0.6897384,-0.19082607,0.43382823,-165.81705,-296.9242,2253.4172
