12.198933,-0.27885348,1.5267189,-0.48467582,0.42530268,309.54294,-483.12332,2581.7173
12.216538,-0.1845512,1.52521,-0.477309,0.42589644,309.64752,-485.06354,2583.8638
12.385473,0.5900963,1.4610566,-0.18011816,0.42415112,302.64346,-495.7359,2583.7974
12.308813,0.08863443,1.6369845,-0.44635123,0.42420554,305.52664,-478.09,2582.5605
12.400772,-0.09727196,1.4849182,-0.4135818,0.42617127,309.12653,-474.53723,2574.2808
12.3521805,-0.12140067,1.5633256,-0.48979318,0.42563802,319.30502,-461.92126,2560.998
12.466034,-0.064682506,1.5692306,-0.5957596,0.42781195,330.51736,-439.75305,2553.0608
12.936365,-0.012925263,1.5270492,-0.5827918,0.4288631,327.59488,-450.64474,2549.4663
13.377761,-0.5030328,1.3939865,-0.4358865,0.42563066,329.96338,-480.98755,2556.6763
13.518715,-0.43237168,1.4578327,-0.40820152,0.4242113,334.26846,-483.48892,2564.3623
13.3226385,-0.84260637,1.1799357,-0.29798853,0.4241582,307.2105,-499.29492,2563.3398
12.966299,-0.96237135,1.0464109,-0.20880556,0.4236178,296.13153,-515.1985,2558.6492
13.10643,-0.8897864,1.3101308,-0.16296412,0.41762173,285.45764,-529.664,2562.5286
13.360757,-0.87354743,1.3595704,-0.010752577,0.41281456,269.65292,-555.34607,2584.1208
13.532451,-0.8521489,1.3632325,-0.044388108,0.41386116,274.5199,-549.6798,2586.825
13.5922575,-0.7467629,1.346189,-0.025297346,0.41520378,274.3123,-544.1677,2594.5168
13.499083,-0.73044753,1.3646119,-0.019173969,0.414767,271.92267,-539.50574,2596.234
13.741151,-0.5993028,1.4162015,-0.040186625,0.41544783,275.4188,-511.11914,2600.649
13.723308,-0.6533569,1.3694849,-0.06221328,0.41659856,277.3541,-516.1291,2594.768
