16.576057,0.18319322,0.36117822,-0.2872968,0.43798336,-165.62204,-360.37732,2244.9143
16.647715,0.11406806,0.453337,-0.22464098,0.43638468,-164.12108,-360.20416,2247.4697
16.788074,0.25184342,0.5846055,-0.20376769,0.43530357,-163.5028,-361.88113,2246.1753
16.834131,0.15022145,0.49262556,-0.21484262,0.43601432,-163.57751,-363.1927,2242.1736
16.189293,0.09749089,0.40943912,-0.24137753,0.43690133,-163.28152,-362.3866,2235.916
15.714915,0.17049952,0.4260056,-0.14584285,0.4350126,-163.98383,-368.1728,2232.327
15.471763,0.079842314,0.49153653,-0.23015086,0.43625927,-161.15477,-372.84082,2227.7312
15.162906,-0.1483054,0.67254823,-0.2751896,0.435392,-159.80077,-381.9465,2240.9934
14.703224,-0.24118268,0.56234086,-0.30533203,0.43656084,-159.26274,-373.89883,2236.9988
14.375574,-0.24197578,0.7617764,-0.36296853,0.4358848,-158.05931,-369.458,2240.484
14.0675,-0.3125129,0.6457835,-0.30626953,0.43565366,-159.07494,-388.95697,2243.6514
13.613578,-0.30847725,1.2619644,-0.3144588,0.4275062,-151.99323,-380.74878,2260.574
13.251055,-0.37676716,0.9338892,-0.29421738,0.43196166,-155.57007,-380.97192,2251.1287
13.079665,-0.42760167,-0.3148404,-0.23828864,0.4370116,-159.55347,-374.7201,2218.1592
13.249116,-0.28023943,0.0062935115,-0.33945847,0.43936244,-161.28801,-362.87445,2226.655
13.949399,-0.34166571,0.047029417,-0.26283345,0.43779296,-160.7876,-368.36804,2226.749
14.586341,0.019657645,0.44441834,-0.31705424,0.438072,-163.10039,-361.36343,2237.066
15.136243,-0.54527855,0.5929333,-0.3651198,0.43616277,-160.50584,-369.30756,2238.2559
15.552987,0.36754775,0.43011248,-0.090640806,0.43382525,-160.77016,-368.1442,2233.9382
15.801766,0.35214746,0.42105758,-0.13603052,0.43478414,-160.50008,-365.14868,2233.9563
16.004423,-0.40620148,0.50575393,-0.27701917,0.43586168,-159.52646,-367.2602,2238.3486
15.367461,-0.18638253,0.3586083,-0.171771,0.43540555,-160.37749,-379.86047,2238.9177
15.021798,0.11063324,0.4288009,-0.16988747,0.43544576,-159.73805,-356.9843,2250.2937
14.805786,-0.034977656,0.38192058,-0.17072698,0.4355408,-160.25243,-360.43228,2249.998
14.54365,0.09303009,0.50189424,-0.20385657,0.43570882,-160.66664,-364.09613,2245.8557
