12.879787,-0.56909007,0.29260078,2.120267,0.28956506,272.93015,462.31805,2640.7368
12.761104,-0.46446648,0.3310573,2.1104028,0.2822844,263.27756,470.8059,2641.6265
13.085648,-0.48682013,0.18345329,2.1022782,0.27578944,269.9991,468.46252,2641.605
12.969861,-0.49739596,0.22212546,2.0436637,0.26650745,268.94446,457.6377,2646.9736
13.113641,-0.31687123,0.18975925,2.0723946,0.26506367,269.67612,454.37952,2649.4055
12.831918,-0.14412606,0.19341908,2.0881062,0.26465964,269.76248,444.66272,2656.0437
12.659993,-0.18551765,0.22277829,2.1088436,0.26941326,275.31998,442.67,2656.0405
12.5065775,-0.14047724,0.099941716,2.1925647,0.28519052,278.63504,439.93634,2663.7617
12.283605,0.29241717,0.0749509,2.219729,0.30428284,279.2593,441.2317,2664.4526
12.377884,0.26887226,0.19565225,2.2166898,0.30547664,278.07504,441.69064,2665.587
12.3579645,0.28512523,5.9229264E-4,2.2077796,0.29365587,278.26627,450.3236,2659.2568
12.430812,0.896105,-0.35147625,1.9723743,0.2806244,276.027,452.99182,2657.2212
12.661967,0.88543445,-0.46037233,2.003124,0.32045805,285.4492,426.86197,2647.9492
12.6275425,0.20714293,-0.47789606,2.1408184,0.32051143,283.45114,441.27655,2674.3345
12.401376,-0.18459131,-0.6458205,2.1295257,0.31427643,282.82843,447.0573,2668.911
12.2551565,-0.19306527,-0.17691343,2.2221763,0.30636814,281.24545,454.0662,2663.1748
12.311783,-0.4039132,-0.2695222,2.1962838,0.3010616,282.74655,451.84875,2666.1406
12.215166,-0.56245625,-0.31644738,2.1623216,0.29634422,281.67795,451.5515,2664.5383
12.009016,-0.64457744,-0.15190625,2.1375525,0.2887574,283.02557,453.67758,2665.2844
11.999047,-0.55550915,-0.014077112,2.1400344,0.28412205,282.08817,452.68268,2661.824
