14.688537,-0.17389461,0.3068144,2.1261635,0.2750848,-197.46301,560.83545,2296.8357
15.202173,-0.19779533,0.31001723,2.1160724,0.27355364,-195.94724,574.00836,2286.0952
15.143285,-0.17261948,0.2642409,2.1326306,0.27499643,-196.81917,568.4818,2292.088
14.727812,-0.1379629,0.24010478,2.1378338,0.27481896,-198.91713,566.69165,2296.9832
14.336873,-0.12993124,0.2344816,2.1455019,0.27620286,-198.08653,566.47455,2298.359
14.165549,-0.2903819,0.39984742,2.1224418,0.28169695,-199.09654,568.5643,2291.9382
14.083294,0.014512235,0.110031426,2.1921682,0.2838323,-197.6896,567.46063,2296.83
13.775977,0.43532476,-0.1101364,2.0837626,0.2690044,-198.17757,564.4906,2297.479
13.442585,0.33455047,-0.109547496,2.1427517,0.2772865,-193.67058,567.1379,2304.3403
13.311077,0.2538089,0.11474781,2.1877296,0.28542453,-192.719,568.3587,2303.1543
13.315069,0.18918397,0.2938991,2.1241255,0.27311644,-192.2359,563.89435,2300.6233
13.158515,0.090564154,0.8386247,2.0205693,0.28518924,-175.40741,564.50793,2327.9482
12.896764,0.66041756,0.5043761,2.0940144,0.2896729,-179.38225,562.19604,2316.3145
12.77319,-0.1921566,0.9950254,1.9011222,0.28164992,-186.51848,543.7668,2236.9963
12.865139,0.17438251,0.68274,2.0906355,0.28749132,-187.29796,571.25494,2260.7515
12.782531,0.2733915,0.67963,2.0978281,0.29040915,-185.09074,560.20575,2271.4888
12.573466,0.3117834,0.7332998,2.0676854,0.28744835,-183.68045,558.4182,2280.174
12.513523,0.19609378,0.8500962,1.9842448,0.27771878,-179.39365,562.7999,2282.7178
12.644623,0.42687553,0.8496111,1.936412,0.27242348,-174.409,566.17645,2292.1724
12.373077,0.09813295,0.6131592,2.139083,0.29931512,-175.68121,557.68024,2286.1636
12.47275,0.06452946,0.30507103,2.2085207,0.30022722,-174.93604,559.97656,2298.4814
12.979241,0.15186404,-0.08545507,2.2257853,0.30336303,-178.63464,558.13904,2306.8667
13.428024,0.04283062,-0.10606752,2.2278495,0.30125302,-183.72827,557.8139,2310.3975
13.859268,-0.08138192,-0.14133842,2.2242496,0.29891324,-186.77945,555.9076,2312.6917
14.207439,-0.20119786,-0.1457293,2.214216,0.29497117,-192.58589,555.10834,2311.587
14.369206,-0.22702648,-0.09108571,2.2145088,0.2947613,-192.39093,555.81616,2307.317
13.983228,-0.28538567,-0.023776514,2.2069774,0.29308528,-185.98557,568.2855,2305.4006
13.819806,-0.24938604,0.005843851,2.2028759,0.29013148,-194.07945,563.36017,2305.2031
13.820004,-0.28489706,-0.010822387,2.2087371,0.2940221,-190.08328,550.6134,2314.206
13.599484,-0.21930146,-0.028094618,2.1975527,0.28717256,-190.89987,560.61884,2305.4592
13.307152,-0.2289109,0.17094585,2.1635985,0.2806466,-195.44038,558.25696,2292.0474
13.221232,-0.19532052,0.13321635,2.1680274,0.28012154,-194.01892,560.5649,2295.8032
13.268889,-0.2244381,0.15526696,2.1652546,0.28056216,-192.7328,561.8865,2294.1633
13.096801,-0.45814925,0.3064722,2.1225607,0.28389782,-179.75722,561.94916,2284.7256
12.627677,-0.2938114,0.23576514,2.1436195,0.27947006,-194.23944,557.1456,2304.4534
