14.625704,-0.28067127,0.26827982,2.133865,0.2779226,-192.99326,566.7656,2278.6665
14.426962,-0.17677629,0.1984201,2.150308,0.27706367,-192.82372,563.8155,2281.0215
13.804025,-0.17392568,0.20457013,2.1531742,0.2778313,-192.78333,563.6272,2285.2412
13.622973,-0.12326498,0.19278517,2.1644912,0.27937528,-193.01506,561.463,2288.7947
13.545802,-0.19107987,0.093138285,2.2053576,0.29074997,-193.17815,557.55365,2293.4885
13.379671,-0.25638357,0.28964946,2.1896942,0.2975955,-193.22607,558.80884,2303.7864
13.089506,0.08699763,-0.07938813,2.226442,0.2994382,-192.12921,559.6804,2301.0247
12.968952,0.051507436,0.23808707,2.2085128,0.2940148,-179.96858,574.4267,2295.4448
12.651922,0.03735923,0.19192612,2.2157717,0.29542932,-184.4809,568.59534,2298.1846
12.721455,0.27946216,-0.008986353,2.2172418,0.2997175,-178.72707,565.54565,2329.4644
12.663584,0.21416281,0.13057886,2.220375,0.29923663,-192.88751,592.5371,2366.2852
13.169469,0.31060764,0.2534751,2.1999376,0.29597703,-195.40565,590.9581,2357.8606
13.622603,0.37425616,0.3605585,2.178947,0.29508072,-176.16693,571.3103,2318.91
13.995729,0.6924552,0.22680442,1.9231428,0.25720656,-166.83112,570.359,2278.4072
13.934931,0.843544,0.879129,1.8688525,0.28013927,-170.10376,575.0299,2243.089
13.585629,0.02084331,1.5510126,1.3095564,0.25766203,-171.5011,577.4264,2248.8235
13.428127,0.30716944,1.3885837,1.6423107,0.27878043,-173.49854,571.5938,2254.851
13.764461,0.28761894,0.26896238,2.181038,0.28795183,-182.46614,567.36456,2319.1667
14.465331,0.40797803,0.23254447,2.1738372,0.2885307,-154.97618,556.5167,2331.6846
14.75612,0.035274763,0.43951973,2.1860995,0.30717877,-157.98593,548.2961,2316.2449
14.517054,0.10949554,0.10425961,2.217462,0.2935572,-171.13934,574.6548,2304.0137
14.411259,0.09860947,-0.12036156,2.218516,0.2955163,-179.10982,564.7675,2301.7722
14.111947,-0.05200788,-0.12783474,2.2199876,0.2950502,-185.9875,559.3649,2297.9175
14.390951,-0.40951777,0.1526418,2.189852,0.29820034,-190.03468,558.33984,2300.6343
14.331334,-0.531395,0.0764689,2.174613,0.29669374,-191.86858,557.52637,2305.0552
13.988949,-0.5290856,-0.004503055,2.1709008,0.29235086,-196.34932,560.7212,2309.4688
13.859346,-0.47286543,-0.07783665,2.171639,0.2885965,-199.52856,560.8841,2312.2034
14.196344,-0.42860463,-0.093993075,2.163949,0.28428346,-200.03438,558.9428,2314.3196
13.937849,-0.40375838,-0.04222211,2.16641,0.28387737,-198.95863,560.1588,2311.787
13.693684,-0.41336676,-0.021410098,2.1642354,0.28374723,-199.34122,560.9348,2308.2314
13.631003,-0.3499429,0.0687529,2.160436,0.2812973,-201.20676,555.829,2296.0144
13.539598,-0.28866297,0.13735281,2.1626072,0.28119475,-199.72003,552.74036,2292.9307
13.778833,-0.22170216,0.21422057,2.1512923,0.27866533,-199.11899,554.1809,2293.4607
13.244452,-0.15936932,0.18648155,2.1592553,0.27852446,-200.36786,557.77527,2298.0393
