11.859201,0.0,0.0,0.0,0.43301272,275.02234,-943.48584,2793.8298
11.675557,0.0,0.0,0.0,0.43301272,270.50162,-952.036,2784.7314
11.952963,0.0,0.0,0.0,0.43301272,240.58852,-933.97205,2574.389
12.227401,0.0,0.0,0.0,0.43301272,235.8455,-922.5548,2562.794
12.004996,0.0,0.0,0.0,0.43301272,257.58652,-906.9413,2604.954
11.97009,0.0,0.0,0.0,0.43301272,254.60481,-943.8429,2564.0005
11.935417,0.0,0.0,0.0,0.43301272,254.73827,-944.2025,2583.1267
11.948143,0.0,0.0,0.0,0.43301272,257.6907,-937.85803,2598.8235
11.933836,0.0,0.0,0.0,0.43301272,256.9071,-934.7373,2606.7102
12.059485,0.0,0.0,0.0,0.43301272,251.8798,-911.5903,2599.1519
11.988257,0.0,0.0,0.0,0.43301272,248.0071,-902.90137,2608.3904
11.774959,0.0,0.0,0.0,0.43301272,238.34517,-917.2964,2628.274
11.626476,0.0,0.0,0.0,0.43301272,237.21935,-914.14233,2617.897
11.564115,0.0,0.0,0.0,0.43301272,238.09183,-910.0597,2629.9988
11.669067,0.0,0.0,0.0,0.43301272,243.01764,-928.6063,2662.6287
11.785326,0.0,0.0,0.0,0.43301272,242.75511,-919.8425,2662.0488
11.865966,0.0,0.0,0.0,0.43301272,238.88136,-926.652,2546.0144
12.064341,0.0,0.0,0.0,0.43301272,247.14989,-921.72925,2545.6035
12.263529,0.0,0.0,0.0,0.43301272,235.48186,-789.1924,2539.9949
12.501171,0.0,0.0,0.0,0.43301272,242.37474,-873.0912,2597.6003
12.741285,0.0,0.0,0.0,0.43301272,237.47076,-888.90717,2587.1213
