12.948003,0.30844644,1.0071366,-0.39184058,0.4351135,525.9999,469.40234,2610.4604
12.809507,0.45156398,1.1340798,-0.45960674,0.43488386,524.0754,465.48563,2614.5374
12.77886,0.25912958,0.8762223,-0.48204955,0.4380782,520.6244,461.40875,2624.7275
12.771954,0.3515045,0.6595099,-0.6461832,0.44261393,465.22626,460.68304,2627.8877
12.874126,0.7867816,0.5210342,-0.37273687,0.43798533,447.65295,449.54565,2621.3145
12.9526005,0.5046125,0.96292186,-0.14957367,0.4310111,426.02475,443.84958,2638.4795
12.953929,0.41674367,1.2642491,-0.23354767,0.42863753,397.30182,447.536,2643.204
13.077003,0.18739992,1.2233768,-0.58533704,0.43539786,365.60223,466.0507,2661.2212
12.986869,0.22398664,0.99700826,-0.33352816,0.43403372,371.1494,472.0754,2638.4844
13.046934,0.39642754,0.6179417,-0.070415795,0.4324044,357.78363,463.8494,2625.5708
13.305519,0.3062045,0.70482826,0.070833586,0.42877877,350.7438,461.2318,2633.7695
13.407151,0.30221164,0.52649957,0.09907358,0.42938554,353.59222,454.1283,2639.4438
13.48584,0.25133824,0.68915945,0.0804157,0.42867118,352.7488,460.96228,2645.4707
13.110962,0.19868131,0.8383664,0.12034028,0.4263363,363.1696,458.4827,2654.8599
12.9784775,0.43146163,0.9994172,0.06300765,0.4260177,385.37143,446.14764,2639.6848
13.124786,0.39392567,0.9170724,-0.1390056,0.43128332,413.29,446.22086,2636.6616
12.918417,0.35788706,0.87612367,-0.039068688,0.42961037,435.939,447.95663,2636.198
12.88167,0.44169068,1.0436152,-0.32284817,0.4334949,447.84378,450.7182,2635.2227
12.379129,0.27013007,0.79454815,-0.33292794,0.4361731,491.04758,443.81207,2633.6902
12.424206,0.49945572,0.8403596,-0.27170405,0.43463397,512.4026,446.91937,2624.2153
12.472163,0.5882929,1.0627333,-0.24981794,0.43184295,516.02216,448.23032,2621.3962
