12.673082,0.2348778,0.32712772,0.15611373,0.42904562,420.29523,486.6701,2650.1433
12.701517,0.36721173,0.4446649,0.19560885,0.4275921,409.53418,470.75626,2654.35
12.775489,0.12208303,0.6675143,0.15889291,0.4269568,408.1121,473.78262,2652.811
12.9567175,0.17485492,0.704308,0.13337721,0.42729253,414.6658,477.18726,2652.1655
13.133413,0.4120827,0.86533475,0.11382644,0.42636177,446.41632,486.8529,2659.897
13.157726,0.32877082,0.90274984,0.08228402,0.42664784,460.12183,482.54932,2654.7646
13.290509,0.16081294,0.9463537,0.055422243,0.42651537,484.96985,477.6698,2642.085
13.078247,0.34155643,1.0083958,8.2813296E-4,0.4272359,499.4495,471.31207,2645.7915
13.111864,0.39337558,0.96222246,-0.028058847,0.4284563,515.75757,478.89496,2643.587
13.37473,0.3930705,0.97391564,-0.02400421,0.42823303,522.0348,479.8728,2641.6155
13.6451,0.48120105,0.83586013,-0.004723789,0.4292653,523.5362,492.26715,2645.6667
13.895167,0.62011355,0.8049212,0.01831851,0.42890352,522.40906,497.61395,2655.6968
14.2500725,0.7694595,0.860605,0.009931803,0.42831,521.31036,474.05768,2655.2786
13.244148,0.71063066,0.860932,0.007890783,0.42847982,504.5493,460.23544,2655.5715
13.314865,0.65994734,0.8278222,0.005994877,0.42890948,494.4859,475.67407,2659.486
13.134827,0.6145771,0.7885902,0.03389217,0.42870966,484.6169,488.44208,2662.2515
12.85214,0.3587767,0.760205,0.11319734,0.42737347,469.54547,485.24133,2650.5186
12.973099,0.17616959,0.70848334,0.14623155,0.4269648,463.3998,474.6831,2639.2764
12.7790365,0.16618022,0.58230585,0.25717223,0.4253673,456.48962,467.3133,2643.2808
12.824976,0.27188528,0.51765394,0.1769299,0.42769322,443.24265,463.83087,2641.4988
12.535013,0.42882934,0.4538375,0.10215218,0.4295855,416.5999,489.5473,2653.024
