12.448614,0.16944185,0.35081494,0.1692538,0.42867753,402.93976,471.94324,2651.0532
12.79126,0.14272188,0.2979368,0.2029193,0.42810225,385.32077,486.831,2649.1658
13.375933,0.06442488,0.3876067,0.14776492,0.4289589,393.4046,482.3682,2642.777
13.515215,0.16365466,0.375184,0.15510781,0.42889678,407.19302,484.066,2645.6426
13.436334,0.30035907,0.65770644,0.11894092,0.42807505,444.22653,490.86475,2646.4614
13.445114,0.2489252,0.8177958,0.104407236,0.42697078,470.68207,485.23444,2638.4055
13.502142,0.34698182,0.95491546,0.037248686,0.42707995,520.16626,484.57098,2632.9111
13.329319,0.33887374,1.1509793,0.014877614,0.42496216,553.414,474.08936,2625.8228
13.3726845,0.3397319,1.1265166,-0.0032221584,0.42573145,563.60583,471.71906,2624.0251
12.991349,0.55649626,0.86271256,0.043411486,0.42790684,571.63184,465.28174,2631.5369
12.992101,0.51473,0.79195726,0.032035276,0.42883995,559.5304,461.14566,2632.629
12.817401,0.44561347,0.67053795,0.061427306,0.42921308,527.7068,469.35083,2639.12
13.072799,0.38422024,0.6682772,0.05912998,0.42931393,508.71555,473.69885,2640.1396
12.787157,0.27064914,0.42351168,0.111486,0.42964578,477.08722,497.95905,2646.5693
13.138444,0.24599431,0.3417221,0.20569885,0.42786437,460.54648,489.0823,2642.4866
12.965255,0.25829446,0.41266966,0.091153815,0.43014488,463.9998,495.8141,2643.5566
