14.328374,0.033889562,0.9915891,0.0012354581,0.12490444,-119.21627,110.62921,2256.6604
14.09254,0.03271241,0.988995,-0.0040918733,0.14422889,-118.55571,111.18855,2253.0356
14.253599,0.03126015,0.9893576,-0.015876174,0.14121696,-118.98282,116.53221,2255.9397
14.724822,0.038920734,0.99125415,0.011296087,0.1255895,-118.87018,117.93669,2257.623
14.9405,0.05013877,0.9912839,0.015210031,0.120875984,-118.36522,125.25174,2259.0513
15.08205,0.050212514,0.9893813,-0.006737962,0.13622735,-126.2743,123.749054,2264.8909
14.218856,0.03759243,0.98986346,0.013545189,0.13628522,-125.8204,120.96463,2269.2449
14.542151,0.03743788,0.98969674,0.025549065,0.13581625,-128.66891,116.57831,2272.7852
14.829503,0.034667972,0.9874834,0.03482953,0.14987202,-130.61293,116.32904,2270.3435
15.08864,0.030835535,0.9863554,0.034719486,0.15794516,-136.02325,112.48169,2267.8765
15.304619,0.022379734,0.9860903,0.03159635,0.16163763,-138.9248,109.259995,2265.9026
15.315795,0.016145814,0.9862232,0.033044305,0.16127956,-136.01115,110.12891,2264.0144
14.835431,0.020799743,0.98054624,0.03433691,0.19213887,-131.02023,107.1375,2254.9006
14.571557,0.025514767,0.98430973,0.021870675,0.17321959,-117.837326,105.27817,2257.3857
14.574142,0.051700328,0.98536944,0.018691817,0.16132174,-107.9546,104.386246,2261.15
14.431127,0.055421263,0.9841186,0.012945028,0.16814117,-107.557724,105.39365,2261.0115
14.313112,0.053856395,0.9813456,0.009126772,0.18432838,-108.65573,104.68373,2259.728
13.950113,0.051558107,0.9817322,0.007448608,0.182998,-108.49853,103.447205,2261.0376
13.769692,0.053843923,0.9806986,0.0137093235,0.18746531,-110.67229,108.826324,2262.0903
13.806605,0.051492605,0.98164976,0.009776798,0.18334857,-112.12023,108.9996,2262.9082
13.560415,0.052317247,0.98214597,0.014971232,0.18007778,-111.62374,109.68794,2262.4783
13.355248,0.052064005,0.9825145,0.013645141,0.17823705,-111.09504,109.22394,2261.26
14.062063,0.052826844,0.981602,0.017705906,0.18262875,-110.96604,110.24219,2258.1592
14.39195,0.053201262,0.98027086,0.01426695,0.18982932,-110.871765,109.44574,2258.273
14.16137,0.054359008,0.97991836,0.015082999,0.19125253,-110.545815,108.84239,2258.2551
13.782574,0.05476507,0.9794367,0.013645118,0.19369671,-110.31578,109.506195,2259.603
13.36598,0.05510637,0.9815488,0.017960662,0.18221574,-115.145256,109.80353,2263.2979
13.170697,0.045658406,0.98314315,0.021566145,0.1757265,-117.73467,110.40971,2264.1968
13.14691,0.040799856,0.98384106,0.026407575,0.17232232,-118.30524,109.67317,2263.9248
12.7619505,0.0466096,0.9842156,0.02664137,0.16863382,-118.9886,109.089096,2263.8872
12.7544775,0.04570197,0.9838766,0.02922221,0.17042331,-120.38755,102.96344,2262.8992
12.940706,0.036325824,0.98177075,0.021513978,0.18532065,-130.07085,100.06702,2259.2617
12.952409,0.02837945,0.9821856,0.01737119,0.18494387,-133.76265,101.085434,2258.6016
12.956415,0.022951705,0.9821508,0.011917822,0.18630871,-135.47499,101.25816,2259.2651
