16.802963,-0.0464977,-0.280666,0.31053513,0.4256078,53.95565,94.90115,2221.41
16.88377,-0.05615878,-0.34652612,0.29110536,0.425822,56.144142,97.38757,2225.4958
16.99531,0.09530552,-0.50431496,0.29887477,0.42451236,52.838936,88.71953,2237.0413
17.083044,0.016223883,-0.43830863,0.2802337,0.4255348,54.866432,94.474686,2231.4272
17.085836,0.0013078544,-0.43234906,0.28257686,0.42553505,54.75192,94.57123,2230.7861
17.031523,-0.00787307,-0.34682855,0.29336178,0.42572257,53.58069,90.597,2229.0127
17.17615,-0.020724693,-0.3005434,0.30823767,0.42557135,52.4816,89.47809,2227.6174
17.246725,0.0049553216,-0.3195361,0.30946165,0.42544115,53.316376,89.35744,2226.584
17.190731,-0.0068289363,-0.4122795,0.37278277,0.42345843,45.45384,106.14487,2225.8752
17.267702,0.008098541,-0.5426528,0.35771996,0.42297214,50.45673,93.59238,2229.835
17.298935,0.020749586,-0.40774286,0.46198487,0.42117733,36.35508,95.2298,2228.9402
17.342463,-0.0031682868,-0.3415959,0.40163103,0.42308798,46.61385,93.98901,2226.7656
17.367373,0.17183661,-0.3136593,0.49569353,0.4205071,28.725586,108.92012,2244.4573
16.838406,0.08546827,-0.378302,0.40371302,0.42272183,45.053543,107.05295,2237.5312
17.003353,0.06158223,-0.4779769,0.38182807,0.42271844,47.723557,107.07312,2234.8167
17.085716,0.082574055,-0.48933014,0.40997073,0.42188394,44.408066,103.92206,2232.3472
16.939342,0.038208194,-0.39234632,0.3994567,0.42283413,45.361,106.977264,2229.243
16.520359,0.029238645,-0.28874642,0.37602407,0.42391422,48.126633,108.52785,2227.5735
16.19773,0.03234675,-0.36593693,0.37734264,0.4235337,48.931667,108.61679,2230.33
15.6665125,0.023940315,-0.36586264,0.37903368,0.42350382,49.539387,108.48395,2230.624
15.8340645,0.010600936,-0.31459776,0.37018132,0.42397487,49.469315,115.09215,2228.2551
15.620879,-0.007974806,-0.25964853,0.36521247,0.4243239,48.26201,113.98537,2226.3481
15.976095,-0.0028120892,-0.34316242,0.35252443,0.42430022,50.103867,111.48508,2228.421
16.254976,0.013725304,-0.35626617,0.33567265,0.42463237,50.486725,111.44884,2228.703
