12.897674,0.010190415,0.588179,-0.13545094,0.43370202,-150.64902,124.422165,2255.023
12.950614,0.044456955,0.56672466,-0.1328774,0.4338537,-150.2668,126.06285,2256.3877
12.771247,0.06170437,0.54349625,-0.11591306,0.4336898,-148.90338,127.481766,2256.504
12.468568,0.035451133,0.56123453,-0.12513502,0.4337225,-152.3586,133.23515,2255.9211
12.186995,0.034759276,0.5594924,-0.09249639,0.43307382,-153.82033,137.92784,2253.09
12.286994,0.016172135,0.5667464,-0.09448687,0.433036,-151.8801,140.467,2252.895
12.21855,0.007789607,0.64373493,-0.10979892,0.43276215,-145.52806,136.32088,2251.7786
11.430215,0.044326425,0.638219,-0.17074737,0.43409112,-140.23628,137.80887,2248.3125
11.599569,0.021617655,0.6452975,-0.19555615,0.43448454,-140.34534,135.79202,2247.7778
11.688165,0.026451482,0.69103384,-0.20324884,0.43427455,-134.41797,137.36073,2248.6423
11.524967,0.002584492,0.62500167,-0.273585,0.43610305,-131.17995,140.43777,2246.2595
11.61757,0.019819709,0.61404437,-0.27510348,0.4362431,-131.00114,141.3131,2246.6018
11.786268,0.02568366,0.61755675,-0.2536494,0.43582132,-131.25409,141.08138,2247.8704
11.584364,0.009210457,0.48667058,-0.28610805,0.4372585,-130.05914,134.53029,2245.5706
11.60479,-0.013261216,0.48322296,-0.28875524,0.43729535,-130.57803,132.09834,2246.0015
11.767073,-0.015542809,0.5235932,-0.2768981,0.43682918,-130.33406,137.05388,2246.9072
11.780535,-0.0033215983,0.56184447,-0.28884012,0.43682575,-139.17154,133.7351,2249.506
11.638837,0.03863615,0.63608843,-0.20520216,0.43477312,-139.46213,138.31151,2252.8916
11.766613,0.05437615,0.65188503,-0.19868319,0.43455082,-137.62187,138.99551,2253.808
11.872952,0.042231508,0.75763756,-0.22022381,0.4340517,-137.76631,137.56062,2253.4507
11.667101,0.022855598,0.6679215,-0.23241355,0.43502307,-135.96928,136.6922,2250.1428
11.546145,0.021215566,0.6341077,-0.22371355,0.4351167,-131.779,135.02098,2246.6648
12.184543,0.029651329,0.5276243,-0.29248726,0.437163,-127.68007,121.55298,2248.9785
13.177951,0.022666607,0.5646912,-0.2764002,0.4366156,-129.65012,118.38141,2249.6636
13.960736,-0.0071187946,0.6000099,-0.21129347,0.4350789,-150.63467,141.02554,2251.997
14.319232,-0.018650852,0.5921959,-0.11769114,0.43326378,-153.88745,143.23972,2250.7207
13.756893,0.033939663,0.57631516,-0.060954046,0.43231034,-156.36569,142.95724,2250.4463
