30.231789,0.05086766,0.9103157,-0.14376318,0.43096367,451.4889,792.7825,2641.8464
27.790054,0.1196215,0.90499914,-0.1336139,0.4309753,451.95505,795.7451,2650.821
25.543678,0.14383575,0.8894985,-0.12978582,0.43111655,450.44272,797.735,2655.3079
23.986423,0.18810062,0.96386814,-0.12758265,0.43030214,449.27338,796.50916,2659.0525
22.477594,0.121975504,0.9753385,-0.11618192,0.429789,446.86057,794.6651,2650.4211
20.715824,0.16945744,1.5974798,-0.17206837,0.4198347,446.63763,794.6277,2644.2666
19.57823,0.21475928,1.9361306,-0.18496752,0.40977657,447.39047,790.6942,2642.7063
18.542051,0.22614577,2.1227608,-0.17695333,0.4012434,447.12338,791.6726,2642.7664
17.683228,0.14718956,1.6924134,-0.2441145,0.41880557,447.08292,789.8419,2642.653
16.471148,0.1707612,1.2006173,-0.23375684,0.42916209,449.47333,793.80023,2655.7666
15.82438,0.1724405,1.0624287,-0.22240889,0.43095058,449.01633,792.35754,2659.2942
15.677406,0.1641814,0.9696035,-0.16311142,0.4309163,448.02502,791.8871,2660.5945
15.736975,0.15575224,0.9408816,-0.13396998,0.43064412,447.64212,790.629,2660.2002
15.831924,0.1514412,0.927443,-0.12383922,0.43058276,446.9078,789.3961,2660.4998
15.705954,0.14609724,0.91744095,-0.11306394,0.4304641,446.696,791.25916,2659.646
14.648255,0.07127383,0.9355321,-0.1074824,0.4299697,445.46725,790.07086,2650.2173
14.230758,0.041852646,0.9388957,-0.112366006,0.4299539,444.96176,788.80664,2645.5007
14.02629,0.02851112,0.9219526,-0.109372795,0.4300584,445.71814,788.8392,2643.1458
