9.678712,0.17588294,0.6202966,-0.07944254,0.43254793,474.6171,850.0607,2511.3853
9.53371,0.09994768,0.6840027,-0.118310235,0.4327674,472.42816,850.6325,2511.0146
9.571783,0.14158778,0.659576,-0.06670932,0.43195987,471.38492,850.9392,2510.7136
9.578039,0.15327717,0.7336134,-0.108723976,0.43222842,471.08627,851.4979,2510.388
9.549973,0.21284637,0.9881836,-0.04592553,0.42832783,471.11734,851.5094,2510.0027
9.539756,0.18227772,0.7389243,0.11634662,0.4273805,469.60333,853.0963,2505.528
9.7630205,0.14908288,0.8564119,0.05910152,0.427447,469.32376,854.0531,2504.5232
9.747742,-0.59451973,0.85498875,-0.15199287,0.42881617,471.526,848.889,2501.5696
9.746123,-0.4087384,1.1480114,-0.12876044,0.42505226,472.02435,843.64325,2501.2598
9.775597,-0.47735983,1.3609409,0.05187028,0.41581783,471.0554,840.63696,2498.9246
9.712074,-0.10685967,1.256237,0.15438052,0.41830027,470.7779,842.9069,2499.998
9.723448,-0.022216452,1.1008338,0.11128707,0.42251658,470.52515,843.4093,2500.2202
9.744073,0.03843795,1.2108738,0.08611486,0.42151177,470.55634,843.1494,2500.2734
9.671186,0.016122513,1.1961961,-0.013712553,0.42399845,470.26447,842.00745,2499.517
9.670247,0.22962575,1.313793,-0.09459164,0.4244637,469.8347,841.8927,2498.8875
9.718793,0.21737072,1.2102641,-0.103025466,0.42639765,470.14038,841.1727,2499.1638
9.684787,1.0516979,-0.6661101,0.6166691,0.40767458,471.52225,836.5155,2499.832
9.450162,0.6704183,-0.10669848,0.4291356,0.42132056,471.62305,837.6577,2499.8657
9.306901,0.39304024,-0.07235237,0.37446007,0.42389393,472.1999,837.9446,2499.8076
9.257016,0.28593332,0.37409395,0.2616748,0.42641827,473.61652,837.4264,2501.3872
9.133053,0.23603275,0.56923145,0.17232886,0.42747566,473.77637,838.82983,2502.5183
9.182704,0.11818324,0.458569,0.057253584,0.43063483,473.618,840.82996,2502.4275
9.104162,0.04291209,0.29840714,-0.01761518,0.432875,473.2322,841.4177,2502.0312
