9.82041,-0.024955358,1.6677052,-2.3035862,0.3650867,671.97644,293.225,2443.4253
9.698084,0.1724041,1.6908491,-2.2864413,0.3666158,668.7504,281.14844,2435.9524
9.712901,0.28421405,1.6999619,-2.1459172,0.35864913,675.0935,308.07608,2456.0222
9.580605,0.84610605,1.6908491,-1.9590194,0.3611209,662.484,291.6933,2492.3135
9.189318,0.852382,1.4233422,-1.2201695,0.31614277,668.27216,294.01785,2477.9827
9.20308,0.76990694,0.9803043,-0.59209347,0.2824217,638.9988,296.60376,2423.3784
9.221948,1.1364435,1.2304457,-0.9822471,0.32301024,634.4052,389.2386,2670.0588
9.199863,1.043571,1.2859647,-0.33428326,0.28445455,655.06177,361.04077,2547.7864
9.222603,0.9132517,1.2005877,-0.20310453,0.26695764,655.55096,351.5973,2559.0
9.11885,0.6098056,0.74051934,-0.010452414,0.28223914,661.08997,336.8078,2517.765
9.162354,0.620418,0.7479422,-0.035202973,0.23329112,675.087,324.47818,2517.7673
9.185448,0.12836577,0.1155097,-0.020327944,0.2635239,588.9111,314.27612,2405.192
9.197242,0.30148548,0.8030108,-0.5080144,0.0787497,662.24866,364.2083,2434.3044
9.209995,0.7646809,1.1850525,-0.73769575,0.28275222,661.14606,333.58807,2404.369
9.314909,0.8024271,1.2393298,-0.9613038,0.29918715,630.48175,320.95874,2354.1692
9.403139,0.008183775,0.7848525,-0.5620781,0.26078296,636.18384,324.54398,2362.624
9.451322,0.61431813,1.6762625,-1.8282235,0.34520832,652.68414,312.0265,2385.5955
9.769822,0.1488746,1.133699,-1.1067467,0.26536578,647.1867,293.5363,2421.6746
9.880532,0.32164767,1.503474,-1.7814225,0.33064944,649.0728,263.53702,2432.774
9.914575,0.38271865,1.6567299,-2.100437,0.35658535,650.3113,270.81137,2425.7847
