30.231789,0.83090556,0.9462874,-0.03936102,0.42841625,296.25558,-349.01553,2636.9321
27.790054,0.82934093,0.942801,-0.03779254,0.42842126,298.77158,-345.8919,2635.4155
25.543678,0.84863913,0.9233675,-0.041478854,0.4286389,297.73157,-344.55994,2639.5173
23.986423,0.8074164,1.0011051,-0.043698747,0.42799392,296.87314,-345.19238,2637.1082
22.477594,0.7887424,1.0149026,-0.040013324,0.42780262,298.41193,-347.84915,2637.8496
20.715824,0.84569794,1.577881,0.06467602,0.41582128,293.00406,-346.46902,2662.887
19.57823,0.77853686,1.9304363,0.09770374,0.40419063,300.10074,-348.16797,2643.0974
18.542051,0.6975233,2.1123207,0.12758332,0.3947116,303.56766,-346.73956,2643.8103
17.683228,0.7108302,1.7195896,0.052041404,0.41251764,285.83893,-343.69745,2618.2139
16.471148,0.7771023,1.2609532,-0.03164103,0.4243528,301.87192,-341.35135,2628.2375
15.82438,0.8334869,1.1307013,-0.073105596,0.42702705,303.2233,-343.32385,2633.366
15.677406,0.81626326,1.0415167,-0.071728006,0.4281245,311.4415,-346.4462,2632.5613
15.736975,0.8133309,0.99506927,-0.058027808,0.4283543,305.75327,-349.41238,2637.3247
15.831924,0.7620415,0.98241836,-0.06557147,0.4287619,304.64578,-351.2998,2632.6433
15.705954,0.8445031,0.95225793,-0.04524924,0.4284476,301.74573,-350.34622,2640.2175
14.648255,0.8761675,0.9596388,-0.050788295,0.42840487,300.48425,-351.58386,2646.6226
14.230758,0.8776028,0.9634178,-0.053763114,0.42842644,299.2718,-353.50574,2640.325
14.02629,0.86544853,0.94560295,-0.044353448,0.42843714,298.8275,-353.89566,2637.9338
