8.456881,0.8183591,0.5307673,-0.0073816613,0.43068215,384.7314,-320.5875,2432.2063
8.258694,0.8106983,0.5230801,0.009439416,0.43038255,382.7629,-319.88934,2433.8938
8.547738,0.83487535,0.4853224,-0.002724587,0.43069732,382.8677,-322.19977,2438.5664
8.728942,0.77903455,0.517908,-0.0013272004,0.43074313,378.87552,-317.43634,2429.0383
9.039493,0.8127776,0.5017379,-0.0063948706,0.43079728,384.2501,-314.36212,2433.7903
9.128178,0.87501943,0.52441007,5.396235E-4,0.4303244,384.01154,-315.0666,2446.2378
9.270683,0.87493765,0.535426,-0.0036351553,0.43036962,384.68674,-317.15137,2441.3218
9.685344,0.87284744,0.5436452,-0.0067428076,0.4304101,384.93558,-317.87952,2440.8804
9.805238,0.8568758,0.54399097,-0.007373663,0.43048385,385.47498,-317.03363,2437.2327
9.915249,0.8496103,0.56754875,6.0013647E-4,0.4302369,385.43964,-320.03415,2441.648
10.250135,0.8476821,0.5551135,-0.0220207,0.43078122,381.30624,-316.05566,2433.4583
10.28369,0.85523355,0.5647636,-0.01317682,0.4305224,383.03204,-319.03796,2439.3467
10.284126,0.8275723,0.6019622,0.003448908,0.430088,379.31232,-315.13934,2431.2937
10.3412895,0.8363711,0.5665616,0.0041433186,0.4302141,378.2293,-311.74615,2432.834
10.160656,0.83840805,0.7150713,-1.5596957E-4,0.4294658,379.56436,-311.4214,2444.814
10.3076105,0.81872183,0.95277494,0.036853325,0.426709,386.01642,-315.46387,2444.2554
10.565291,0.7923853,0.97735786,0.032470673,0.4266113,386.0529,-315.2569,2438.5596
10.80799,0.8276761,0.98897827,0.02840229,0.4264929,387.36096,-316.60175,2436.7415
10.709697,0.7869494,0.8765626,0.04293644,0.42739543,384.18277,-313.0395,2427.1438
10.745928,0.7993885,0.7751174,0.013646863,0.42885786,387.46732,-313.0468,2428.815
11.030449,0.8174413,0.71855915,-0.018133743,0.4298943,389.84445,-315.82764,2435.9019
10.9719,0.8189666,0.66448915,-0.027013607,0.43042055,389.7566,-315.58514,2435.226
11.108788,0.81217885,0.6203969,-0.016448988,0.43046802,387.5701,-314.56128,2434.151
11.179692,0.8210242,0.63881063,-0.0045821345,0.43008453,387.30408,-318.45593,2439.6091
11.013656,0.838907,0.5890526,-0.014486874,0.4304956,386.19626,-318.88165,2433.0725
10.967152,0.8636184,0.5670342,-0.017640783,0.4305754,387.6363,-320.75018,2439.0588
10.915215,0.8289539,0.5559481,0.0016299699,0.43034294,387.0161,-322.3705,2435.4285
