13.007779,0.0,0.0,0.0,0.43301272,548.791,-20.849396,2300.4507
13.012164,0.0,0.0,0.0,0.43301272,532.1443,-41.526703,2314.9216
12.78146,0.0,0.0,0.0,0.43301272,520.58496,-48.31775,2327.947
12.556294,0.0,0.0,0.0,0.43301272,505.63745,-60.514923,2350.7117
12.553302,0.0,0.0,0.0,0.43301272,502.72073,-44.97937,2344.6196
12.634577,0.0,0.0,0.0,0.43301272,492.56766,-57.98166,2338.236
12.290161,0.0,0.0,0.0,0.43301272,500.56763,-52.171112,2318.3723
12.137663,0.0,0.0,0.0,0.43301272,502.7294,-18.090698,2281.516
12.134002,0.0,0.0,0.0,0.43301272,495.86972,24.355194,2192.4785
12.295645,0.0,0.0,0.0,0.43301272,500.6262,83.45372,2157.457
12.210624,0.0,0.0,0.0,0.43301272,498.62396,157.14908,2138.738
12.0682955,0.0,0.0,0.0,0.43301272,358.51233,297.08386,2233.1462
12.078661,0.0,0.0,0.0,0.43301272,490.87796,365.62338,2140.5288
12.24273,0.0,0.0,0.0,0.43301272,502.34082,417.4245,2172.1252
12.165752,0.0,0.0,0.0,0.43301272,464.17487,-60.51718,2384.4717
12.00271,0.0,0.0,0.0,0.43301272,486.59894,302.1716,2310.986
11.95031,0.0,0.0,0.0,0.43301272,515.94025,620.7803,2272.0503
11.9294,0.0,0.0,0.0,0.43301272,522.0654,639.81506,2318.6614
12.04429,0.0,0.0,0.0,0.43301272,518.3582,654.15625,2337.5596
11.92879,0.0,0.0,0.0,0.43301272,519.6294,660.21344,2338.4043
11.811088,0.0,0.0,0.0,0.43301272,521.3839,647.52704,2349.8787
12.270702,0.0,0.0,0.0,0.43301272,520.9489,646.4299,2317.6406
12.334193,0.0,0.0,0.0,0.43301272,525.2401,603.5357,2338.7065
12.17133,0.0,0.0,0.0,0.43301272,514.69916,608.26794,2290.1704
12.1278515,0.0,0.0,0.0,0.43301272,508.82605,559.4146,2254.512
12.247973,0.0,0.0,0.0,0.43301272,496.22977,530.8338,2207.4944
11.860847,0.0,0.0,0.0,0.43301272,509.6823,527.97644,2324.0603
11.908736,0.0,0.0,0.0,0.43301272,485.2315,358.3812,2161.0376
11.784997,0.0,0.0,0.0,0.43301272,484.8997,262.45657,2138.81
11.75707,0.0,0.0,0.0,0.43301272,428.9161,87.15512,2317.7837
11.896763,0.0,0.0,0.0,0.43301272,476.73654,128.08662,2138.1238
11.9538555,0.0,0.0,0.0,0.43301272,490.1112,83.930756,2155.4622
11.822566,0.0,0.0,0.0,0.43301272,491.7471,17.18608,2191.5918
12.284728,0.0,0.0,0.0,0.43301272,503.15625,-14.799469,2226.6943
13.074483,0.0,0.0,0.0,0.43301272,512.9336,-54.26645,2277.4714
13.37418,0.0,0.0,0.0,0.43301272,517.8639,-67.552,2308.497
