10.829366,0.0,0.0,0.0,0.43301272,325.9037,15.491211,2344.1064
10.7316,0.0,0.0,0.0,0.43301272,317.71695,13.782654,2357.7383
10.555566,0.0,0.0,0.0,0.43301272,315.6925,17.926178,2359.9348
10.487847,0.0,0.0,0.0,0.43301272,320.70688,26.682404,2355.417
10.318329,0.0,0.0,0.0,0.43301272,340.66586,28.092987,2348.1318
9.989501,0.0,0.0,0.0,0.43301272,357.22336,68.60846,2326.733
9.998135,0.0,0.0,0.0,0.43301272,376.07266,123.84161,2306.1482
9.77358,0.0,0.0,0.0,0.43301272,389.75638,192.62566,2299.5315
9.747101,0.0,0.0,0.0,0.43301272,393.40356,258.26297,2292.7527
9.709855,0.0,0.0,0.0,0.43301272,396.60263,324.80573,2286.805
9.782463,0.0,0.0,0.0,0.43301272,404.17358,384.7988,2282.4878
9.66591,0.0,0.0,0.0,0.43301272,409.4921,441.25797,2281.7498
9.757167,0.0,0.0,0.0,0.43301272,412.96094,499.76093,2291.0735
9.834472,0.0,0.0,0.0,0.43301272,406.3203,555.2011,2314.8777
9.833384,0.0,0.0,0.0,0.43301272,390.4371,592.9279,2321.642
9.53931,0.0,0.0,0.0,0.43301272,371.03217,626.5852,2336.581
9.495871,0.0,0.0,0.0,0.43301272,350.80557,642.62366,2345.717
9.468705,0.0,0.0,0.0,0.43301272,344.4566,641.2136,2349.897
9.432413,0.0,0.0,0.0,0.43301272,346.3498,631.99585,2343.4827
9.450533,0.0,0.0,0.0,0.43301272,354.07367,618.91705,2323.3762
9.393434,0.0,0.0,0.0,0.43301272,353.69266,538.564,2335.2336
9.43628,0.0,0.0,0.0,0.43301272,358.43808,470.31805,2333.578
9.335113,0.0,0.0,0.0,0.43301272,374.08252,419.5357,2313.816
9.292533,0.0,0.0,0.0,0.43301272,394.8882,308.60522,2250.5247
9.336849,0.0,0.0,0.0,0.43301272,403.46674,255.34317,2242.9202
9.217453,0.0,0.0,0.0,0.43301272,408.35843,202.68399,2244.395
9.105728,0.0,0.0,0.0,0.43301272,407.25018,148.04337,2226.18
8.969883,0.0,0.0,0.0,0.43301272,393.2704,85.49371,2237.0159
8.736944,0.0,0.0,0.0,0.43301272,372.38434,23.394363,2260.5037
8.566645,0.0,0.0,0.0,0.43301272,359.886,6.3559265,2292.8567
8.4896,0.0,0.0,0.0,0.43301272,362.67102,-11.496338,2309.2224
