14.375062,0.0,0.0,0.0,0.43301272,759.43225,-34.030823,2122.7776
13.925457,0.0,0.0,0.0,0.43301272,739.6241,10.105667,2083.626
13.825148,0.0,0.0,0.0,0.43301272,715.669,35.686386,2022.477
13.741172,0.0,0.0,0.0,0.43301272,697.00006,89.247116,1947.4767
13.574012,0.0,0.0,0.0,0.43301272,708.9842,251.27988,1971.3851
13.567701,0.0,0.0,0.0,0.43301272,703.77264,348.26355,1989.4852
13.569965,0.0,0.0,0.0,0.43301272,717.28394,380.97046,2006.0992
13.455636,0.0,0.0,0.0,0.43301272,725.88586,429.05737,2026.864
13.043192,0.0,0.0,0.0,0.43301272,751.6967,542.115,2095.4768
13.068522,0.0,0.0,0.0,0.43301272,757.8639,586.4475,2102.8271
12.977784,0.0,0.0,0.0,0.43301272,764.89453,609.08954,2154.989
12.649147,0.0,0.0,0.0,0.43301272,765.44855,643.08594,2199.4626
12.726292,0.0,0.0,0.0,0.43301272,760.8553,650.3319,2177.4014
12.669921,0.0,0.0,0.0,0.43301272,762.9274,624.0458,2236.386
12.35765,0.0,0.0,0.0,0.43301272,746.151,586.79126,2135.7717
12.399975,0.0,0.0,0.0,0.43301272,723.3164,529.43506,2080.7168
12.47004,0.0,0.0,0.0,0.43301272,775.4252,548.9105,2248.0193
12.26486,0.0,0.0,0.0,0.43301272,706.73254,332.11588,2018.0242
11.939013,0.0,0.0,0.0,0.43301272,680.82294,281.4172,2162.3845
12.358145,0.0,0.0,0.0,0.43301272,726.1006,19.770798,2052.4382
12.633468,0.0,0.0,0.0,0.43301272,744.1798,-25.753754,2102.2578
12.654318,0.0,0.0,0.0,0.43301272,754.1482,-29.565155,2118.1396
12.364373,0.0,0.0,0.0,0.43301272,764.30426,-63.849457,2159.2395
12.348964,0.0,0.0,0.0,0.43301272,766.3675,-65.48306,2152.44
