12.659359,0.11622028,0.63494086,-3.4004412,0.4331062,801.7316,549.19495,2393.9836
12.616679,0.26514027,0.5873171,-3.3915663,0.43156847,809.3862,543.5641,2396.493
12.417392,0.29933172,0.60423136,-3.3299806,0.4255568,821.7352,543.63165,2396.2302
12.288939,0.32485327,0.54069006,-3.3475273,0.4265523,818.8903,544.58795,2399.005
12.202189,0.19548942,0.6336762,-3.3472455,0.42687607,815.0304,554.3826,2396.3948
12.2530365,0.1939923,0.6509809,-3.3380969,0.4262479,814.3636,543.3122,2390.1147
12.259964,-0.15776028,0.66298074,-3.3913953,0.43349117,786.2803,490.2721,2349.784
12.092449,-0.15645862,0.7196994,-3.3577063,0.4299214,794.63794,515.21014,2372.584
11.923128,-0.06518633,0.66784483,-3.374008,0.4300938,795.0575,520.6362,2376.694
11.964384,0.10733905,0.6110961,-3.3385477,0.42522952,800.8733,530.8866,2385.2488
12.403073,-0.59450006,-0.08618151,-3.4009812,0.4488614,793.5508,552.9707,2380.143
12.419199,-0.045106925,0.35649455,-3.4747803,0.43931943,776.32245,544.6337,2373.4175
12.462831,0.48015428,0.15832552,-3.4624233,0.44045314,770.14496,541.7529,2413.47
12.501359,0.85271186,-0.07690437,-3.37687,0.43974334,749.1439,572.4386,2406.2864
12.490292,1.3372034,2.4346735,-1.0411712,0.37651965,784.1911,568.72,2437.9128
12.584042,1.5789392,2.0951066,-1.4599644,0.37664348,797.71893,569.5758,2452.438
12.373003,1.0561222,1.1858346,-3.0132196,0.42597052,803.92554,564.7273,2461.3765
12.074633,1.022479,0.954949,-3.15838,0.4337966,797.6751,551.8999,2446.777
11.801244,0.19938122,0.35680008,-3.420565,0.43069762,784.1118,529.4978,2409.5754
11.739655,0.44545075,0.7445143,-3.3543084,0.4340053,776.5385,530.37317,2446.3071
11.617121,-0.104974516,0.6394486,-3.4134302,0.4396916,776.2554,548.1926,2405.189
11.99942,-0.36981326,0.97043914,-3.2612133,0.43169722,776.8538,560.81635,2402.1643
11.859029,-0.38488296,1.1473649,-3.1217208,0.4186424,803.22614,561.8678,2412.9512
11.93165,-0.9489323,1.5313203,-2.3118842,0.3687944,806.98346,549.4494,2405.2043
12.3279,-0.1037554,0.88493985,-3.282676,0.42518264,805.2415,541.8382,2400.051
12.167351,-0.16874968,0.7910834,-3.3237488,0.4276691,796.59656,531.1955,2392.3271
12.195292,-0.075203456,0.8414329,-3.3017297,0.42601177,800.22034,533.0319,2404.7937
12.859281,0.0010497747,0.86163485,-3.2791646,0.4239432,804.8235,539.47864,2400.6526
12.899235,0.03909953,0.928929,-3.2474658,0.42244405,805.97955,530.84155,2398.2617
12.603678,0.225702,0.6968779,-3.3477786,0.42840374,809.5507,531.09375,2413.7917
12.980233,0.14186482,0.77954185,-3.323664,0.42712498,807.9407,534.83655,2407.2498
