14.287127,0.30625436,-0.2199408,2.0451021,0.2611052,285.1825,570.502,2689.0095
14.373821,0.30545667,-0.21712679,2.0340033,0.25938365,284.79724,570.8405,2689.5042
13.981275,0.3355478,-0.25520507,2.0302103,0.26026368,285.58533,570.8007,2688.672
13.776669,0.39903703,-0.3252687,2.0298064,0.2637325,285.4081,573.8257,2689.013
13.419363,0.5006967,-0.4186687,2.0038457,0.26643038,284.9436,571.5584,2690.9304
13.321241,0.5993673,-0.47379676,1.9745399,0.2684085,284.20554,573.1693,2692.8594
12.969507,0.72324747,-0.48753455,1.9350952,0.26908475,283.64325,575.3684,2694.5442
13.043101,0.7753479,-0.4010766,1.9350024,0.26806092,283.0787,576.5626,2697.0354
12.843152,0.84099126,-0.43289998,1.9018195,0.2682363,282.873,576.29175,2697.9854
12.69458,0.88922054,-0.4613648,1.8728878,0.26823133,281.80914,576.4426,2698.0278
13.36411,0.9585255,-0.43541154,1.8583077,0.26959553,281.1729,575.0144,2696.963
13.818224,0.92422163,-0.37950292,1.8765082,0.2676392,280.81244,575.6418,2697.573
14.038982,0.90566677,-0.3003808,1.920332,0.27016878,282.5682,575.2621,2698.552
13.721035,0.9128818,-0.24878302,1.9332643,0.27107087,283.55695,573.7356,2699.5972
13.279655,0.9147387,-0.20556171,1.9402236,0.27114835,285.51624,575.187,2702.036
12.978021,0.898318,-0.21218102,1.949938,0.27172795,287.30405,573.6697,2702.996
12.701317,0.8665436,-0.32944354,1.8963615,0.26514533,287.37048,577.90576,2704.6467
12.845519,0.8105161,-0.36247835,1.8924791,0.26240396,288.2837,579.19604,2705.1565
12.22233,0.812295,-0.3768275,1.8650177,0.25927645,289.86478,577.6089,2707.5435
12.596446,0.8072622,-0.45936972,1.8528132,0.26027966,288.95786,574.9226,2704.5964
13.0719385,0.7060546,-0.51707464,1.8803309,0.2611559,288.18265,576.9999,2702.971
13.269804,0.6047167,-0.37489226,1.9504138,0.2608213,284.9842,574.9753,2694.4812
13.176352,0.5338281,-0.34267503,1.977636,0.2609006,282.4924,573.7887,2691.4922
12.820269,0.44640848,-0.25878906,2.0164518,0.261373,281.525,572.2393,2689.0596
12.779601,0.41424525,-0.15896088,2.0386178,0.2618375,281.96585,571.2691,2693.2532
12.818537,0.38534918,-0.09810595,2.0415015,0.26075035,281.36932,572.01404,2695.3018
12.814903,0.36446023,-0.06802826,2.034448,0.2589856,280.94327,571.17377,2695.8257
12.966475,0.34573394,-0.052513033,2.0286725,0.25766045,280.12628,569.8796,2696.1433
13.256856,0.3268331,-0.034029752,2.0283856,0.25713453,279.64267,570.6319,2696.2805
