30.231789,-0.8719699,1.4521437,-2.557828,0.38463905,599.05804,563.68994,2596.6558
27.790054,-0.7119206,1.6093379,-2.4965327,0.38237163,599.6995,568.15857,2601.3018
25.543678,-0.5138905,1.778165,-2.4033475,0.37937933,598.4507,570.2887,2604.9038
23.986423,-0.34425765,1.9462104,-2.2436872,0.37377813,595.8731,570.3924,2602.255
22.477594,-0.106683925,2.1109383,-2.0483267,0.36792225,594.64307,568.28217,2597.2444
20.715824,-0.51305974,0.5509665,0.3940821,0.5271668,572.33685,567.829,2560.0112
19.57823,-1.631128,1.7516416,-0.15304185,0.30927235,560.2653,564.02014,2536.4062
18.542051,-1.7270482,1.8546487,-0.9627576,0.36701918,549.92316,565.84656,2524.3745
17.683228,-1.3108938,2.092525,-0.70190084,0.33725268,565.5275,560.98145,2556.537
16.471148,-0.36767223,2.211758,-2.0208778,0.39353052,583.3523,564.18176,2590.7397
15.82438,-0.058953825,2.0584984,-2.3928342,0.40475792,586.9807,562.9268,2600.2322
15.677406,0.1629942,1.8990364,-2.6181684,0.40946987,591.92084,564.29724,2605.6074
15.736975,0.27988264,1.753008,-2.7576156,0.41173425,594.2257,563.74677,2606.7126
15.831924,0.41345263,1.2722698,-3.0473971,0.4163314,594.58966,563.97485,2607.841
15.705954,0.30146545,1.1795683,-3.10431,0.41726875,595.34644,566.1625,2607.6777
14.648255,0.18171816,1.1433272,-3.1321876,0.41777638,594.9351,565.5881,2602.1863
14.230758,0.035973992,1.0867205,-3.1680584,0.41890398,594.34094,563.75085,2599.2637
14.02629,-0.04187058,1.0015922,-3.2039733,0.4199196,595.63184,563.0673,2598.5332
