8.748329,0.0,0.0,0.0,0.43301272,376.1345,-738.0125,2328.3574
8.678805,0.0,0.0,0.0,0.43301272,376.60672,-738.20715,2329.397
8.745504,0.0,0.0,0.0,0.43301272,380.38455,-735.7162,2326.6267
8.803047,0.0,0.0,0.0,0.43301272,377.48697,-736.32776,2322.7004
8.543249,0.0,0.0,0.0,0.43301272,373.46307,-734.806,2327.2537
8.932962,0.0,0.0,0.0,0.43301272,371.50198,-738.8307,2329.2354
8.572254,0.0,0.0,0.0,0.43301272,373.01483,-737.9171,2328.8108
8.532316,0.0,0.0,0.0,0.43301272,374.91702,-740.18066,2324.6213
8.679481,0.0,0.0,0.0,0.43301272,375.79794,-738.70386,2327.739
8.8948555,0.0,0.0,0.0,0.43301272,374.1546,-742.07434,2324.3047
9.150383,0.0,0.0,0.0,0.43301272,372.07166,-743.646,2325.7407
9.237028,0.0,0.0,0.0,0.43301272,371.5733,-738.79175,2325.2522
9.257983,0.0,0.0,0.0,0.43301272,374.64682,-747.9688,2334.9878
9.643837,0.0,0.0,0.0,0.43301272,376.29663,-744.88025,2336.0513
9.421538,0.0,0.0,0.0,0.43301272,371.4645,-743.6261,2337.58
9.38667,0.0,0.0,0.0,0.43301272,372.28754,-743.4026,2336.3518
9.462393,0.0,0.0,0.0,0.43301272,373.4649,-738.3733,2335.0813
9.1357565,0.0,0.0,0.0,0.43301272,375.01538,-738.6065,2333.4097
30.087263,0.0,0.0,0.0,0.43301272,373.4368,-663.46454,2394.2393
27.962414,0.0,0.0,0.0,0.43301272,373.8295,-665.6341,2393.4712
26.131845,0.0,0.0,0.0,0.43301272,378.50986,-657.6726,2389.1846
24.480415,0.0,0.0,0.0,0.43301272,379.69678,-659.6882,2397.0042
22.904835,0.0,0.0,0.0,0.43301272,387.05212,-656.50354,2397.127
21.363901,0.0,0.0,0.0,0.43301272,388.23886,-654.70984,2403.8384
19.091991,0.0,0.0,0.0,0.43301272,368.11038,-616.58594,2374.1094
17.937725,0.0,0.0,0.0,0.43301272,380.1767,-634.0454,2420.8254
17.086014,0.0,0.0,0.0,0.43301272,379.653,-637.7436,2409.238
