8.820268,0.18957987,0.06322892,-0.04438508,0.43383315,384.07367,137.78802,2436.6787
8.735143,0.10594572,-0.013838634,-0.06377072,0.4342842,383.41052,148.84041,2427.9912
8.799001,0.0064352374,-0.07457008,-0.07022325,0.43441913,381.50967,152.16942,2420.303
8.981962,0.1119451,0.157227,-0.06564138,0.43422896,379.72623,156.7565,2439.371
8.868807,0.2174366,0.24274984,-0.07756725,0.4342675,385.6855,146.4428,2445.0303
8.707863,1.089812,1.0932642,0.0058545806,0.4249306,382.4976,129.78305,2531.4626
8.939775,0.03072022,0.034467354,0.0576348,0.43178996,372.13498,144.19832,2430.901
9.022259,0.112583816,-0.04370429,0.21696405,0.42820427,361.2409,162.75375,2427.8403
8.938241,0.25697663,0.018937478,0.018293167,0.43244287,383.5186,172.53004,2431.1743
8.802883,0.2797121,0.44485784,-3.8974461E-4,0.43195698,384.09338,140.6538,2456.3252
8.858443,0.031433754,1.2346629,-0.014280304,0.42340225,407.7198,146.1642,2473.5378
8.612791,0.16521455,0.9299545,-0.11979765,0.43049666,415.508,145.15984,2468.9275
8.563895,0.33714423,0.56163293,-0.26505893,0.43660522,427.2368,134.6998,2462.745
8.723694,0.4429419,0.38280144,-0.2769999,0.43752274,428.08316,144.23828,2484.3032
8.783332,0.70602244,0.78679883,-0.17268173,0.43287626,420.7347,144.00566,2490.2188
8.823996,0.33225623,0.55029845,-0.0432367,0.43228573,398.50232,138.71895,2463.5488
8.9920025,0.44659242,0.5447811,-0.011388941,0.43156612,395.41202,139.65678,2473.6501
9.151682,0.48111016,0.58508044,-0.044217642,0.43198782,399.48505,140.52449,2478.4968
9.382029,0.28307566,0.6991298,-0.08439812,0.43212378,398.2559,123.85771,2497.2314
9.460378,0.4051434,0.38601822,-0.09917438,0.43412155,401.34033,108.12016,2468.777
9.483784,0.41699615,0.2618317,-0.10779752,0.43460682,397.3155,127.009705,2454.5234
9.490932,0.24183227,0.28290716,-0.18147533,0.43620956,405.2808,146.58406,2438.7734
9.250053,0.32988048,0.50090736,-0.160453,0.43492088,406.32944,147.77489,2450.998
9.334261,1.1266588,1.2583492,0.17968656,0.41832912,375.52682,132.39748,2544.4783
9.376747,0.78939927,1.0877657,0.013766865,0.42575094,393.0853,139.28177,2501.778
9.451532,0.61362016,0.6073222,-0.050224766,0.43177354,400.15085,130.401,2478.292
9.515364,0.21949497,0.11311905,-0.21955147,0.4372348,420.8058,107.32225,2455.2756
9.518511,0.8314071,0.78905123,-0.073231936,0.43051335,400.1653,96.62636,2496.0625
9.602667,-0.10061199,-0.016696315,-0.14863704,0.43598568,396.03552,160.84917,2417.0947
9.601465,0.24939732,0.47829685,-0.050696213,0.43284893,393.40256,158.97072,2441.7878
