8.740742,0.6947167,0.8297409,0.32269898,0.42141408,562.1402,116.03168,2459.8813
8.939021,0.39931604,0.6991253,0.263519,0.42437518,568.46674,133.5404,2428.432
9.006858,0.5237998,0.44329512,0.4218777,0.4218775,550.4309,106.40677,2445.1501
9.198398,0.2618672,0.9499235,0.44644597,0.41697875,555.39795,121.18234,2436.1917
9.475488,0.61142313,0.5888248,0.6122103,0.41576436,529.2626,153.05011,2462.0566
9.728443,0.50960404,0.21755956,0.49871394,0.4205465,541.49677,144.93872,2434.5505
9.825945,0.40724757,0.5597012,0.4827457,0.4198476,545.56903,146.56223,2438.8884
9.892359,0.37069473,0.6858589,0.4514732,0.41975677,551.5199,148.54767,2439.4868
9.913247,0.36674103,0.57869375,0.33065915,0.42363814,567.3071,170.05592,2422.1414
9.85594,0.6348777,0.36642453,0.58356804,0.4175568,552.33203,162.17183,2446.8708
9.822058,0.50430554,0.62579155,0.50558794,0.41867098,549.1323,150.78874,2445.9116
9.952228,0.4325425,0.578253,0.43995792,0.42082366,552.51495,149.53601,2429.3882
9.951898,0.39929143,0.8463142,0.43026042,0.418768,556.17676,148.09131,2425.159
10.077119,0.39253554,1.0746104,0.41782677,0.41615212,557.9766,144.8914,2422.6875
10.13335,0.43697396,0.7615746,0.38212377,0.42086795,561.1587,144.08145,2428.0952
9.964208,0.40921888,0.7439325,0.48972934,0.41820848,549.2614,140.77913,2421.6082
9.942769,0.4701791,0.5500328,0.3978184,0.42203733,558.302,146.34729,2428.5625
9.930014,0.517302,0.27605736,0.33580846,0.42456284,570.0359,140.80798,2430.1301
9.903973,0.45348927,0.7888181,0.41552123,0.4197361,565.7379,134.34885,2438.2847
9.748581,0.24171746,0.6106195,0.39560112,0.42179585,563.16956,162.28735,2414.8342
9.653141,0.14541428,0.7808773,0.3770474,0.4206331,563.90466,171.01895,2401.2522
9.518171,0.25152528,0.452001,0.3892987,0.42297193,560.39557,158.74553,2399.5159
9.123379,0.2999549,0.47798124,0.39578745,0.42265433,558.9633,159.62958,2404.4062
9.1619625,0.34023395,1.1967682,0.5474556,0.41030774,554.4256,169.08328,2445.862
9.193216,0.6288989,0.73468876,0.4728661,0.4184859,559.13495,148.35527,2459.3726
9.182407,0.58471537,0.6129503,0.4802867,0.4192975,551.267,150.27101,2447.2222
9.087595,0.40423247,1.1828922,0.42011267,0.41435197,581.0079,109.61334,2444.2607
9.137152,0.4819949,0.96337694,0.4192154,0.4176851,564.5497,126.79996,2444.298
9.227799,0.44724658,0.8153319,0.42150882,0.4193181,558.6155,140.13322,2434.921
9.269754,0.39097187,0.79925334,0.40084594,0.42003286,560.7458,143.54414,2427.4487
