14.264501,0.5068113,0.94527507,-0.23151876,0.43283838,640.60724,338.1978,2402.725
13.90211,0.08716026,0.18049355,0.044903114,0.43189475,662.9498,324.58102,2428.3772
13.769596,0.22757447,0.6257859,-0.065467775,0.4322554,653.2094,323.53387,2419.641
13.893278,0.20630197,1.0070775,-0.13764127,0.43001425,647.7424,325.32632,2423.087
13.726704,-0.421505,0.9958083,-0.1835805,0.42861405,629.96027,261.6331,2439.0442
13.716256,0.12828496,1.0958625,-0.21354416,0.43020427,643.41815,302.20782,2424.8533
13.443172,0.25290376,1.2755306,-0.10344927,0.42540216,650.10565,344.12277,2418.6614
13.461657,-0.11099919,0.6363135,-0.0404351,0.43111727,645.02893,300.81042,2439.7341
14.104114,0.07227024,0.5489591,-0.13572882,0.43406463,647.42334,307.38464,2437.2134
14.317635,0.33172363,0.40476722,-0.28009027,0.4376293,636.75275,341.1231,2415.4668
14.099299,0.37567893,1.0475607,-0.1596136,0.43018618,642.9141,349.38364,2430.2788
14.049908,0.20876175,0.8172655,-0.13989328,0.43216524,657.70184,286.01877,2413.8977
14.160933,0.21730514,0.98157835,2.536533E-4,0.42741355,660.5869,312.63327,2422.6047
14.116669,0.32715654,0.98061055,0.05102969,0.42644754,662.8072,313.77548,2420.8586
14.366034,-0.27865905,1.5042778,-0.11815793,0.4181026,655.60095,313.80176,2459.5715
14.42091,0.06279183,1.3576702,-0.027767753,0.42150337,651.642,313.07632,2418.4473
14.386643,0.07502638,0.64187914,-0.17601727,0.43421525,642.5969,334.36807,2416.979
14.35849,0.07708361,0.020352174,0.06141482,0.43170017,641.4545,327.8219,2414.0498
14.513403,-0.12697928,0.44824705,0.038065158,0.43075547,645.806,331.66174,2423.1465
14.103445,0.1866881,0.7751698,-0.071566984,0.43113238,652.25775,331.94373,2430.3608
13.738717,0.4189729,1.410286,-0.29003575,0.42723265,636.23956,337.7864,2433.4375
13.191337,0.3190993,1.2315614,-0.25371796,0.42941612,641.36017,325.13098,2434.9587
