14.418851,-0.38019803,1.021597,-0.20155899,0.42885026,345.5867,802.57513,2611.4622
14.1719475,-0.9292727,0.87236005,-0.24634318,0.42775023,335.61353,796.16956,2557.4182
14.147041,-1.2348796,0.870662,-0.26062396,0.42464152,329.60742,775.1504,2511.7803
14.187115,-2.1817286,0.71359,-0.020771353,0.40235382,299.55524,711.9356,2411.144
14.019813,-2.6025143,0.521185,0.08298244,0.38422427,278.14127,601.6162,2338.1467
13.690324,-2.7432365,0.52130663,-0.062408943,0.3743603,277.8157,473.2485,2309.9756
13.52421,-2.6340718,0.6296425,0.21875186,0.35436735,246.53854,427.78168,2292.6643
13.374187,2.0681405,1.2333349,0.81343764,0.38483086,272.08942,534.3316,2751.325
13.078359,-0.969451,-1.81853,0.61349255,0.3902467,298.88876,478.21692,2512.8147
13.084691,-2.7458413,0.13402623,0.39997432,0.3524198,255.15698,369.46832,2287.214
12.92885,-2.7347448,0.35505733,0.27160317,0.35740668,261.935,423.27234,2270.8635
12.894311,-2.368008,0.6377944,0.042465173,0.39530906,273.39,568.6162,2315.0747
12.592132,-2.0901203,1.0359827,-0.18510635,0.3991728,286.25006,669.1027,2380.6096
12.550749,-2.160619,0.656298,-0.08673265,0.40652117,297.74564,701.3592,2418.2993
12.436359,-1.061582,0.96899104,-0.23228972,0.4244217,323.77203,775.2731,2518.2356
12.1939535,-0.9331553,0.8491485,-0.122954234,0.42547277,332.37247,782.04346,2558.9792
11.960336,-0.63089776,0.9629515,-0.15804306,0.42712015,343.33643,798.2522,2591.3552
