15.385615,0.48761502,0.7350362,-3.330565,0.43073645,508.2571,249.78891,2615.2097
15.581566,0.45809856,0.73683876,-3.3341918,0.43072155,509.2184,233.74835,2606.6975
15.73357,0.3267122,0.6411426,-3.3717036,0.43097934,515.2093,239.71411,2603.001
15.865495,0.3618243,0.50772,-3.4037976,0.4326162,516.1196,239.7832,2609.6729
15.994921,0.21341822,0.4749771,-3.4358313,0.4348915,513.4595,244.75665,2609.1948
16.106062,0.09696227,0.4446372,-3.446852,0.43519267,514.0644,239.45386,2610.3176
16.251976,0.072854266,0.85330606,-3.3147924,0.42803267,506.92563,224.61292,2640.7986
16.335146,0.41272894,0.8751728,-0.21160199,0.13766634,361.5865,414.65396,2226.7803
16.454708,0.4430447,0.87863725,-0.13483784,-0.1163044,333.23978,377.692,2238.0466
16.555405,0.17635052,0.90202284,0.15327765,-0.3629893,305.79358,292.11487,2223.8225
16.478395,0.1368083,0.8694059,0.15526722,-0.44867462,310.33093,355.40204,2182.6116
16.473886,-0.23400037,0.9803304,-2.845994,0.39251116,512.3782,25.116302,2680.786
16.115137,-0.6419987,0.9830626,-2.833662,0.39312485,508.7601,154.80838,2620.7292
16.183947,-0.6428766,0.9667384,-2.8950348,0.397382,502.72925,153.88513,2617.293
16.278265,-0.7329103,1.0423625,-2.786412,0.39122427,505.6323,195.31323,2608.9272
15.931488,-0.68404067,1.0389273,-2.7654722,0.38915452,505.45648,225.49973,2608.9832
15.737274,-0.91108966,1.2710003,-2.852599,0.4067802,500.2373,237.91336,2613.5095
15.346713,0.55650675,0.49581727,-3.403806,0.43687057,502.0438,252.20367,2615.3337
15.545365,0.56196636,0.3450098,-3.4217105,0.43640554,507.63913,251.8216,2626.3066
