14.112733,0.3795202,0.9251949,-3.2515216,0.42529196,935.58563,283.7199,2544.737
13.864272,0.22425878,0.91788244,-3.2717276,0.4256876,929.3865,258.4455,2499.624
13.523449,0.31481695,0.8460172,-3.2630737,0.42371288,930.0232,320.04773,2490.77
13.351811,0.32768103,0.69406766,-3.353542,0.43003833,905.2002,282.10175,2461.8384
13.421009,0.3732197,0.80835986,-3.2945485,0.42668912,914.1049,250.48975,2475.2576
13.161189,0.0028141497,1.1921701,-3.0819502,0.41370437,927.4317,271.59912,2502.141
13.453388,0.052467674,1.448077,-2.7827032,0.39591283,926.50824,266.22855,2499.8516
13.28612,-0.07648653,1.4710875,-2.0463765,0.3415981,971.73346,139.24329,2527.512
13.315563,0.5950213,1.3934036,-1.6319315,0.32964206,937.82684,22.994568,2518.384
13.210854,0.2957297,1.0784575,-1.0487492,0.27018213,940.49915,-5.8181763,2476.5469
12.982485,0.7494589,-0.3909791,0.18000154,0.5030366,616.80896,160.2505,2149.079
12.781151,1.6395147,-1.0020357,1.2653195,0.3355308,553.28156,-31.681396,2216.2046
12.817588,-1.1800303,-1.6463592,0.21097302,0.27841684,553.88153,5.4309883,2178.6099
12.584285,-0.7285166,1.2280883,-2.5566604,0.37653688,931.0207,36.3584,2510.2603
13.017974,-0.48857746,0.98293567,-3.2089884,0.42469725,913.6671,147.29874,2521.5967
12.94672,-0.30166507,0.919434,-3.2779264,0.42814824,913.0989,132.80658,2530.6614
12.780564,-0.13783292,1.036991,-3.223616,0.42378065,910.92725,296.1151,2561.4077
12.67323,0.04672532,1.0573303,-3.2228618,0.42410043,920.4316,310.6681,2564.5056
12.669073,0.20632534,1.0500655,-3.2308044,0.4255414,918.7223,308.5439,2566.1826
12.490812,0.23180823,1.0293732,-3.230302,0.42479405,916.4366,280.8064,2541.635
12.342497,0.25805297,0.9945187,-3.2177765,0.42242983,921.8578,261.68704,2535.7605
