13.332686,-0.018336805,0.9553478,0.053518236,0.29001752,610.8054,-329.66046,2365.416
12.947392,-0.017740782,0.96301943,0.05005748,0.26414588,612.6093,-319.33075,2371.3054
12.614201,-0.01836957,0.9594045,0.049937904,0.27696887,610.6814,-319.7163,2364.6455
12.278759,-0.00670711,0.95651805,0.05821961,0.28572488,619.8333,-336.13702,2369.5977
11.743461,-0.013675892,0.959672,0.055131495,0.2753238,614.91705,-321.90826,2365.2712
11.363841,-0.016312763,0.9600623,0.054950576,0.27385148,613.6198,-315.33994,2364.006
11.168354,-0.016399816,0.9546321,0.05860985,0.29150203,649.48846,-249.70337,2345.7732
10.972621,-0.02378013,0.941997,0.05101795,0.33086747,621.474,-298.45734,2376.403
10.645721,-0.020915914,0.9543107,0.053019833,0.29333025,616.84515,-324.15292,2377.947
10.535035,-0.017648682,0.95794266,0.05767464,0.28054935,620.2829,-298.937,2376.639
10.334581,-0.025311843,0.9577592,0.03946191,0.2837241,615.5373,-313.49033,2369.0535
10.117692,-0.02049024,0.95800596,0.047086705,0.2821127,616.7723,-322.21,2370.7927
9.945566,-0.023724072,0.95934385,0.037814967,0.27868703,615.4035,-312.86346,2360.6914
10.035361,-0.035873875,0.95483524,0.057234082,0.28935587,600.402,-316.10907,2363.0261
