13.367953,-0.43574324,0.372163,-0.21608493,0.4354573,412.48663,-323.565,2541.119
13.250759,-0.34894174,0.40853637,-0.22419387,0.43570682,414.11435,-334.36023,2550.7395
12.717534,-0.32305098,0.46128273,-0.22629425,0.43550575,413.6208,-337.1787,2551.407
13.281057,-0.2686248,0.24369869,-0.22967851,0.4368222,414.50085,-331.5858,2559.539
13.773525,-0.23936638,0.24430683,-0.21193692,0.4365465,411.70108,-342.74567,2563.5034
13.930871,-0.18667698,-0.0017161102,-0.21603641,0.43721,412.88263,-336.14026,2571.5696
13.513241,0.049140584,0.3810604,-0.25253472,0.4372022,435.02097,-325.01523,2586.6091
13.527069,0.20660591,0.32518634,-0.2681104,0.4377469,427.12833,-326.38986,2618.0142
13.811084,0.27294523,0.31853944,-0.29254058,0.43818933,422.2169,-338.2829,2629.7607
13.729333,0.053251114,-0.4501613,-0.33697873,0.43830407,506.2683,-245.59735,2634.277
13.30828,0.18461835,0.3802166,-0.31229696,0.43837187,451.50958,-294.2885,2627.9824
13.206066,0.04217911,0.08524517,-0.31583843,0.43912825,433.1001,-311.678,2613.8381
13.195331,-0.010245257,0.052669447,-0.27730972,0.43844035,420.0123,-343.34558,2611.612
13.370043,-0.10761461,-0.020204656,-0.27562064,0.4383975,417.02246,-334.20453,2590.8264
13.136793,-0.2373141,0.050234765,-0.27052256,0.43812135,414.9441,-331.53583,2568.0134
13.086879,-0.20870705,0.0357222,-0.26839474,0.4381387,414.69208,-328.61823,2571.047
13.272793,-0.2789745,-0.026684768,-0.25659347,0.43786597,414.19843,-328.5246,2566.3271
