13.263324,-0.16509604,-0.30230218,0.32488728,0.42521748,649.20105,-332.83154,2513.1453
13.28503,-0.22065018,-0.24813049,0.32667702,0.4253145,649.2641,-334.93698,2509.8193
12.996304,-0.07976127,-0.4568487,0.29603678,0.42516917,653.25586,-322.37103,2522.1199
12.841258,-0.0125862835,-0.30711585,0.35401258,0.4244274,645.21124,-316.81104,2522.3418
12.795066,0.17965826,-0.5345903,0.24255008,0.4254196,660.6455,-336.56305,2556.7385
12.780024,0.04351965,-0.38636148,0.15225235,0.42873996,676.92816,-354.9229,2544.5166
12.609929,0.31178397,0.5761018,0.13301688,0.42832696,672.70935,-385.26306,2578.8025
12.389441,0.7557257,0.7123035,0.25585517,0.42388746,631.7838,-448.7344,2677.427
12.313149,0.48379967,1.1031008,0.15767337,0.4224612,671.15594,-448.23987,2589.2307
12.2184725,0.03803103,0.90016824,0.42361113,-0.09383145,669.952,-721.5607,2760.076
12.366007,-0.050002076,0.95840424,0.19742629,-0.19995975,610.7813,-569.673,2662.0554
12.213479,0.02845785,0.93562126,0.3517499,0.008662031,704.22766,-566.8703,2731.1448
12.31604,0.0021029804,0.993337,0.0663866,0.09418126,661.72736,-447.02917,2613.311
12.857135,-0.0044339797,0.97320545,0.22988029,-0.002536696,684.5098,-450.7108,2714.117
13.215995,-0.051376086,0.9971314,0.0103859585,-0.054603517,656.1791,-407.11603,2556.693
13.146455,-0.049149964,0.99754655,0.006091102,-0.049477976,658.73413,-391.64795,2564.8423
13.265031,-0.04403319,0.9962525,0.04474826,-0.059495468,648.3404,-332.19724,2589.3281
13.381921,-0.03356625,0.99842215,-0.0015011918,-0.04499211,653.9613,-331.6443,2549.4187
