13.332686,0.0,0.0,0.0,0.43301272,267.06244,-23.074768,2454.166
12.947392,0.0,0.0,0.0,0.43301272,268.82034,-18.19101,2453.9114
12.614201,0.0,0.0,0.0,0.43301272,277.07104,-0.36209106,2460.4106
12.278759,0.0,0.0,0.0,0.43301272,243.05077,-9.403168,2477.3447
11.743461,0.0,0.0,0.0,0.43301272,246.70262,-13.842651,2495.3699
11.363841,0.0,0.0,0.0,0.43301272,249.22437,-44.83438,2519.1436
11.168354,0.0,0.0,0.0,0.43301272,235.16766,-118.32155,2539.0288
10.972621,0.0,0.0,0.0,0.43301272,245.18124,-85.88861,2537.9773
10.645721,0.0,0.0,0.0,0.43301272,248.17955,-95.33417,2526.261
10.535035,0.0,0.0,0.0,0.43301272,250.70068,-74.40877,2523.0051
10.334581,0.0,0.0,0.0,0.43301272,261.82422,-10.907562,2476.4543
10.117692,0.0,0.0,0.0,0.43301272,282.8356,12.789825,2468.9795
9.945566,0.0,0.0,0.0,0.43301272,289.18066,8.137848,2455.6477
10.035361,0.0,0.0,0.0,0.43301272,268.58316,0.6092529,2453.2979
