12.101733,0.0,0.0,0.0,0.43301272,903.64026,-29.847626,2393.5845
12.149782,0.0,0.0,0.0,0.43301272,911.6689,-30.736603,2396.312
12.673652,0.0,0.0,0.0,0.43301272,913.73553,-18.745056,2397.539
12.739286,0.0,0.0,0.0,0.43301272,924.10516,-20.547852,2424.914
12.583754,0.0,0.0,0.0,0.43301272,935.5463,-18.94751,2453.776
12.305199,0.0,0.0,0.0,0.43301272,788.41284,-118.667496,2384.27
12.14663,0.0,0.0,0.0,0.43301272,843.26654,-118.71449,2508.438
12.571919,0.0,0.0,0.0,0.43301272,780.64954,-27.354235,2438.0232
12.602028,0.0,0.0,0.0,0.43301272,749.9398,-430.1439,2451.9985
12.946809,0.0,0.0,0.0,0.43301272,901.8189,285.87292,2247.4822
13.27035,0.0,0.0,0.0,0.43301272,807.4735,-619.3705,2479.3374
13.288438,0.0,0.0,0.0,0.43301272,823.68555,-550.4112,2399.2788
13.1514225,0.0,0.0,0.0,0.43301272,847.8068,-496.37262,2497.7432
12.8696575,0.0,0.0,0.0,0.43301272,841.47,-72.72586,2325.669
13.0450535,0.0,0.0,0.0,0.43301272,942.6461,-42.70102,2473.5798
13.168716,0.0,0.0,0.0,0.43301272,941.5715,-41.42862,2470.0283
13.58052,0.0,0.0,0.0,0.43301272,938.3046,-39.889343,2460.225
13.29059,0.0,0.0,0.0,0.43301272,935.1737,-22.927216,2445.9487
13.30397,0.0,0.0,0.0,0.43301272,936.6227,-23.829346,2438.0803
13.322015,0.0,0.0,0.0,0.43301272,941.38544,-34.52069,2439.304
13.160106,0.0,0.0,0.0,0.43301272,932.8515,-25.77591,2403.4492
