13.904246,-0.18695973,0.81873125,-0.312251,0.43455338,353.5481,472.6586,2643.9963
13.58171,-0.33674803,0.7679141,-0.23725569,0.4330426,348.0907,473.1009,2634.9785
13.828413,-0.7759249,0.7140755,-0.12666067,0.42876482,333.83502,466.8272,2609.9646
13.903859,-1.2342525,0.60424954,-0.0012293806,0.42304984,327.5092,453.45135,2587.2234
13.986957,-2.209032,0.2036462,0.25855464,0.40437177,313.65994,402.75003,2547.7522
14.22506,-2.5879085,0.21603128,0.3059445,0.38689515,309.93384,386.89572,2538.6973
14.216106,-2.1592,0.5357738,-0.07780422,0.4092116,308.67715,328.27066,2548.3557
14.152595,-1.4554261,0.9100324,-0.13847767,0.41794884,322.5637,283.74365,2609.962
14.425105,-1.3521974,1.0278376,-0.28749564,0.42041776,325.72693,267.0099,2619.7883
14.259565,-1.6739908,0.4390473,-0.1396276,0.42245942,318.57245,259.43237,2585.421
14.37745,-1.508054,0.45531303,-0.09865897,0.42373505,311.72855,348.8187,2572.574
14.365315,-1.2880818,0.4177042,-0.17764086,0.4284706,322.6109,385.24316,2578.526
14.217392,-1.4567099,0.31848574,0.1174136,0.42091918,331.95172,404.0327,2589.2766
13.787355,-1.2207767,0.4887486,0.023697263,0.42404482,330.97763,441.7888,2601.471
13.468834,-0.60233754,0.629877,-0.1547906,0.43144187,337.95575,475.2447,2628.7578
13.610863,-0.45529613,0.5320433,-0.1669165,0.4333195,343.37802,480.59317,2636.1433
13.912197,-0.21297914,0.5291621,-0.18639515,0.43461454,348.36966,487.33905,2645.2043
