9.77824,-0.6810236,0.9499141,-0.020295288,0.4239113,459.09137,576.7312,2444.9568
9.792753,-0.8564406,0.9360644,-0.02074462,0.42255238,456.15738,587.3533,2438.1074
9.709395,-1.9586979,0.67549294,0.06975298,0.40740728,453.45178,581.84845,2423.4534
9.668874,-1.8441323,0.66902196,0.15861674,0.4078188,450.27127,563.14185,2395.6245
9.619128,-2.616009,0.5861892,-0.23424934,0.392416,434.12225,540.3782,2371.3337
9.521078,-2.6856008,0.57977885,0.10178323,0.36653915,432.4784,479.80286,2263.6145
9.519789,0.14119503,0.38178715,0.985099,0.4059558,442.5211,379.409,2359.9895
9.445045,-0.3412624,0.6417334,0.9148104,0.4045637,440.13052,518.4082,2324.4783
9.301693,-2.1147344,0.91991353,0.40077764,0.38139874,446.19186,575.6453,2368.5515
9.195232,-1.9374925,0.8367445,0.21077327,0.39935586,449.91293,586.4754,2384.9507
9.142019,-0.94274753,0.7650411,0.078569315,0.4220685,450.39413,587.65393,2394.4097
9.043073,-0.9748961,0.76908946,0.13561988,0.4203115,457.955,587.8096,2407.9312
