13.186545,-0.39371336,0.7457462,-0.17991178,0.43187553,339.55573,544.41016,2623.399
13.035323,-0.47697642,0.8441093,-0.22144888,0.43112075,340.19366,542.63477,2643.1587
12.944766,-0.49900517,0.89589393,-0.20745224,0.4300334,344.33508,542.0706,2652.6753
12.884271,-0.5052689,0.8808315,-0.15585637,0.42913902,348.51318,543.5747,2653.9724
12.575236,-0.46937656,0.8651832,-0.14303862,0.42929995,348.2116,542.34045,2650.5483
12.598337,-0.82996064,0.9110835,-0.15622665,0.42620656,346.59363,543.7046,2647.4314
12.460766,-0.707818,1.023926,-0.22435333,0.42689016,334.7453,547.8349,2615.2402
12.282634,-1.4807259,0.82967794,-0.0013202368,0.41588634,328.39108,535.0657,2582.1223
12.29275,-2.249765,0.7447949,0.12226684,0.3940252,317.56845,511.00146,2563.064
12.418025,-2.4221416,0.669638,0.22319639,0.3838658,315.92233,498.99133,2538.0754
12.317356,-2.7112246,0.5358389,0.101217076,0.35508457,302.65723,482.2173,2524.8037
12.1325,-2.7167435,0.63588935,-0.09107815,0.36425456,290.23773,348.8254,2538.0557
12.057141,-2.7869194,0.3966051,-0.018727383,0.35653022,278.15512,348.5888,2507.6196
12.194097,-1.3187603,0.18105644,-1.9804323,0.45327562,276.48682,345.4189,2496.8784
12.199466,-0.4034964,0.3642038,-1.4998715,0.4541547,285.67218,348.6261,2492.0334
12.322329,-2.2526734,0.54663163,-0.47378775,0.4156171,290.92368,348.43942,2487.2195
12.189652,0.3479432,0.87222844,-0.1774361,0.43250012,315.6048,340.9553,2555.983
12.298712,-2.3265896,0.9821431,-0.3712846,0.39566833,295.26547,504.57654,2527.137
12.022605,-1.3753748,1.0172157,-0.06757814,0.41521978,318.89932,513.95044,2550.2444
12.2562475,-1.3135283,0.7588844,-0.11313285,0.42231464,324.5098,533.55,2577.345
11.507357,-0.16127455,1.0286223,-0.39966205,0.4337269,332.71405,547.9511,2609.4998
