12.355861,-0.015828747,0.52619416,-0.060811345,0.43256494,655.4502,130.777,2511.474
12.434678,-0.02914071,0.5255911,-0.05078881,0.43233865,653.7601,124.98262,2501.6738
12.257502,-0.14415032,0.50504845,-0.035569202,0.431915,648.7636,109.698944,2489.7422
12.119439,0.067914754,0.6897657,-0.0033459428,0.43027627,645.3676,106.96562,2514.6084
12.488604,-0.0024416922,0.46937668,-0.02543154,0.43220118,648.4076,108.51219,2513.9177
12.662167,-0.122812204,0.6033357,-0.057200536,0.4317036,645.179,110.78781,2518.5435
13.0665,-0.11510066,0.46915337,-0.06276262,0.4327737,641.9605,111.30768,2526.022
13.188587,-0.008265876,0.34679568,-0.04750325,0.43326175,646.5558,103.41547,2538.8052
12.74331,0.559348,1.0771421,-0.041699287,0.42737016,654.7318,49.139374,2603.158
12.6041765,-0.1036166,0.30804065,0.058468617,0.43106747,646.52356,-59.92891,2656.9436
12.679926,0.5170884,1.3748962,-0.1591834,0.42529187,649.102,-1.0374451,2744.2334
12.777027,0.9670778,1.8208992,0.12880313,0.4070268,699.0873,-3.537323,2746.5745
12.828505,2.2045403,-0.4153514,-0.035236087,0.40929773,645.4911,-31.65374,2807.6826
12.835829,-0.06748674,0.9799737,-0.13166896,-0.13326801,691.5424,-173.03381,2730.7886
12.739567,0.029175911,2.3176327,0.11717073,0.29803836,665.3855,-151.41756,2628.9973
12.518177,2.1444216,0.203379,0.070383206,0.41534942,654.0476,-114.51229,2744.3213
12.388104,0.22207914,-0.68360364,-0.02975388,0.4301244,665.88403,85.54054,2593.0286
12.466521,0.1347651,-0.41458353,-0.07712151,0.43334058,681.16815,102.438156,2582.4336
12.496622,-0.12792811,-0.36339492,-0.13796201,0.43511182,667.92236,121.50987,2564.764
12.304914,-0.18849508,-0.13887335,-0.085486986,0.43461904,662.0849,123.8322,2544.4814
12.160887,-0.21266855,-0.15060276,-0.029247297,0.4334426,656.44293,122.51494,2536.5374
12.14442,0.046380587,-0.06906956,-0.08372624,0.43468174,657.01953,118.51164,2535.4187
12.213954,0.09252159,-0.17398067,-0.05658362,0.43392318,654.6117,120.61537,2529.238
