13.942787,-0.051216096,0.7643181,-0.08698462,0.4310869,336.1845,362.0841,2616.2363
13.5441,-0.28978696,0.7176201,-0.052557677,0.4300132,338.33032,355.67523,2614.7964
13.795061,-1.0075287,0.7537777,0.036245123,0.42257503,335.06006,346.50317,2611.3835
13.643294,-1.6996843,0.57959527,0.19325933,0.41163877,336.65308,340.80853,2624.163
13.643795,-2.2389832,0.56072867,0.24355337,0.39616433,338.2517,338.29083,2631.4863
13.80076,-1.9537987,0.52304363,0.23393467,0.4060624,342.10144,227.19672,2616.745
14.009,-1.5872928,0.80879563,0.0957034,0.41191486,337.94473,176.65407,2645.0933
14.6827,-1.374305,1.3129008,0.3835616,0.39242175,343.5625,130.8317,2666.3108
14.676396,-1.7243346,1.0441799,0.4455437,0.39037958,343.91388,111.8963,2655.9976
14.205497,-1.6661992,0.8050833,0.39933875,0.4012807,339.69843,154.46526,2626.4695
13.978265,-1.611801,0.7472015,0.30255497,0.40689814,333.85416,205.98138,2616.9146
13.534084,-1.2540233,0.59608996,0.17200162,0.41876236,330.551,246.81337,2619.2683
13.23816,-0.91994554,0.467275,0.07455574,0.42590478,333.3976,270.95056,2622.1033
13.41894,-0.44862542,0.5832934,0.009120612,0.42926484,335.07767,336.69498,2642.1416
13.424844,-0.24297456,0.58422947,-0.02544657,0.43083087,336.37888,346.36115,2648.4243
