12.288952,0.19116285,0.9451599,0.094517015,0.42570168,699.3541,660.1083,2465.3533
12.446062,0.17328039,0.84336406,0.10676959,0.42655468,699.5128,663.76025,2464.6917
12.1909485,0.21044792,0.7845875,0.12591523,0.42676768,700.44305,667.51324,2472.86
11.984736,0.31620508,0.8685435,0.110907085,0.42635813,705.6806,670.18066,2486.2375
11.982331,0.21800297,0.8535989,0.13803262,0.425794,700.5947,668.7727,2474.635
12.090241,0.1870019,1.007172,0.15023434,0.4236012,697.84106,671.6033,2469.3086
12.240482,0.17053907,1.0542157,0.12711191,0.42345926,695.2388,666.0468,2465.847
12.638069,0.18209797,1.0076123,0.12490606,0.4241816,695.31256,662.7487,2465.4358
12.534595,0.21671782,1.0141157,0.12681547,0.42411986,695.4168,655.2974,2467.6177
12.850149,0.23258063,0.99464834,0.11745034,0.42462373,695.306,652.8319,2467.3213
12.897848,0.15707776,1.0188406,0.09813957,0.42459762,695.4759,654.97205,2456.8508
