11.886503,-0.4609781,0.46974984,-0.34280917,-0.6703106,522.196,173.56549,2453.1492
11.915004,0.48157036,-0.4753279,0.33416083,0.6561172,514.3673,221.48236,2461.9297
12.040602,0.47647882,-0.43497473,0.36978334,0.6685995,514.6023,253.43817,2462.291
11.91875,0.48192057,-0.43713978,0.37053484,0.6628464,505.91275,245.84975,2457.7356
11.683836,0.55555004,-0.5364681,0.25069746,0.5837098,497.25598,260.24097,2451.7795
11.79483,-0.5870576,0.5936638,-0.16242528,-0.52587515,490.26672,272.5874,2444.6
11.888546,-0.62569547,0.6994452,0.1230364,-0.32271272,467.75864,297.55264,2428.199
11.635603,-0.633057,0.66111803,0.012061475,-0.40251237,479.40988,274.1582,2444.3127
11.58887,0.6285606,-0.5888182,0.11512321,0.49492562,488.235,249.05615,2450.6357
11.716167,0.54339683,-0.5009871,0.30167142,0.6022675,493.64093,212.013,2481.818
11.966902,0.9098595,-0.60701644,1.7042841,0.25389895,511.107,175.5831,2491.6814
12.410292,0.73874223,-0.34678224,1.924127,0.2624802,519.7343,166.6152,2497.0269
