15.337374,0.7212868,-0.47912002,1.8596054,0.25741163,551.84845,153.99094,2545.1433
14.992958,0.28626078,-0.19667102,0.5958646,0.7240999,542.86053,157.60709,2535.1216
15.113608,0.3285282,-0.26586825,0.550161,0.7202126,530.67566,187.31073,2520.3071
14.833456,0.4022086,-0.432109,0.4340059,0.6805504,520.2242,196.00084,2572.864
14.250819,-0.4845661,0.5570775,-0.2627525,-0.62114525,500.93732,220.72298,2549.4104
13.776458,-0.5459543,0.6231823,-0.1062149,-0.5498145,496.03842,230.59216,2531.719
13.645919,0.21938123,0.22188483,-0.15298602,0.25964072,456.63123,445.56152,2303.1414
14.008253,0.6549363,-0.64993614,-0.041913297,0.38325536,478.58893,337.1332,2409.0378
14.1326275,-0.6331532,0.65821975,0.057917096,-0.40312436,477.30695,301.5556,2438.5127
13.850699,-0.62613857,0.6551094,0.08599914,-0.4139883,476.45328,310.7648,2432.334
13.979633,0.6228308,-0.61414397,-0.002809883,0.48466587,461.09897,354.56552,2391.4954
14.179848,-0.5539904,0.56668055,-0.10834465,-0.600191,472.4847,307.6471,2426.5715
13.567296,0.48218045,-0.41865233,0.40263525,0.6558331,553.73816,170.53674,2607.9487
13.476549,0.32437,-0.2544555,0.5572361,0.72078043,550.38,188.36021,2579.902
13.351546,0.65078145,-0.52523893,1.8383627,0.25313804,549.7201,192.28185,2569.0625
