13.644461,0.21138206,0.888321,0.100292236,0.42626894,730.2508,-392.97748,2398.332
14.246058,0.16977188,0.8777256,0.10105709,0.42630312,728.05286,-400.4064,2398.9756
14.609104,0.26195347,0.87086403,0.109590665,0.42631438,728.0401,-397.15793,2401.8552
14.959345,0.2525644,0.8736605,0.11188224,0.42622116,729.56085,-395.60434,2399.6711
15.246418,0.30587998,0.86482346,0.08775551,0.42691517,733.49896,-392.5019,2402.229
15.467168,0.2974471,0.8491033,0.08652291,0.42709997,733.0266,-392.58667,2403.2168
15.600311,0.23220399,0.8992031,0.09173595,0.42637092,730.9153,-391.5597,2392.195
15.279153,0.2221627,1.0590675,0.10985913,0.42391014,728.67676,-392.2917,2400.0698
14.966223,0.21248583,0.96374464,0.1323696,0.424635,727.4556,-393.24274,2400.6018
14.653648,0.24156408,0.92042625,0.10733132,0.42578435,730.7903,-389.8011,2400.2537
14.494772,0.19997808,0.8930476,0.11271395,0.425914,729.3647,-387.79037,2397.693
14.217533,0.2012417,0.9121232,0.10202052,0.42594144,731.39886,-388.38263,2398.6133
