12.825667,0.05733362,0.9974665,0.018353192,0.03790225,550.77545,-408.36383,2424.0303
12.91905,0.058661535,0.9976215,0.022441968,0.028400283,553.12213,-406.57507,2427.1226
12.634565,0.06295473,0.9970274,0.026117228,0.03592983,556.32513,-404.85117,2426.9688
12.7028475,0.06254695,0.9966497,0.028556867,0.04429183,553.7344,-401.99313,2422.74
12.687748,0.06037419,0.99736655,0.023934586,0.032280613,552.6274,-399.50208,2427.0645
12.675303,0.063337706,0.9977319,0.018120073,0.013815418,556.7245,-401.1127,2421.843
13.354896,0.061194222,0.9974721,0.0153083345,0.032713432,554.13995,-396.81848,2415.207
13.875805,0.061113022,0.9958687,0.010782107,0.0662906,555.5221,-400.83722,2415.4028
14.410887,0.06535007,0.9965757,0.020268362,0.046427134,559.91144,-399.47937,2428.0042
14.611429,0.06355656,0.9968495,0.019073335,0.043449327,558.94415,-401.62717,2423.8955
14.778162,0.058062978,0.99726486,0.01918548,0.041512832,549.1795,-400.14075,2418.0613
