13.707381,0.07003926,0.9960646,0.019324323,0.050758027,559.6514,-406.26587,2423.0947
13.651101,0.063840084,0.9964299,0.015431753,0.053044755,557.5859,-407.29254,2423.174
13.26381,0.061574962,0.9967767,0.02183791,0.04655957,554.97705,-404.16486,2427.8096
13.159801,0.06043321,0.99660474,0.020119336,0.052172683,552.1853,-397.6419,2420.2185
13.420872,0.06629074,0.99660945,0.0207993,0.044074044,558.22644,-403.00165,2416.9248
13.459375,0.06354732,0.99735177,0.020193383,0.029041104,553.20624,-402.7641,2423.5852
13.422936,0.06353691,0.9976614,0.020001136,0.015323787,550.6251,-399.00003,2421.302
13.64804,0.06836212,0.9965807,0.016745824,0.04327943,554.1205,-400.44296,2416.8726
13.985545,0.068907015,0.99546194,0.016031554,0.06364275,561.9234,-406.10522,2429.0688
13.877081,0.06490548,0.99592936,0.016599845,0.060302384,557.08215,-404.81204,2421.6401
13.833116,0.06580459,0.9951823,0.016882248,0.0706889,556.30536,-401.87183,2420.7837
