15.747458,0.057120778,0.9967771,0.017157217,0.05364844,552.67413,-394.90527,2417.5774
15.597309,0.05951401,0.99648553,0.016548546,0.056574762,555.5707,-397.04523,2423.4348
15.880018,0.05920694,0.9964877,0.013209955,0.057727057,554.9797,-396.2076,2419.6648
16.015795,0.0641366,0.9966931,0.021537699,0.045005955,559.23126,-395.76297,2427.4229
16.157265,0.06305693,0.99755496,0.02493464,0.016916193,557.8756,-400.15485,2424.757
16.094212,0.06402418,0.9973059,0.025024328,0.025604034,555.77374,-398.23196,2420.924
16.030064,0.06791228,0.9972437,0.020929651,0.021330012,560.7946,-399.3941,2421.0842
16.102503,0.06299835,0.9974531,0.020385072,0.026514055,557.9324,-397.8601,2422.9502
16.192337,0.06244256,0.997637,0.016688345,0.023299623,555.858,-397.4383,2420.1006
16.264647,0.06369361,0.99678224,0.020473074,0.044148494,558.2438,-399.07367,2420.0742
