12.439942,0.0,0.0,0.0,0.43301272,526.8264,-66.172745,2356.0127
12.722904,0.0,0.0,0.0,0.43301272,453.6066,-60.308823,2296.0854
12.676163,0.0,0.0,0.0,0.43301272,429.18433,39.94043,2255.8162
12.385992,0.0,0.0,0.0,0.43301272,557.75836,164.46167,2504.6191
12.982874,0.0,0.0,0.0,0.43301272,410.50314,361.05463,2243.0232
12.440902,0.0,0.0,0.0,0.43301272,464.83072,572.2656,2354.0679
12.5340805,0.0,0.0,0.0,0.43301272,468.91693,566.58453,2380.6047
12.8573475,0.0,0.0,0.0,0.43301272,465.283,580.6096,2375.2625
13.0303,0.0,0.0,0.0,0.43301272,488.43317,256.51346,2496.0127
13.03403,0.0,0.0,0.0,0.43301272,614.4777,453.3584,2471.3657
12.864532,0.0,0.0,0.0,0.43301272,443.0254,426.02246,2301.7354
13.097816,0.0,0.0,0.0,0.43301272,435.98376,313.04974,2247.306
13.629083,0.0,0.0,0.0,0.43301272,481.95694,27.04512,2295.0652
14.099767,0.0,0.0,0.0,0.43301272,498.3635,14.058517,2411.6726
