14.064262,0.0,0.0,0.0,0.43301272,497.4255,-66.11124,2405.8247
13.76043,0.0,0.0,0.0,0.43301272,486.74112,-57.15262,2379.891
14.285953,0.0,0.0,0.0,0.43301272,402.03748,199.15123,2207.9275
14.5285015,0.0,0.0,0.0,0.43301272,395.83658,304.94214,2218.0632
14.687188,0.0,0.0,0.0,0.43301272,415.49878,412.58997,2259.746
14.796356,0.0,0.0,0.0,0.43301272,444.07907,468.95746,2306.819
14.661324,0.0,0.0,0.0,0.43301272,462.53595,503.05444,2348.9573
14.763888,0.0,0.0,0.0,0.43301272,454.51965,493.64368,2358.5688
14.651853,0.0,0.0,0.0,0.43301272,405.13535,395.44183,2305.159
14.329148,0.0,0.0,0.0,0.43301272,391.91852,232.28563,2245.898
13.816052,0.0,0.0,0.0,0.43301272,453.07092,91.418076,2299.629
13.32041,0.0,0.0,0.0,0.43301272,460.39413,-86.48883,2347.138
