12.288952,0.0,0.0,0.0,0.43301272,470.0271,-87.63074,2384.4834
12.446062,0.0,0.0,0.0,0.43301272,447.84457,-74.03305,2337.0376
12.1909485,0.0,0.0,0.0,0.43301272,431.64154,29.95919,2269.222
11.984736,0.0,0.0,0.0,0.43301272,417.31372,350.81726,2214.7925
11.982331,0.0,0.0,0.0,0.43301272,436.3612,467.89798,2253.1978
12.090241,0.0,0.0,0.0,0.43301272,459.12793,544.14825,2300.3462
12.240482,0.0,0.0,0.0,0.43301272,455.02527,587.0027,2319.0752
12.638069,0.0,0.0,0.0,0.43301272,428.31635,552.03467,2276.9658
12.534595,0.0,0.0,0.0,0.43301272,414.1728,281.70905,2229.093
12.850149,0.0,0.0,0.0,0.43301272,427.36505,148.42343,2244.3022
12.897848,0.0,0.0,0.0,0.43301272,483.20935,-41.805405,2329.9097
