10.9245205,0.0,0.0,0.0,0.43301272,897.0555,546.73584,2326.3276
11.107532,0.0,0.0,0.0,0.43301272,895.8287,528.0918,2282.6025
11.256521,0.0,0.0,0.0,0.43301272,883.83075,470.98303,2206.5503
11.167561,0.0,0.0,0.0,0.43301272,850.22687,278.16486,2126.6838
11.125111,0.0,0.0,0.0,0.43301272,676.0772,-53.50621,2265.6323
10.933789,0.0,0.0,0.0,0.43301272,814.9903,-56.847916,2207.2666
10.694012,0.0,0.0,0.0,0.43301272,806.7534,-124.089035,2310.757
10.509918,0.0,0.0,0.0,0.43301272,810.2384,-106.4837,2322.291
10.365072,0.0,0.0,0.0,0.43301272,811.459,-98.325195,2281.8447
10.341768,0.0,0.0,0.0,0.43301272,827.0092,-48.81009,2208.6218
10.508824,0.0,0.0,0.0,0.43301272,754.6282,-72.592514,2237.739
10.656469,0.0,0.0,0.0,0.43301272,723.28076,-98.22475,2224.6558
10.370606,0.0,0.0,0.0,0.43301272,869.51465,373.0428,2159.333
10.442172,0.0,0.0,0.0,0.43301272,873.8858,498.45087,2250.5461
10.405818,0.0,0.0,0.0,0.43301272,641.82043,241.94969,2234.0676
