14.974379,-0.43720448,0.9487936,-3.1946304,0.42015344,842.03986,449.3891,2411.999
15.133884,-0.020107895,0.7041854,-3.344443,0.4272668,844.8158,455.4897,2420.956
14.943851,0.38734588,0.4611504,-3.3581169,0.4272131,847.37634,458.20914,2429.3423
14.759991,1.0539427,0.64727294,-3.1820595,0.42704043,847.297,459.0332,2430.5886
14.98858,1.3556325,0.6419495,-3.0290298,0.42347682,847.78204,460.10327,2431.8567
14.602789,1.7426033,0.40940315,-2.745436,0.41402188,843.5814,458.0901,2413.7253
14.374464,1.4350605,0.6622143,-2.9886885,0.42340776,849.2106,467.08438,2432.8823
14.592458,0.4416971,0.8626943,-3.3140125,0.43246412,848.402,466.40247,2430.6665
14.830375,0.1224418,0.90649337,-3.3156903,0.43082803,848.8008,465.38983,2430.4185
15.179607,-0.3694092,1.0267637,-3.183316,0.4206674,846.68585,460.70483,2424.903
15.521575,-0.5231236,0.9061387,-3.2041557,0.4213351,844.88257,457.58078,2419.4739
