15.00599,0.026008563,0.05367157,2.0936036,0.2632073,558.1948,446.0338,2502.641
15.39306,0.2891011,0.05591943,2.0869539,0.26491728,557.29114,439.80652,2502.02
15.380846,0.4448964,0.08598157,2.0784972,0.26754797,560.4093,449.31992,2513.7703
15.120392,0.58198136,0.011215838,2.0865376,0.27394485,559.0848,450.70215,2514.339
14.927125,0.75875217,-0.08378917,2.0548122,0.27824697,560.94666,452.70547,2518.9602
13.948943,1.029657,-0.18287148,1.9783174,0.28599414,559.6296,437.34995,2517.3284
13.804829,1.0511948,-0.17694835,1.9699898,0.2860246,558.8187,438.54956,2517.7043
13.767166,0.9095874,-0.09826355,2.040271,0.28642014,555.088,444.59546,2509.9517
13.361065,0.5574034,-0.13894789,2.1381598,0.28681546,557.9376,440.83392,2504.5674
13.635852,0.261074,-0.10188179,2.1833735,0.28535128,557.89453,440.6214,2500.3647
13.138913,-0.08765605,-0.042471226,2.140574,0.27156708,555.6845,443.17322,2494.7263
