15.747458,-0.45763162,0.91862184,-3.2209945,0.42260957,845.7567,460.90967,2425.7126
15.597309,-0.07673136,0.9824816,-3.2609081,0.42607483,849.22766,457.737,2428.298
15.880018,0.2005124,0.7434284,-3.3755102,0.43385562,848.6629,458.00214,2431.6138
16.015795,1.0825626,0.8522549,-3.1637983,0.43200108,849.47375,460.02356,2430.1765
16.157265,1.7417287,0.7346368,-2.7879028,0.4215964,843.6304,458.11798,2419.5745
16.094212,1.8482722,0.61763835,-2.6765866,0.41628408,844.051,459.57355,2421.9314
16.030064,1.7461475,0.3935663,-2.8010228,0.41763493,844.1983,459.89505,2420.6882
16.102503,1.1062098,0.5224456,-3.249368,0.43517143,844.5775,461.25415,2422.3254
16.192337,0.3032076,0.19523117,-3.4495082,0.44854826,842.9163,460.5417,2422.0273
16.264647,0.13938695,0.18806836,-3.4676385,0.44798163,846.61017,457.4997,2426.6626
