12.439942,-0.19787243,0.31042674,-3.4208267,0.4301574,830.9646,408.53503,2416.7522
12.722904,-0.15839306,0.19221358,-3.4700797,0.43521053,820.61475,403.31522,2394.3948
12.676163,-0.07692591,0.09330812,-3.487797,0.43699986,818.1013,404.91998,2395.7205
12.385992,-0.15079948,-0.13566811,-3.4953313,0.44026306,824.89154,411.5371,2417.6455
12.982874,0.9948963,0.547577,-3.2073193,0.42604956,838.02936,414.85156,2419.2688
12.440902,1.1229885,0.12142119,-3.1841207,0.42365077,837.94116,436.3509,2446.2656
12.5340805,1.45902,0.38575763,-3.039179,0.42463198,840.43896,433.98004,2434.5522
12.8573475,1.0545795,0.12594107,-3.3148882,0.43807238,827.53485,445.2656,2396.0955
13.0303,1.4186519,-0.20543534,-3.104195,0.4279454,833.00916,439.43237,2397.4146
13.03403,0.9460674,0.06316809,-3.3217804,0.43187913,835.8336,437.3017,2406.9973
12.864532,0.7009218,0.2576675,-3.402113,0.43618107,834.17096,432.20776,2406.1807
13.097816,0.52261573,0.5060207,-3.4051335,0.436303,829.8229,418.64337,2410.665
13.629083,-0.18922949,0.5681506,-3.4085572,0.43320897,821.6651,418.60748,2399.618
14.099767,-0.62550354,0.93133163,-3.1878564,0.42276078,824.64764,406.6759,2405.198
