15.388792,-0.7093884,1.052092,-3.0435903,0.41234115,840.2956,449.12354,2406.3635
15.476154,-0.63618743,1.0586351,-3.073262,0.4140852,841.57886,449.1666,2409.6326
15.227362,0.27324793,0.360313,-3.4117043,0.43033108,839.904,450.011,2412.4304
15.32391,0.5846121,0.2609742,-3.3543537,0.42767507,840.6363,446.01526,2412.2559
15.615989,1.1361989,0.44135943,-3.1809182,0.42637578,841.07404,451.96973,2422.807
15.695551,1.429209,0.40087655,-3.0158534,0.42177472,840.2378,459.60486,2421.3225
15.772953,1.7816398,0.035612535,-2.6598258,0.40670297,833.5682,463.86993,2404.8044
14.737582,1.2212914,0.62583095,-3.1486216,0.4293354,841.2442,461.14786,2415.3699
15.026969,0.11478986,1.0203917,-3.2749436,0.43076816,844.23584,462.57916,2425.5527
15.053383,-0.36326408,1.2375283,-3.0624683,0.41542664,843.77545,455.17505,2421.064
14.95408,-0.46428078,1.1510172,-3.0853558,0.41570827,843.3741,453.49457,2418.5881
14.820861,-0.6179634,1.043035,-3.0999427,0.41607645,842.56335,451.52228,2414.9148
