15.376189,0.0,0.0,0.0,0.43301272,573.9744,-766.34906,2463.0598
15.223632,0.0,0.0,0.0,0.43301272,566.23047,-760.3485,2450.0603
15.21262,0.0,0.0,0.0,0.43301272,566.33026,-759.1539,2463.299
15.312385,0.0,0.0,0.0,0.43301272,567.1759,-763.6588,2460.7417
15.012552,0.0,0.0,0.0,0.43301272,566.2635,-755.93835,2465.6577
15.274419,0.0,0.0,0.0,0.43301272,554.1597,-737.9203,2433.9514
15.388056,0.0,0.0,0.0,0.43301272,563.7854,-746.24,2453.2273
14.877642,0.0,0.0,0.0,0.43301272,557.6398,-730.25946,2444.728
14.775912,0.0,0.0,0.0,0.43301272,562.74084,-734.4966,2444.5435
15.03247,0.0,0.0,0.0,0.43301272,561.23553,-743.0536,2445.245
15.211667,0.0,0.0,0.0,0.43301272,561.967,-746.876,2449.1414
15.445853,0.0,0.0,0.0,0.43301272,569.6554,-762.97217,2461.357
