12.468841,0.0,0.0,0.0,0.43301272,549.2506,-750.63135,2465.9727
12.43752,0.0,0.0,0.0,0.43301272,549.6311,-754.4949,2467.2126
12.10963,0.0,0.0,0.0,0.43301272,549.7278,-743.2567,2457.267
12.032831,0.0,0.0,0.0,0.43301272,547.522,-746.6896,2449.3208
11.882765,0.0,0.0,0.0,0.43301272,548.0321,-761.5054,2448.355
11.831346,0.0,0.0,0.0,0.43301272,550.9682,-740.468,2437.8699
11.942503,0.0,0.0,0.0,0.43301272,550.39844,-746.1041,2443.9563
11.917895,0.0,0.0,0.0,0.43301272,546.9302,-743.2295,2441.8933
12.360247,0.0,0.0,0.0,0.43301272,545.61896,-750.623,2436.278
12.875967,0.0,0.0,0.0,0.43301272,548.52893,-771.5314,2469.2363
13.069021,0.0,0.0,0.0,0.43301272,548.5817,-749.24146,2451.379
