16.237194,0.0,0.0,0.0,0.43301272,512.54236,-757.17114,2408.6333
16.194109,0.0,0.0,0.0,0.43301272,509.04242,-751.95044,2401.2825
15.854284,0.0,0.0,0.0,0.43301272,512.4662,-758.2433,2412.6917
15.444309,0.0,0.0,0.0,0.43301272,509.5293,-754.1526,2407.5464
14.705388,0.0,0.0,0.0,0.43301272,514.195,-754.2852,2409.4536
14.616039,0.0,0.0,0.0,0.43301272,511.09894,-758.92786,2408.3
13.820911,0.0,0.0,0.0,0.43301272,510.15155,-750.87634,2404.719
13.435844,0.0,0.0,0.0,0.43301272,512.56116,-756.948,2413.1426
13.208635,0.0,0.0,0.0,0.43301272,510.88647,-753.7677,2401.8523
13.257748,0.0,0.0,0.0,0.43301272,513.09033,-756.37024,2410.137
12.89394,0.0,0.0,0.0,0.43301272,515.1909,-760.01904,2407.32
12.99955,0.0,0.0,0.0,0.43301272,512.06067,-751.4646,2403.9065
