15.148,0.07881509,-1.3955947,-0.15704784,0.4229184,570.21326,56.799835,2425.0479
15.139608,0.06727607,-1.3683405,-0.18112859,0.4240774,574.4477,54.487442,2424.4036
14.872053,0.110114455,-1.312664,-0.24380007,0.42628068,582.35126,21.989304,2447.8147
14.5637865,0.16439109,-1.6755801,-0.24799888,0.41727278,577.14655,27.163116,2441.8528
14.709383,0.16458113,-1.7501482,-0.25540206,0.41511533,575.1895,29.95401,2437.8928
14.162843,-0.088771254,-1.75759,-0.2727123,0.4171933,591.8159,52.38925,2411.3577
14.456861,0.051770177,-1.6925544,-0.301015,0.41881588,584.15674,49.69211,2420.3203
14.847065,0.0868213,-1.3878736,-0.23105915,0.4246315,577.6101,44.199036,2423.626
14.739018,0.07222996,-1.385091,-0.22959764,0.42473903,579.20374,44.43051,2424.2012
14.737036,0.06718558,-1.3373286,-0.22294544,0.42559114,579.4879,43.6474,2422.9822
14.849514,0.16191553,-1.3179185,-0.24606681,0.4259371,580.7084,48.654404,2428.81
