13.378683,0.31206948,0.8001885,0.12403166,0.4267455,710.27795,237.09178,2435.5552
13.436976,0.29065832,0.7498625,0.12690711,0.42713434,711.0807,235.64139,2436.1182
13.228375,0.3835289,0.7136929,0.09304145,0.42821607,712.037,236.7283,2438.3145
13.554653,0.474406,0.8772367,0.0832461,0.4269256,709.4807,244.84354,2443.0994
13.785341,0.53353745,0.9204866,0.07515701,0.42663035,709.8098,247.95529,2443.083
14.2955885,0.44636494,0.95523953,0.07759236,0.42621338,710.7893,244.19133,2440.6235
14.676769,0.47006202,1.0686712,0.06790553,0.42503604,708.83044,242.57657,2437.8245
15.040738,0.47415516,1.0503118,0.07448556,0.42512727,710.1369,244.52814,2436.707
15.238993,0.4366621,0.96179837,0.08494641,0.42596912,710.52216,235.91266,2432.4404
15.524701,0.4185876,0.8829518,0.078512736,0.42698088,711.31146,237.28302,2434.7178
15.424622,0.41815472,0.8403127,0.072256856,0.4275508,711.0584,239.1524,2434.358
