13.128422,0.0,0.0,0.0,0.43301272,768.9202,-119.97606,2346.833
13.12258,0.0,0.0,0.0,0.43301272,767.85364,-116.8394,2344.8562
12.817382,0.0,0.0,0.0,0.43301272,774.513,-112.36557,2353.9885
12.718562,0.0,0.0,0.0,0.43301272,775.06946,-111.63231,2342.8652
12.951742,0.0,0.0,0.0,0.43301272,782.8184,-108.91025,2339.12
13.369972,0.0,0.0,0.0,0.43301272,781.65045,-131.7572,2319.282
13.332402,0.0,0.0,0.0,0.43301272,807.02893,-46.211136,2220.6272
13.412098,0.0,0.0,0.0,0.43301272,814.6089,17.811142,2200.8696
13.724867,0.0,0.0,0.0,0.43301272,712.86487,-55.18651,2307.2488
13.754116,0.0,0.0,0.0,0.43301272,869.0614,227.47556,2188.9233
13.419772,0.0,0.0,0.0,0.43301272,683.0827,21.489151,2298.2188
13.402267,0.0,0.0,0.0,0.43301272,887.0738,326.08606,2174.76
13.935984,0.0,0.0,0.0,0.43301272,892.0125,370.5583,2216.7585
13.750252,0.0,0.0,0.0,0.43301272,695.9372,449.3686,2198.3672
13.936924,0.0,0.0,0.0,0.43301272,880.4509,451.6739,2252.536
14.044462,0.0,0.0,0.0,0.43301272,878.48486,490.56165,2309.2776
13.713427,0.0,0.0,0.0,0.43301272,868.3186,485.54413,2343.395
14.191538,0.0,0.0,0.0,0.43301272,882.50696,483.71582,2350.1511
14.374219,0.0,0.0,0.0,0.43301272,867.40405,408.6349,2338.1763
14.146177,0.0,0.0,0.0,0.43301272,664.9718,-8.879822,2280.2852
14.086441,0.0,0.0,0.0,0.43301272,774.57086,322.22784,2293.3125
14.092308,0.0,0.0,0.0,0.43301272,890.2519,518.48944,2347.9978
14.566856,0.0,0.0,0.0,0.43301272,888.1058,489.95172,2319.3855
14.867308,0.0,0.0,0.0,0.43301272,891.68604,458.7364,2288.1716
15.026094,0.0,0.0,0.0,0.43301272,896.07825,398.7127,2215.3245
14.91238,0.0,0.0,0.0,0.43301272,886.89404,350.19003,2196.3152
14.584377,0.0,0.0,0.0,0.43301272,883.3154,305.4036,2167.6504
14.295406,0.0,0.0,0.0,0.43301272,867.171,234.59923,2136.3105
13.865942,0.0,0.0,0.0,0.43301272,863.11884,177.87413,2160.4783
13.551304,0.0,0.0,0.0,0.43301272,760.71063,60.016884,2226.4648
13.745924,0.0,0.0,0.0,0.43301272,812.4412,63.902557,2183.9133
13.444146,0.0,0.0,0.0,0.43301272,807.49646,23.709457,2194.72
13.443745,0.0,0.0,0.0,0.43301272,800.91425,-63.280212,2243.618
13.991959,0.0,0.0,0.0,0.43301272,799.5432,-98.59363,2290.318
14.460672,0.0,0.0,0.0,0.43301272,785.4699,-126.30751,2319.8909
14.269301,0.0,0.0,0.0,0.43301272,795.07623,-123.61363,2346.4453
13.877485,0.0,0.0,0.0,0.43301272,788.0918,-105.16585,2348.6887
13.299141,0.0,0.0,0.0,0.43301272,781.321,-117.388214,2363.5312
