13.742951,0.0,0.0,0.0,0.43301272,307.66385,-58.6911,2093.801
13.734356,0.0,0.0,0.0,0.43301272,304.92917,-61.80414,2094.1025
14.369529,0.0,0.0,0.0,0.43301272,300.30148,-61.401184,2091.4875
15.0382395,0.0,0.0,0.0,0.43301272,302.0831,-57.48413,2091.6636
15.583494,0.0,0.0,0.0,0.43301272,303.03616,-63.43634,2090.8828
15.1968775,0.0,0.0,0.0,0.43301272,306.27246,-55.750214,2092.193
14.949126,0.0,0.0,0.0,0.43301272,305.8298,-59.82617,2088.8037
14.814024,0.0,0.0,0.0,0.43301272,306.62204,-54.360413,2089.3052
14.1779175,0.0,0.0,0.0,0.43301272,319.91373,-51.44751,2076.385
14.04895,0.0,0.0,0.0,0.43301272,335.05212,-45.273224,2054.3137
13.720235,0.0,0.0,0.0,0.43301272,380.4211,4.952408,2007.307
13.875615,0.0,0.0,0.0,0.43301272,407.12173,77.6637,1971.2527
13.850021,0.0,0.0,0.0,0.43301272,435.89606,141.3389,1945.3882
14.092499,0.0,0.0,0.0,0.43301272,467.0611,198.58113,1918.7493
14.080666,0.0,0.0,0.0,0.43301272,470.46005,229.19717,1919.4108
13.576246,0.0,0.0,0.0,0.43301272,489.77478,303.2237,1908.786
13.724037,0.0,0.0,0.0,0.43301272,493.35663,336.13257,1905.283
13.333098,0.0,0.0,0.0,0.43301272,493.41437,377.46564,1909.4688
12.936645,0.0,0.0,0.0,0.43301272,483.498,457.79694,1938.1117
12.582898,0.0,0.0,0.0,0.43301272,483.4519,495.6682,1956.1538
12.222379,0.0,0.0,0.0,0.43301272,479.45554,568.99255,1994.7467
12.018416,0.0,0.0,0.0,0.43301272,480.71323,606.49335,2020.6335
12.26615,0.0,0.0,0.0,0.43301272,474.06934,649.8113,2072.627
12.307752,0.0,0.0,0.0,0.43301272,469.2269,659.8451,2090.032
12.083899,0.0,0.0,0.0,0.43301272,465.9321,668.74255,2106.1638
11.843095,0.0,0.0,0.0,0.43301272,465.32816,675.69464,2118.1519
11.588503,0.0,0.0,0.0,0.43301272,463.71326,679.7063,2120.3987
11.704363,0.0,0.0,0.0,0.43301272,462.66037,678.636,2118.2751
11.546628,0.0,0.0,0.0,0.43301272,464.7256,676.8532,2118.9683
11.706388,0.0,0.0,0.0,0.43301272,469.93246,676.39417,2119.9834
12.301027,0.0,0.0,0.0,0.43301272,473.3948,676.9991,2118.105
12.320953,0.0,0.0,0.0,0.43301272,474.62344,676.721,2116.3113
12.410687,0.0,0.0,0.0,0.43301272,474.47824,675.79724,2112.1995
12.328096,0.0,0.0,0.0,0.43301272,480.40793,669.02026,2098.18
12.8722315,0.0,0.0,0.0,0.43301272,489.5548,645.9927,2071.8987
12.938919,0.0,0.0,0.0,0.43301272,494.70953,632.7983,2055.8147
12.623258,0.0,0.0,0.0,0.43301272,506.11395,591.1456,2020.2776
12.784147,0.0,0.0,0.0,0.43301272,509.63348,552.756,1990.7122
13.292766,0.0,0.0,0.0,0.43301272,510.67447,535.4555,1978.7708
12.807016,0.0,0.0,0.0,0.43301272,513.4894,489.74655,1954.6042
12.745635,0.0,0.0,0.0,0.43301272,515.83716,470.41452,1945.5444
12.34803,0.0,0.0,0.0,0.43301272,513.7743,423.1152,1924.4167
12.351345,0.0,0.0,0.0,0.43301272,514.5652,398.93442,1921.3074
12.675268,0.0,0.0,0.0,0.43301272,513.10187,352.76663,1913.0237
12.84221,0.0,0.0,0.0,0.43301272,501.95532,287.46472,1912.744
13.268359,0.0,0.0,0.0,0.43301272,492.94565,220.82736,1919.4939
13.647336,0.0,0.0,0.0,0.43301272,469.9613,168.5029,1935.8113
13.660198,0.0,0.0,0.0,0.43301272,458.14737,145.4574,1943.298
13.953851,0.0,0.0,0.0,0.43301272,448.56522,96.56879,1947.7059
13.795903,0.0,0.0,0.0,0.43301272,442.6038,83.22066,1963.5079
13.232767,0.0,0.0,0.0,0.43301272,424.2051,47.22238,1986.0071
13.232955,0.0,0.0,0.0,0.43301272,417.29556,35.118423,2001.0278
13.259116,0.0,0.0,0.0,0.43301272,403.28204,6.175247,2023.4669
13.228956,0.0,0.0,0.0,0.43301272,394.61862,-4.778305,2029.2085
