14.058132,0.0,0.0,0.0,0.43301272,423.15292,0.41030884,2091.9924
14.106897,0.0,0.0,0.0,0.43301272,423.9193,0.73376465,2091.4512
13.950743,0.0,0.0,0.0,0.43301272,423.55722,1.6967773,2092.1123
13.859945,0.0,0.0,0.0,0.43301272,421.82312,-1.2812195,2090.3274
13.721594,0.0,0.0,0.0,0.43301272,423.14667,-6.1337585,2089.392
13.999057,0.0,0.0,0.0,0.43301272,421.30472,-2.5853577,2086.3809
13.806801,0.0,0.0,0.0,0.43301272,423.5233,2.8963318,2087.4868
14.040451,0.0,0.0,0.0,0.43301272,422.04904,6.8024597,2085.444
13.633282,0.0,0.0,0.0,0.43301272,426.25256,12.686676,2069.1099
13.805841,0.0,0.0,0.0,0.43301272,441.0636,7.7441406,2024.3671
13.613844,0.0,0.0,0.0,0.43301272,449.27448,17.36171,1998.5542
13.512777,0.0,0.0,0.0,0.43301272,463.2586,33.01767,1970.8567
13.491277,0.0,0.0,0.0,0.43301272,476.7485,81.61,1945.3799
12.820512,0.0,0.0,0.0,0.43301272,507.1407,152.39941,1903.1738
13.351266,0.0,0.0,0.0,0.43301272,518.5194,217.70221,1882.9111
13.310961,0.0,0.0,0.0,0.43301272,523.03345,250.98532,1879.6656
13.385633,0.0,0.0,0.0,0.43301272,532.52155,322.1707,1871.0876
13.409777,0.0,0.0,0.0,0.43301272,541.4492,374.8951,1878.754
13.313238,0.0,0.0,0.0,0.43301272,546.54614,407.12656,1884.8303
13.125479,0.0,0.0,0.0,0.43301272,550.9426,457.63217,1906.4098
13.497804,0.0,0.0,0.0,0.43301272,553.2214,479.6514,1913.5742
31.634666,0.0,0.0,0.0,0.43301272,528.93176,621.4601,1998.6163
29.558794,0.0,0.0,0.0,0.43301272,289.42938,511.90454,2104.2673
27.791025,0.0,0.0,0.0,0.43301272,471.14978,600.9354,2017.868
25.566353,0.0,0.0,0.0,0.43301272,436.16736,608.2342,2048.0667
24.572023,0.0,0.0,0.0,0.43301272,433.85712,620.9706,2060.394
22.032629,0.0,0.0,0.0,0.43301272,427.02405,637.6573,2079.575
20.49692,0.0,0.0,0.0,0.43301272,415.12585,634.84766,2087.469
20.049198,0.0,0.0,0.0,0.43301272,413.91797,641.4154,2086.7507
19.412209,0.0,0.0,0.0,0.43301272,416.39334,639.23193,2063.6677
18.664616,0.0,0.0,0.0,0.43301272,424.3722,634.9091,2055.625
18.402992,0.0,0.0,0.0,0.43301272,436.52252,647.38416,2055.455
17.844452,0.0,0.0,0.0,0.43301272,453.17563,623.885,2049.691
17.601261,0.0,0.0,0.0,0.43301272,457.4911,611.43646,2040.8413
16.637545,0.0,0.0,0.0,0.43301272,470.30817,631.31476,2041.1842
15.944224,0.0,0.0,0.0,0.43301272,476.09045,635.934,2036.8337
15.2344265,0.0,0.0,0.0,0.43301272,477.266,625.1859,2013.236
14.747351,0.0,0.0,0.0,0.43301272,479.5781,612.2685,1998.1041
14.053737,0.0,0.0,0.0,0.43301272,481.27106,589.10767,1988.885
13.4617605,0.0,0.0,0.0,0.43301272,476.84882,567.35004,1981.4266
12.940982,0.0,0.0,0.0,0.43301272,490.34213,526.04706,1948.403
12.476234,0.0,0.0,0.0,0.43301272,480.86697,455.12106,1934.1661
12.144314,0.0,0.0,0.0,0.43301272,468.75183,349.55008,1929.8435
12.1677265,0.0,0.0,0.0,0.43301272,455.72696,305.13525,1935.3047
11.788474,0.0,0.0,0.0,0.43301272,455.2211,272.5394,1914.0162
11.7269535,0.0,0.0,0.0,0.43301272,436.96597,235.07808,1935.4915
11.73705,0.0,0.0,0.0,0.43301272,411.68182,228.16208,1946.5131
11.6619625,0.0,0.0,0.0,0.43301272,426.24902,190.84644,1922.7964
11.614479,0.0,0.0,0.0,0.43301272,408.73334,176.93285,1950.0209
11.618245,0.0,0.0,0.0,0.43301272,419.36282,129.93216,1947.0142
11.459094,0.0,0.0,0.0,0.43301272,400.3821,77.260315,1972.9473
11.382278,0.0,0.0,0.0,0.43301272,341.6961,116.689606,1979.5256
11.362353,0.0,0.0,0.0,0.43301272,375.65646,32.383026,2003.3904
11.4068985,0.0,0.0,0.0,0.43301272,362.3654,32.00708,2028.0327
11.445205,0.0,0.0,0.0,0.43301272,353.9214,35.419434,2048.1746
11.322132,0.0,0.0,0.0,0.43301272,356.50116,46.12262,2065.7266
