14.275233,0.08796634,-0.29252896,-3.4670906,0.43560773,336.32074,571.1878,2162.8635
14.240776,0.058743753,-0.29908386,-3.4683661,0.43582028,335.82938,567.98083,2160.5493
14.394912,0.023772353,-0.29348907,-3.4680645,0.43555704,338.55112,577.52344,2160.042
14.51658,-0.054616828,-0.22430798,-3.4784012,0.4363799,333.93118,573.68494,2156.0488
14.732382,0.07236811,-0.41108277,-3.4529417,0.4355288,332.1965,570.1382,2156.6848
14.8687315,0.21725503,-0.49117553,-3.4227817,0.43360487,335.8953,571.4661,2157.8298
14.340062,0.32467884,-0.48216122,-3.4247231,0.43585998,337.43442,573.9214,2162.904
13.94437,0.49002016,-0.5836545,-3.3679597,0.43278858,340.3229,576.7474,2165.6875
13.335624,0.51758116,-0.5465941,-3.3841166,0.43841407,341.55328,577.0115,2165.1714
13.635366,0.49184507,-0.53786385,-3.3855615,0.4413274,341.0028,578.393,2168.6187
13.334682,0.8758518,-0.5731773,-3.2800782,0.43454936,341.4662,580.46875,2171.4285
13.516884,1.0187346,-0.65950775,-3.1936772,0.4295446,342.97302,577.0467,2170.88
13.773592,1.0595434,-0.7009773,-3.1557548,0.42696595,342.78806,575.71313,2167.0815
13.809717,1.0091587,-0.8767581,-3.0881035,0.42147073,344.16034,579.98755,2163.8948
13.78429,1.007974,-0.9370416,-3.0429835,0.4177893,344.55475,584.01715,2163.6125
13.293952,1.1035402,-1.0647367,-2.9091208,0.4112387,339.8035,579.89246,2159.8354
13.327906,1.1798341,-1.1342342,-2.8193731,0.40773314,338.894,578.12244,2157.4524
12.896547,1.3476334,-1.1289722,-2.6859324,0.40128133,337.03983,585.1425,2161.4727
12.89757,1.3720303,-1.1428822,-2.6326058,0.39765653,336.674,591.61,2163.8933
12.59273,1.4160657,-1.238507,-2.4551785,0.3869441,335.5555,591.9449,2160.171
12.620288,1.4386619,-1.3231655,-2.2327678,0.37222698,335.153,590.2257,2157.5024
12.655074,1.4697099,-1.3640745,-1.9828588,0.35542154,332.72266,583.30005,2156.6016
13.334923,1.4639113,-1.4093369,-1.7170864,0.33682856,327.89313,572.2368,2150.5042
12.688959,1.5101388,-1.4441075,-1.7519531,0.34311825,323.43484,562.3602,2151.895
13.130255,1.5108399,-1.445061,-1.8335036,0.34927094,325.6761,562.1688,2153.6562
12.811532,1.4960159,-1.4260302,-2.009841,0.36126164,328.786,568.2554,2155.6355
12.342668,1.4263636,-1.3483955,-2.409816,0.38858438,330.5602,569.81714,2157.3904
12.249231,1.2478287,-1.209661,-2.7334435,0.4055341,332.84903,576.20166,2162.0178
12.267532,1.1364607,-1.1048493,-2.8945725,0.41363007,332.86078,580.43665,2161.4375
12.5329,0.93223476,-0.7853976,-3.183259,0.42966884,335.91922,580.2579,2164.998
12.655329,0.8690945,-0.6130901,-3.2704992,0.43493932,337.34412,579.3489,2164.317
12.755327,0.46574062,-0.4129556,-3.4045417,0.4448506,337.6565,579.55414,2163.9148
13.303931,0.12582272,-0.27265632,-3.4672716,0.4463737,338.776,583.70056,2170.5532
13.333323,0.08226152,-0.2716265,-3.4825397,0.44391713,337.23883,585.9391,2165.75
13.21745,0.06997879,-0.32639143,-3.4761267,0.43851987,339.86337,583.6422,2164.4067
13.746516,0.07456417,-0.30142224,-3.4671886,0.43571788,341.42978,583.80615,2165.9524
13.674584,-0.045223333,-0.2385757,-3.4747329,0.43588433,340.77133,579.1228,2163.425
13.8562355,-0.29459134,-0.023573464,-3.473505,0.43630612,336.50433,575.7306,2162.5862
13.69312,-0.46483913,0.17105176,-3.434057,0.43392327,337.35416,587.39276,2164.4465
13.970402,-0.6291211,0.24469694,-3.3896174,0.43215984,336.81738,585.57874,2162.6558
13.559608,-0.7262501,0.28277215,-3.3536286,0.43041623,337.7241,574.6073,2162.3137
13.528167,-0.73483807,0.28031358,-3.349277,0.43006766,338.4732,579.47064,2161.6472
13.427528,-0.7391733,0.29251793,-3.3472447,0.43007308,337.8928,577.8471,2161.3784
13.466854,-0.6723369,0.3216264,-3.3590798,0.43012026,339.0903,577.8018,2163.1714
13.487874,-0.64917785,0.34355754,-3.364849,0.43057758,337.8395,574.4185,2165.8396
