12.464436,-0.0047123386,-0.0025293718,2.0029185,0.25036675,37.681362,563.3666,2149.072
12.468588,-0.0037676678,-0.0020223155,2.0023365,0.25029328,34.06469,555.0259,2150.3142
12.194871,-0.003012724,-0.0016170954,2.0018702,0.25023454,30.627308,550.4324,2153.0894
11.927856,-0.0019268444,-0.0010342436,2.0011978,0.25015005,33.545753,563.42444,2159.3623
12.104904,-0.0015411058,-8.2719646E-4,2.0009582,0.25011998,34.206093,568.43384,2158.9702
11.935613,-9.859672E-4,-5.292229E-4,2.0006135,0.25007674,21.367321,566.2247,2164.6526
12.034322,-6.3087954E-4,-3.3862775E-4,2.0003922,0.25004902,26.679832,568.9258,2177.2017
12.131379,-5.04664E-4,-2.708809E-4,2.000314,0.25003925,30.723518,571.64355,2176.1726
12.120413,-4.0370584E-4,-2.1669107E-4,2.0002508,0.25003135,28.02869,579.9009,2184.632
12.012557,-2.5834836E-4,-1.3866973E-4,2.0001605,0.25002006,19.985603,571.5998,2182.6855
12.459119,-1.6533337E-4,-8.8743494E-5,2.0001025,0.25001281,19.696846,570.4189,2187.2556
12.788219,-1.3226402E-4,-7.0993345E-5,2.0000823,0.25001028,16.514439,570.3675,2195.5007
12.441381,-1.0580947E-4,-5.679374E-5,2.0000656,0.2500082,14.935585,568.219,2200.2803
12.20411,-8.464647E-5,-4.54344E-5,2.0000525,0.25000656,9.6783285,564.1111,2205.7922
12.192967,-6.7716464E-5,-3.6347134E-5,2.000042,0.25000525,25.525232,569.21545,2194.1753
12.368155,-4.333789E-5,-2.3261811E-5,2.000027,0.25000337,33.566685,572.0342,2185.361
12.698764,-3.4670127E-5,-1.8609353E-5,2.0000215,0.25000268,35.648216,573.3902,2185.3596
13.249261,-0.36525288,0.3421932,2.1687033,0.31158665,35.584217,572.5125,2183.1172
13.352409,-0.6073514,0.66269106,1.9101528,0.34161115,36.577995,572.3371,2180.4084
13.5406885,-0.76552016,0.922503,1.5762403,0.35951915,36.891903,572.45166,2178.7686
13.6535225,-0.96909,1.4875001,0.6975461,0.38184398,36.988213,572.92316,2177.7039
14.047197,-0.97331536,1.8023705,0.29019192,0.3817261,36.702366,574.81464,2178.6772
13.943643,-0.85669535,2.1092865,-0.13643657,0.37836918,36.45228,572.95386,2178.6445
13.24406,-0.7430421,2.2682464,-0.36000124,0.37289664,28.624985,572.68665,2182.627
13.72756,-0.6848469,2.3644266,-0.40707445,0.354834,19.173939,572.13007,2179.393
13.558016,-0.6389185,2.3784657,-0.35983267,0.3483538,18.390537,572.1238,2178.58
13.190505,-1.3706703,0.21691948,1.8219248,0.2919928,18.337654,571.8523,2177.5337
13.909365,-0.8865001,-0.2320955,1.9094024,0.26475617,11.235458,559.1211,2159.4724
13.931332,-0.6779893,-0.03770338,1.9031041,0.2528067,12.45005,557.4868,2155.7769
13.5338545,-0.18613093,0.0025700077,0.70563453,0.68368745,7.2154713,556.7396,2161.657
13.244976,-0.18548755,-0.0020905095,0.7071337,0.6823136,10.043999,557.00977,2159.5776
12.747435,-0.22002588,0.0048083565,0.6966055,0.68286616,12.130926,557.2948,2156.2505
12.75779,-0.20600429,0.013065404,0.70787394,0.6755042,5.7811785,556.49036,2157.2322
12.3268,-0.24721038,0.17735665,2.042518,0.25885615,2.1708639,550.2319,2161.545
12.316681,0.47780165,0.87131476,1.9202884,0.2727207,8.941445,543.4254,2155.7678
12.471245,0.9509503,1.2767496,1.5433446,0.27717072,15.361595,545.6201,2162.6448
12.689813,0.81564754,1.1266826,1.624012,0.2673298,12.852732,551.54364,2176.8872
