14.025572,-0.06480572,0.50596297,-3.4029422,0.43012422,771.2157,414.63177,2441.9214
14.068663,-0.065168016,0.34420753,-3.4404967,0.43229613,772.1089,413.701,2445.0793
13.769006,-0.30015266,0.29776448,-3.443175,0.43388718,761.5329,420.36487,2433.3154
14.213935,-0.27867728,0.21934761,-3.4597816,0.43517825,763.9617,414.24347,2436.5857
14.624417,-0.31906372,0.22921807,-3.4637818,0.43690893,759.99225,416.0074,2433.578
14.87798,-0.28379035,0.25268057,-3.467955,0.43764102,761.8053,415.62512,2435.7307
14.613974,-0.27760205,0.2512594,-3.4677284,0.4373825,762.812,414.2553,2436.415
14.778875,-0.29068112,0.22133477,-3.4724486,0.4383123,761.9346,412.6411,2435.287
14.064603,-0.23206012,0.24121936,-3.4709728,0.43699822,764.09326,410.74457,2439.413
13.990796,-0.20545176,0.2610826,-3.4701185,0.4367785,764.46814,412.18842,2439.817
14.007119,-0.37132004,0.4046467,-3.425738,0.43442988,760.89496,413.90417,2430.983
14.091037,-0.1579718,-0.22725862,-3.4903185,0.44164595,765.2879,412.39093,2436.9065
13.923634,-1.4713733,1.0384727,-2.5402803,0.39054736,767.31604,402.40515,2425.4167
14.160735,-1.3731852,0.81571853,-2.8955595,0.41343576,768.7331,406.3172,2435.2085
14.295657,0.07704361,-0.51128745,-3.4290032,0.4452351,764.6866,408.93143,2431.6943
14.178625,0.15134539,-0.60551625,-3.3969798,0.4448747,762.9051,411.92767,2428.5442
13.885232,0.6747048,-0.83343846,-3.249614,0.43129325,763.1263,412.3734,2426.337
13.749614,0.76070607,-0.9420538,-3.1642535,0.4252346,772.9993,417.5091,2421.7332
13.9106455,0.95037216,-0.61459696,-3.1140184,0.41549644,794.76105,417.86484,2448.745
13.842621,1.0724548,-0.80024636,-2.9546475,0.40732312,796.8828,417.57422,2476.7434
14.043383,1.1697385,-0.8437788,-2.8766024,0.4041332,790.7733,417.0523,2448.9768
13.844413,1.0706224,-0.9620696,-2.8867452,0.40433905,789.7299,420.89505,2447.6826
13.783293,1.0666128,-1.0191507,-2.8460314,0.40191904,789.59485,425.23233,2451.4927
13.643419,1.0685937,-1.0029405,-2.94641,0.41134733,788.4723,431.37158,2442.3672
13.340817,0.9513112,-1.0722725,-3.0180259,0.41939965,788.9158,419.46893,2434.304
13.407789,1.1084172,-0.8180557,-3.057451,0.41951087,790.22363,423.85327,2428.42
13.780908,1.0976906,-0.83404696,-3.0460792,0.41808558,789.0378,415.47034,2434.9998
13.901952,2.5289695,0.04689665,-1.9829926,0.40209904,792.7962,415.1655,2455.1157
13.39525,-1.3132861,1.2613002,-1.8530673,0.33676386,796.6556,417.21802,2432.9119
13.102451,0.8476756,-0.9712782,-2.9949203,0.40853232,794.8491,427.58856,2446.5938
12.913775,0.6053106,-0.8000415,-3.2182472,0.4214096,793.9399,427.8332,2441.4805
13.2060795,0.57680565,-0.76412535,-3.2463195,0.42307484,792.31885,426.3017,2435.7156
13.133197,0.32551768,-0.6006228,-3.380029,0.4314672,781.7578,419.33875,2418.9941
13.528285,-0.20295613,-0.77592605,-3.3753018,0.439905,768.02374,413.9032,2412.3596
13.734691,-1.4362831,0.7352736,-2.802602,0.40529987,771.9435,406.63843,2418.2524
14.001216,-1.355933,0.8101414,-2.8135111,0.40438446,774.14215,406.9404,2422.276
14.201972,-0.254884,-0.3401867,-3.4720178,0.44054562,765.0227,406.3592,2417.7483
14.64114,-0.19391325,-0.120727554,-3.493369,0.4400581,765.2519,402.90195,2425.4077
14.911631,-0.21433243,-0.14447376,-3.4910252,0.44004008,761.07104,399.7527,2418.268
15.192892,-0.06661587,-0.26246744,-3.4869916,0.43951944,767.7807,405.9273,2425.1006
15.460364,0.12563106,-0.15198877,-3.4681346,0.43433917,772.918,402.313,2433.7375
