12.206059,0.0,0.0,0.0,0.43301272,340.8946,-622.396,2118.872
12.666243,0.0,0.0,0.0,0.43301272,335.46017,-625.3185,2118.5242
12.630194,0.0,0.0,0.0,0.43301272,337.9908,-625.0756,2122.5803
12.586374,0.0,0.0,0.0,0.43301272,343.98544,-618.0649,2120.0747
12.841089,0.0,0.0,0.0,0.43301272,338.5825,-624.0745,2112.7847
13.095017,0.0,0.0,0.0,0.43301272,340.72214,-622.0318,2108.568
13.09636,0.0,0.0,0.0,0.43301272,341.2833,-628.1134,2122.0972
12.801404,0.0,0.0,0.0,0.43301272,341.28604,-626.01416,2118.4336
12.442999,0.0,0.0,0.0,0.43301272,338.85355,-608.646,2123.7007
12.449796,0.0,0.0,0.0,0.43301272,342.91797,-614.2136,2117.0862
12.524049,0.0,0.0,0.0,0.43301272,340.63794,-620.5144,2116.7493
12.249796,0.0,0.0,0.0,0.43301272,345.61743,-621.2981,2120.2004
12.268143,0.0,0.0,0.0,0.43301272,342.53284,-620.53516,2116.6248
11.900606,0.0,0.0,0.0,0.43301272,343.2878,-618.6758,2113.8088
11.771638,0.0,0.0,0.0,0.43301272,343.73157,-616.75934,2114.6707
11.979087,0.0,0.0,0.0,0.43301272,344.03445,-618.33954,2116.243
11.720987,0.0,0.0,0.0,0.43301272,344.64444,-618.6858,2119.911
12.229374,0.0,0.0,0.0,0.43301272,338.16843,-625.29407,2111.827
12.6074505,0.0,0.0,0.0,0.43301272,340.16098,-625.3325,2116.0103
12.468315,0.0,0.0,0.0,0.43301272,343.9495,-622.65283,2116.2476
12.442757,0.0,0.0,0.0,0.43301272,341.80875,-624.1741,2118.77
12.373089,0.0,0.0,0.0,0.43301272,340.83444,-628.2886,2117.4207
12.507516,0.0,0.0,0.0,0.43301272,342.0933,-625.0759,2119.289
12.530785,0.0,0.0,0.0,0.43301272,339.14395,-624.5545,2120.8367
12.560568,0.0,0.0,0.0,0.43301272,336.33148,-629.0662,2122.922
12.670114,0.0,0.0,0.0,0.43301272,341.0867,-618.02893,2122.638
12.829783,0.0,0.0,0.0,0.43301272,341.30453,-619.05286,2116.273
12.6106615,0.0,0.0,0.0,0.43301272,346.29434,-628.3903,2115.9324
13.065346,0.0,0.0,0.0,0.43301272,346.00845,-613.65076,2120.8213
12.704611,0.0,0.0,0.0,0.43301272,348.5402,-618.7909,2117.8257
12.788477,0.0,0.0,0.0,0.43301272,345.3548,-623.6448,2114.9717
13.158964,0.0,0.0,0.0,0.43301272,339.8912,-625.3302,2119.527
13.176361,0.0,0.0,0.0,0.43301272,340.28745,-631.87964,2119.8809
13.179846,0.0,0.0,0.0,0.43301272,339.96606,-621.3742,2114.2234
12.722659,0.0,0.0,0.0,0.43301272,343.6573,-618.89014,2114.4026
12.720673,0.0,0.0,0.0,0.43301272,335.08035,-620.27893,2121.205
12.478315,0.0,0.0,0.0,0.43301272,335.53006,-606.59247,2122.5183
12.155635,0.0,0.0,0.0,0.43301272,344.17822,-624.8336,2119.8325
11.324464,0.0,0.0,0.0,0.43301272,345.7091,-623.39575,2116.6743
11.497426,0.0,0.0,0.0,0.43301272,343.48257,-626.5576,2118.2065
11.420755,0.0,0.0,0.0,0.43301272,342.8584,-627.12036,2126.5393
11.156008,0.0,0.0,0.0,0.43301272,341.25015,-626.8667,2115.2861
11.483467,0.0,0.0,0.0,0.43301272,343.02203,-625.2035,2118.2708
12.088699,0.0,0.0,0.0,0.43301272,341.94623,-625.4435,2121.747
12.192157,0.0,0.0,0.0,0.43301272,343.1199,-620.7373,2121.4763
11.641047,0.0,0.0,0.0,0.43301272,341.56735,-621.1727,2112.9265
11.383953,0.0,0.0,0.0,0.43301272,339.08545,-625.40576,2120.071
11.134245,0.0,0.0,0.0,0.43301272,338.5016,-628.1305,2116.4253
11.174059,0.0,0.0,0.0,0.43301272,342.3964,-624.5476,2114.2708
11.029495,0.0,0.0,0.0,0.43301272,345.0774,-623.5215,2116.5388
10.876621,0.0,0.0,0.0,0.43301272,339.70352,-622.6142,2113.0444
10.768923,0.0,0.0,0.0,0.43301272,345.62302,-628.38635,2121.287
10.873831,0.0,0.0,0.0,0.43301272,343.77954,-619.3965,2120.409
10.730704,0.0,0.0,0.0,0.43301272,343.17953,-618.07263,2116.9954
