16.507826,0.0,0.0,0.0,0.43301272,635.05457,-768.3022,2438.4968
16.546549,0.0,0.0,0.0,0.43301272,634.8771,-768.0354,2436.8176
16.458971,0.0,0.0,0.0,0.43301272,635.4832,-763.7455,2438.2546
16.155617,0.0,0.0,0.0,0.43301272,636.09814,-764.90106,2443.856
15.837098,0.0,0.0,0.0,0.43301272,634.24854,-765.2793,2440.7168
15.205781,0.0,0.0,0.0,0.43301272,634.3451,-766.833,2434.7976
14.874131,0.0,0.0,0.0,0.43301272,638.559,-765.7297,2442.908
15.004538,0.0,0.0,0.0,0.43301272,638.24133,-760.5692,2430.5393
15.2441435,0.0,0.0,0.0,0.43301272,637.3375,-767.7628,2437.5193
15.447556,0.0,0.0,0.0,0.43301272,637.78357,-759.136,2434.7622
15.525615,0.0,0.0,0.0,0.43301272,629.74396,-766.3896,2435.3374
15.225147,0.0,0.0,0.0,0.43301272,631.49554,-760.5345,2435.9753
15.134452,0.0,0.0,0.0,0.43301272,626.79236,-770.0231,2440.6697
14.995697,0.0,0.0,0.0,0.43301272,629.23224,-766.06946,2435.7173
15.005705,0.0,0.0,0.0,0.43301272,635.54974,-760.35046,2435.6985
14.862685,0.0,0.0,0.0,0.43301272,632.9026,-767.06433,2435.464
14.659736,0.0,0.0,0.0,0.43301272,637.83484,-761.4768,2439.0786
14.871222,0.0,0.0,0.0,0.43301272,634.73016,-761.2908,2442.9458
15.226958,0.0,0.0,0.0,0.43301272,631.5601,-763.27747,2435.9639
15.345841,0.0,0.0,0.0,0.43301272,637.0909,-764.4872,2432.656
15.4242,0.0,0.0,0.0,0.43301272,638.08044,-762.50287,2432.9617
15.29831,0.0,0.0,0.0,0.43301272,638.2266,-763.48224,2442.3137
15.031551,0.0,0.0,0.0,0.43301272,633.2092,-758.1536,2428.977
15.168703,0.0,0.0,0.0,0.43301272,637.8494,-765.53375,2440.6606
14.850998,0.0,0.0,0.0,0.43301272,635.36816,-761.95276,2427.8015
14.642015,0.0,0.0,0.0,0.43301272,638.391,-762.0264,2441.037
14.767656,0.0,0.0,0.0,0.43301272,636.4714,-761.29407,2439.8716
14.540271,0.0,0.0,0.0,0.43301272,636.6559,-755.2555,2433.8423
14.188691,0.0,0.0,0.0,0.43301272,637.9264,-766.3844,2436.8489
13.774019,0.0,0.0,0.0,0.43301272,635.89496,-768.3547,2443.1714
13.691453,0.0,0.0,0.0,0.43301272,636.21576,-766.5663,2439.5564
14.294395,0.0,0.0,0.0,0.43301272,635.41486,-766.3247,2440.9482
14.478853,0.0,0.0,0.0,0.43301272,638.0387,-762.6349,2435.2246
14.902154,0.0,0.0,0.0,0.43301272,632.94916,-764.70325,2433.5535
15.162381,0.0,0.0,0.0,0.43301272,636.83936,-760.2012,2436.3667
15.223356,0.0,0.0,0.0,0.43301272,635.46515,-763.58923,2436.484
15.243226,0.0,0.0,0.0,0.43301272,634.7124,-762.2993,2434.9258
15.375343,0.0,0.0,0.0,0.43301272,636.3087,-762.30945,2437.5872
15.393539,0.0,0.0,0.0,0.43301272,634.4044,-761.7705,2439.491
15.38401,0.0,0.0,0.0,0.43301272,635.97156,-762.438,2435.0623
