14.025572,0.20131756,1.1895764,-0.12044336,0.42706177,685.27814,12.316345,2405.521
14.068663,0.21500413,1.0449463,-0.13625556,0.4295154,684.86444,20.6288,2401.8508
13.769006,0.18235998,1.2021873,-0.042483903,0.42510968,674.69495,29.925125,2397.615
14.213935,0.20064151,1.1173947,-0.09102276,0.42752716,677.3459,33.060486,2395.3647
14.624417,0.23152594,1.1545625,-0.12074037,0.4276802,680.6926,33.381577,2397.7222
14.87798,0.22860263,1.1396863,-0.12175898,0.42791718,681.4709,36.613342,2399.2886
14.613974,0.22385848,1.1313372,-0.09160466,0.4273875,678.39124,38.44052,2399.4927
14.778875,0.24594383,1.1120645,-0.08720091,0.4276192,677.8814,35.25174,2400.2622
14.064603,0.24354818,1.0841925,-0.08889303,0.42804328,678.0038,33.934586,2400.533
13.990796,0.24257725,1.0778968,-0.09399811,0.42823696,678.39667,32.719116,2400.7947
14.007119,0.2415567,1.3364439,-0.08504257,0.42386684,681.12506,30.43869,2409.837
14.091037,0.47989324,1.2636981,-0.18869165,0.4277889,692.91583,10.735474,2424.5554
13.923634,0.4096483,1.3575982,-0.13632362,0.42497954,686.65045,5.847824,2420.1655
14.160735,0.3726919,1.1696261,-0.12206616,0.42772928,682.083,23.274307,2408.0105
14.295657,0.33716884,1.2499195,-0.11168527,0.4261965,680.39233,19.272797,2407.649
14.178625,0.25934404,1.329588,-0.15936467,0.42566407,686.4706,19.687698,2401.346
13.885232,0.26728114,1.3441076,-0.13482454,0.42488885,683.796,15.044815,2403.7834
13.749614,0.2860939,1.3940176,-0.13208623,0.42392468,685.8439,11.303253,2410.459
13.9106455,0.2680353,0.6962917,-0.12383216,0.43294346,677.5739,13.381378,2402.8706
13.842621,0.67556345,0.033317227,-0.3483753,0.4384908,705.22125,13.3216095,2426.4158
14.043383,0.2285386,0.73096585,-0.018531092,0.43045333,666.08575,14.615738,2401.097
13.844413,0.3599275,0.73918605,-0.02555995,0.43058866,669.2996,11.853226,2415.497
13.783293,0.51635164,0.6653434,-0.102814265,0.43265122,679.6922,8.060913,2426.7085
13.643419,0.39959547,0.8677032,-0.2440843,0.43387175,696.03143,-2.268921,2419.7234
13.340817,0.2722768,1.0108935,0.036520742,0.42632622,665.3295,7.2140656,2417.4263
13.407789,0.10723124,1.0460651,-0.10925037,0.42868719,683.3452,15.52153,2403.6892
13.780908,0.22827846,1.0033449,0.006307565,0.42702466,671.058,15.80658,2416.6462
13.901952,0.5894313,0.5709925,-0.16382606,0.43432096,685.3509,7.1376038,2438.3787
13.39525,0.39335674,0.84458405,-0.071582615,0.43061912,675.626,8.153702,2427.2505
13.102451,0.35815567,1.0157663,-0.07322367,0.42876294,675.5814,14.01915,2420.05
12.913775,0.45733127,1.1521764,-0.11077533,0.4278234,681.64886,-0.44345093,2427.4834
13.2060795,0.47063497,1.1022832,-0.12260101,0.42876753,684.1515,-3.898056,2431.4253
13.133197,0.46785945,1.4011601,-0.13082363,0.42413026,692.79456,0.27630615,2439.6838
13.528285,0.42962936,1.5102565,-0.10588258,0.42126542,688.20416,2.035263,2436.766
13.734691,0.39513797,1.5006936,-0.13888396,0.42214185,683.0846,2.0568848,2431.4197
14.001216,0.4153424,1.4213903,-0.08692881,0.42267576,678.4686,2.281952,2431.413
14.201972,0.22726826,1.5066051,-0.0893466,0.42038205,680.67566,17.926865,2412.365
14.64114,0.31918848,1.2860293,-0.054266557,0.42428696,670.95123,-2.9729614,2408.4756
14.911631,0.1399222,1.3972534,0.08409644,0.41832966,651.97766,-13.75267,2396.455
15.192892,0.21989731,1.1929859,-0.037716575,0.42525205,665.8014,0.4930725,2401.3247
15.460364,0.35475895,1.1266407,-0.156614,0.42905065,682.3855,5.6121826,2414.3787
